1717
1614
1619
1618
1629
1622
1624
1616
1648
1627
1624
1633
1617
1623
1613
1621
1615
1623
1615
1622
1615
1626
1621
1620
1610
1627
1616
1616
1623
1626
1611
1616
1620
1613
1616
1617
1614
1615
1615
1621
1622
1611
1613
1612
1669
1649
1608
1593
1609
1602
1601
1609
1608
1600
1601
1626
1611
1602
1603
1606
1598
1594
1597
1597
1608
1606
1616
1604
1614
1606
1612
1612
1606
1603
1615
1602
1607
1619
1610
1609
1611
1610
1611
1609
1608
1612
1655
1608
1613
1615
1608
1610
1613
1609
1610
1606
1622
1610
1608
1605
1609
1606
1611
1603
1611
1609
1604
1599
1611
1602
1605
1593
1596
1611
1602
1611
1611
1601
1596
1601
1602
1603
1594
1600
1593
1596
1589
1596
1606
1613
1620
1610
1602
1621
1607
1616
1611
1607
1603
1610
1611
1610
1614
1620
1602
1618
1606
1612
1612
1604
1614
1612
1614
1615
1606
1610
1604
1607
1607
1617
1612
1618
1611
1610
1615
1607
1610
1603
1610
1605
1618
1609
1613
1605
1605
1592
1611
1597
1599
1622
1604
1597
1613
1601
1599
1603
1605
1593
1601
1607
1596
1595
1661
1614
1617
1623
1610
1611
1612
1616
1607
1611
1619
1604
1608
1602
1614
1680
1611
1606
1646
1602
1609
1605
1608
1608
1617
1609
1611
1609
1610
1609
1608
1606
1607
1621
1615
1614
1610
1613
1606
1606
1608
1614
1605
1607
1606
1608
1613
1589
1600
1602
1598
1601
1603
1602
1601
1604
1605
1599
1609
1600
1590
1593
1593
1593
