363
340
339
344
349
378
380
384
390
436
387
261
265
270
232
244
238
222
225
219
218
218
225
220
221
229
249
231
233
224
231
226
233
237
262
228
225
235
253
222
232
221
220
224
238
238
231
225
224
228
230
228
229
231
228
222
224
239
234
236
248
302
262
260
246
267
254
252
250
233
224
222
223
222
224
224
224
224
225
224
221
225
222
223
224
226
224
224
234
228
229
225
232
234
239
231
230
225
228
224
238
222
223
220
222
222
220
221
216
229
330
334
338
343
342
356
370
381
381
380
397
409
255
244
223
226
226
239
230
226
225
230
230
237
224
226
223
230
236
230
225
223
222
222
226
221
221
227
256
229
221
223
235
246
254
273
227
224
237
223
226
229
224
235
225
225
225
224
222
226
223
224
224
235
244
243
241
231
239
293
307
278
256
281
261
224
222
238
242
238
228
232
325
244
228
295
286
269
260
241
232
227
249
228
226
239
264
247
223
270
266
291
235
230
259
230
233
224
239
227
226
229
223
225
228
228
252
256
257
254
257
250
255
267
238
230
221
222
220
222
222
230
226
225
225
225
224
231
223
224
225
225
223
226
224
223
