34
21
19
20
21
20
20
20
20
21
21
20
21
20
20
20
20
20
19
20
19
19
19
22
21
18
21
20
19
20
21
20
24
16
16
13
13
12
13
12
13
13
14
12
12
13
13
13
14
13
13
13
12
13
12
13
13
13
12
13
14
13
13
14
13
13
12
13
12
13
13
12
14
14
15
14
13
12
13
13
13
13
12
14
13
13
14
14
15
13
13
13
13
14
12
13
13
13
13
13
13
12
13
13
12
13
13
14
12
13
14
12
12
13
12
13
13
13
12
13
13
13
13
12
13
13
13
14
13
12
13
13
13
12
13
14
14
13
13
13
12
13
13
13
13
12
14
12
13
14
14
13
13
12
13
12
13
12
13
13
13
13
12
12
13
12
14
13
13
13
13
14
13
14
13
13
13
13
13
13
14
13
12
13
13
12
13
13
12
12
14
14
13
13
13
13
13
12
12
14
13
13
12
13
13
13
13
12
13
12
13
13
13
14
12
13
13
14
13
12
13
14
13
13
13
12
13
13
13
13
13
14
13
14
15
14
13
12
13
13
13
14
13
13
13
12
12
13
12
12
13
14
13
12
13
13
