3298
3225
3214
3215
3218
3211
3216
3212
3212
3211
3208
3201
3216
3216
3213
3219
3202
3211
3218
3213
3209
3213
3213
3221
3221
3219
3226
3218
3214
3228
3216
3308
3217
3221
3218
3226
3217
3212
3218
3224
3218
3216
3204
3426
3322
3219
3247
3188
3193
3205
3315
3208
3261
3186
3201
3205
3181
3207
3189
3185
3182
3183
3206
3187
3226
3225
3226
3217
3205
3222
3205
3216
3218
3208
3247
3204
3230
3218
3222
3232
3275
3214
3219
3238
3238
3221
3249
3227
3235
3225
3325
3218
3325
3227
3233
3251
3251
3256
3208
3213
3217
3261
3210
3228
3208
3212
3288
3215
3221
3210
3199
3177
3172
3176
3189
3185
3191
3180
3187
3177
3182
3189
3182
3281
3178
3192
3193
3185
3222
3262
3228
3231
3230
3214
3209
3226
3220
3218
3225
3214
3218
3220
3215
3224
3259
3215
3223
3252
3352
3216
3212
3215
3228
3212
3224
3227
3217
3220
3216
3218
3220
3216
3230
3230
3229
3228
3229
3232
3226
3233
3214
3232
3226
3223
3214
3186
3189
3192
3192
3205
3216
3192
3193
3202
3201
3186
3199
3198
3191
3201
3189
3199
3221
3225
3236
3220
3217
3247
3250
3242
3250
3223
3234
3224
3219
3220
3213
3222
3212
3214
3212
3222
3218
3214
3220
3222
3220
3310
3351
3234
3247
3226
3234
3225
3232
3232
3245
3228
3221
3216
3212
3221
3209
3212
3224
3215
3222
3205
3202
3174
3177
3187
3178
3176
3201
3318
3175
3217
3187
3190
3197
3203
3180
3186
3191
3198
