41
35
25
26
26
26
26
25
26
25
25
27
32
28
28
25
26
26
26
26
26
26
32
25
25
26
27
26
26
25
25
26
26
25
25
26
26
26
26
26
26
26
26
25
26
25
26
26
25
26
26
24
25
26
25
24
26
27
25
25
25
25
26
25
25
25
26
26
25
25
25
26
25
26
25
25
26
25
26
26
26
27
26
26
26
25
26
26
26
26
26
25
25
25
25
25
26
26
25
26
27
25
25
25
25
26
25
25
25
26
25
24
25
25
24
26
24
25
27
24
26
26
26
26
26
28
26
26
27
27
26
25
26
25
25
24
25
27
26
26
25
26
26
27
27
26
25
25
25
25
26
25
26
26
26
26
25
25
25
25
26
25
25
25
26
27
25
26
25
26
26
26
26
25
26
27
27
25
25
25
24
26
25
25
25
25
25
25
26
26
26
25
25
25
25
25
25
24
25
25
26
26
26
26
25
26
26
26
26
26
26
26
26
26
28
26
26
26
26
25
26
25
26
26
27
27
26
26
25
26
25
27
26
26
25
26
25
26
26
25
25
25
25
25
25
26
25
26
25
24
25
26
26
25
26
25
