624
602
413
404
405
408
403
402
406
401
402
404
403
403
404
403
400
404
402
402
403
403
400
402
401
402
402
402
405
403
407
402
405
401
402
418
408
409
403
404
401
403
403
405
400
401
402
396
398
399
402
398
401
400
406
400
397
398
403
402
397
408
402
410
404
403
407
410
401
401
400
400
403
407
406
406
401
409
401
401
403
404
409
412
410
404
402
405
404
403
402
401
402
406
405
403
402
403
404
403
402
403
403
402
402
404
403
408
404
400
399
435
424
410
403
398
399
400
398
399
402
400
398
421
404
400
405
403
405
402
403
403
404
405
404
401
408
403
402
402
402
402
403
402
406
405
401
404
405
401
403
405
406
402
401
405
402
403
404
404
402
407
401
402
402
404
403
402
401
404
405
404
401
401
402
403
397
400
400
400
399
402
402
402
398
399
399
400
399
404
402
400
405
403
403
406
401
403
404
402
402
402
403
403
404
401
401
402
402
404
402
403
403
404
405
402
402
402
401
402
403
420
405
402
402
402
401
401
403
409
402
404
405
403
404
404
410
406
402
398
398
397
400
401
400
399
405
403
399
399
400
399
402
398
400
399
