53
51
51
50
50
52
51
50
50
51
50
52
51
51
51
53
55
51
69
51
51
51
51
51
51
53
51
51
52
50
51
52
51
52
50
51
51
51
51
51
51
50
51
50
52
50
50
51
51
51
52
51
50
50
50
51
50
51
51
52
52
50
50
51
50
50
50
50
51
51
50
51
52
51
51
52
51
51
50
49
50
50
51
51
50
51
51
50
51
51
51
50
51
51
51
49
51
52
51
51
52
50
52
50
51
51
51
51
52
50
50
50
52
51
51
51
53
51
51
50
52
52
50
51
50
50
51
50
52
51
50
51
51
51
50
50
52
51
51
51
52
50
52
50
51
51
51
50
51
50
51
51
50
50
51
51
51
50
50
51
51
51
51
50
51
50
52
50
50
51
50
51
51
50
50
51
50
50
50
51
51
50
50
51
51
50
51
51
50
50
53
50
51
51
50
51
51
50
52
51
51
50
51
51
51
50
51
51
51
50
51
50
50
50
51
50
51
51
51
50
50
50
51
51
51
50
51
51
51
50
50
51
51
51
51
50
50
50
51
50
50
51
51
50
51
51
51
50
51
50
51
50
50
50
51
50
