1194
801
805
805
801
807
803
836
804
812
807
808
808
814
803
803
808
807
803
805
804
803
810
808
809
804
805
803
810
808
804
807
809
804
811
808
814
811
805
803
804
806
807
804
805
807
806
796
804
802
802
801
806
799
799
802
800
811
810
802
795
797
798
799
808
809
808
807
808
802
806
812
805
805
812
807
802
803
807
809
808
811
804
810
804
802
807
810
806
805
807
807
806
806
806
807
803
805
812
805
809
809
808
813
819
812
808
804
806
813
817
801
802
810
810
803
804
808
809
806
812
802
807
800
808
803
805
800
807
808
810
804
806
812
806
809
808
813
804
805
812
809
809
811
805
807
825
809
808
809
808
806
806
811
808
809
806
806
808
814
806
812
807
807
813
820
806
849
810
809
814
806
810
804
808
798
808
801
806
806
807
805
803
802
807
821
807
802
804
800
798
800
819
808
806
828
825
810
808
807
806
810
811
806
834
808
805
810
807
808
806
811
818
844
806
804
809
811
807
802
808
803
808
813
810
814
848
1034
969
822
807
814
810
808
809
811
822
804
814
799
804
854
808
808
801
803
808
809
803
804
807
800
806
796
807
852
