104
102
100
102
101
102
102
101
106
115
102
102
102
101
102
100
102
100
102
104
103
102
103
101
102
101
101
101
102
103
101
102
101
102
102
102
101
102
101
102
109
116
110
108
112
111
108
105
109
104
110
110
106
103
108
108
109
112
106
108
107
103
102
104
102
107
108
103
105
106
101
106
117
108
109
105
104
103
106
107
104
103
102
108
111
103
112
103
113
104
104
104
102
104
104
115
113
108
121
128
106
110
102
104
105
104
110
106
104
104
103
105
104
106
104
106
104
101
113
113
114
110
105
100
120
114
112
118
102
103
106
105
105
103
102
106
106
106
106
104
105
103
104
117
111
100
103
103
111
112
114
113
113
102
105
109
107
108
105
104
103
104
104
101
105
105
101
106
103
104
102
105
107
104
112
111
102
103
120
104
103
122
113
111
105
103
107
113
109
103
103
102
101
100
103
101
100
101
102
103
104
101
102
103
105
102
103
102
109
119
115
103
104
104
103
102
104
108
121
109
115
111
113
107
104
103
108
109
108
102
102
103
101
102
112
108
111
109
111
110
105
113
111
113
106
107
105
104
102
104
101
102
104
108
105
106
