//
// Generated by NVIDIA NVVM Compiler
// Compiler built on Tue May 15 08:50:53 2012 (1337064653)
// Driver 
//

.version 3.0
.target sm_11, texmode_independent
.address_size 32

.visible .const .align 4 .u32 timestamp = 1346798410;
.visible .const .align 4 .b8 Te0[1024] = {165, 99, 99, 198, 132, 124, 124, 248, 153, 119, 119, 238, 141, 123, 123, 246, 13, 242, 242, 255, 189, 107, 107, 214, 177, 111, 111, 222, 84, 197, 197, 145, 80, 48, 48, 96, 3, 1, 1, 2, 169, 103, 103, 206, 125, 43, 43, 86, 25, 254, 254, 231, 98, 215, 215, 181, 230, 171, 171, 77, 154, 118, 118, 236, 69, 202, 202, 143, 157, 130, 130, 31, 64, 201, 201, 137, 135, 125, 125, 250, 21, 250, 250, 239, 235, 89, 89, 178, 201, 71, 71, 142, 11, 240, 240, 251, 236, 173, 173, 65, 103, 212, 212, 179, 253, 162, 162, 95, 234, 175, 175, 69, 191, 156, 156, 35, 247, 164, 164, 83, 150, 114, 114, 228, 91, 192, 192, 155, 194, 183, 183, 117, 28, 253, 253, 225, 174, 147, 147, 61, 106, 38, 38, 76, 90, 54, 54, 108, 65, 63, 63, 126, 2, 247, 247, 245, 79, 204, 204, 131, 92, 52, 52, 104, 244, 165, 165, 81, 52, 229, 229, 209, 8, 241, 241, 249, 147, 113, 113, 226, 115, 216, 216, 171, 83, 49, 49, 98, 63, 21, 21, 42, 12, 4, 4, 8, 82, 199, 199, 149, 101, 35, 35, 70, 94, 195, 195, 157, 40, 24, 24, 48, 161, 150, 150, 55, 15, 5, 5, 10, 181, 154, 154, 47, 9, 7, 7, 14, 54, 18, 18, 36, 155, 128, 128, 27, 61, 226, 226, 223, 38, 235, 235, 205, 105, 39, 39, 78, 205, 178, 178, 127, 159, 117, 117, 234, 27, 9, 9, 18, 158, 131, 131, 29, 116, 44, 44, 88, 46, 26, 26, 52, 45, 27, 27, 54, 178, 110, 110, 220, 238, 90, 90, 180, 251, 160, 160, 91, 246, 82, 82, 164, 77, 59, 59, 118, 97, 214, 214, 183, 206, 179, 179, 125, 123, 41, 41, 82, 62, 227, 227, 221, 113, 47, 47, 94, 151, 132, 132, 19, 245, 83, 83, 166, 104, 209, 209, 185, 0, 0, 0, 0, 44, 237, 237, 193, 96, 32, 32, 64, 31, 252, 252, 227, 200, 177, 177, 121, 237, 91, 91, 182, 190, 106, 106, 212, 70, 203, 203, 141, 217, 190, 190, 103, 75, 57, 57, 114, 222, 74, 74, 148, 212, 76, 76, 152, 232, 88, 88, 176, 74, 207, 207, 133, 107, 208, 208, 187, 42, 239, 239, 197, 229, 170, 170, 79, 22, 251, 251, 237, 197, 67, 67, 134, 215, 77, 77, 154, 85, 51, 51, 102, 148, 133, 133, 17, 207, 69, 69, 138, 16, 249, 249, 233, 6, 2, 2, 4, 129, 127, 127, 254, 240, 80, 80, 160, 68, 60, 60, 120, 186, 159, 159, 37, 227, 168, 168, 75, 243, 81, 81, 162, 254, 163, 163, 93, 192, 64, 64, 128, 138, 143, 143, 5, 173, 146, 146, 63, 188, 157, 157, 33, 72, 56, 56, 112, 4, 245, 245, 241, 223, 188, 188, 99, 193, 182, 182, 119, 117, 218, 218, 175, 99, 33, 33, 66, 48, 16, 16, 32, 26, 255, 255, 229, 14, 243, 243, 253, 109, 210, 210, 191, 76, 205, 205, 129, 20, 12, 12, 24, 53, 19, 19, 38, 47, 236, 236, 195, 225, 95, 95, 190, 162, 151, 151, 53, 204, 68, 68, 136, 57, 23, 23, 46, 87, 196, 196, 147, 242, 167, 167, 85, 130, 126, 126, 252, 71, 61, 61, 122, 172, 100, 100, 200, 231, 93, 93, 186, 43, 25, 25, 50, 149, 115, 115, 230, 160, 96, 96, 192, 152, 129, 129, 25, 209, 79, 79, 158, 127, 220, 220, 163, 102, 34, 34, 68, 126, 42, 42, 84, 171, 144, 144, 59, 131, 136, 136, 11, 202, 70, 70, 140, 41, 238, 238, 199, 211, 184, 184, 107, 60, 20, 20, 40, 121, 222, 222, 167, 226, 94, 94, 188, 29, 11, 11, 22, 118, 219, 219, 173, 59, 224, 224, 219, 86, 50, 50, 100, 78, 58, 58, 116, 30, 10, 10, 20, 219, 73, 73, 146, 10, 6, 6, 12, 108, 36, 36, 72, 228, 92, 92, 184, 93, 194, 194, 159, 110, 211, 211, 189, 239, 172, 172, 67, 166, 98, 98, 196, 168, 145, 145, 57, 164, 149, 149, 49, 55, 228, 228, 211, 139, 121, 121, 242, 50, 231, 231, 213, 67, 200, 200, 139, 89, 55, 55, 110, 183, 109, 109, 218, 140, 141, 141, 1, 100, 213, 213, 177, 210, 78, 78, 156, 224, 169, 169, 73, 180, 108, 108, 216, 250, 86, 86, 172, 7, 244, 244, 243, 37, 234, 234, 207, 175, 101, 101, 202, 142, 122, 122, 244, 233, 174, 174, 71, 24, 8, 8, 16, 213, 186, 186, 111, 136, 120, 120, 240, 111, 37, 37, 74, 114, 46, 46, 92, 36, 28, 28, 56, 241, 166, 166, 87, 199, 180, 180, 115, 81, 198, 198, 151, 35, 232, 232, 203, 124, 221, 221, 161, 156, 116, 116, 232, 33, 31, 31, 62, 221, 75, 75, 150, 220, 189, 189, 97, 134, 139, 139, 13, 133, 138, 138, 15, 144, 112, 112, 224, 66, 62, 62, 124, 196, 181, 181, 113, 170, 102, 102, 204, 216, 72, 72, 144, 5, 3, 3, 6, 1, 246, 246, 247, 18, 14, 14, 28, 163, 97, 97, 194, 95, 53, 53, 106, 249, 87, 87, 174, 208, 185, 185, 105, 145, 134, 134, 23, 88, 193, 193, 153, 39, 29, 29, 58, 185, 158, 158, 39, 56, 225, 225, 217, 19, 248, 248, 235, 179, 152, 152, 43, 51, 17, 17, 34, 187, 105, 105, 210, 112, 217, 217, 169, 137, 142, 142, 7, 167, 148, 148, 51, 182, 155, 155, 45, 34, 30, 30, 60, 146, 135, 135, 21, 32, 233, 233, 201, 73, 206, 206, 135, 255, 85, 85, 170, 120, 40, 40, 80, 122, 223, 223, 165, 143, 140, 140, 3, 248, 161, 161, 89, 128, 137, 137, 9, 23, 13, 13, 26, 218, 191, 191, 101, 49, 230, 230, 215, 198, 66, 66, 132, 184, 104, 104, 208, 195, 65, 65, 130, 176, 153, 153, 41, 119, 45, 45, 90, 17, 15, 15, 30, 203, 176, 176, 123, 252, 84, 84, 168, 214, 187, 187, 109, 58, 22, 22, 44};
.visible .const .align 4 .b8 Te1[1024] = {99, 99, 198, 165, 124, 124, 248, 132, 119, 119, 238, 153, 123, 123, 246, 141, 242, 242, 255, 13, 107, 107, 214, 189, 111, 111, 222, 177, 197, 197, 145, 84, 48, 48, 96, 80, 1, 1, 2, 3, 103, 103, 206, 169, 43, 43, 86, 125, 254, 254, 231, 25, 215, 215, 181, 98, 171, 171, 77, 230, 118, 118, 236, 154, 202, 202, 143, 69, 130, 130, 31, 157, 201, 201, 137, 64, 125, 125, 250, 135, 250, 250, 239, 21, 89, 89, 178, 235, 71, 71, 142, 201, 240, 240, 251, 11, 173, 173, 65, 236, 212, 212, 179, 103, 162, 162, 95, 253, 175, 175, 69, 234, 156, 156, 35, 191, 164, 164, 83, 247, 114, 114, 228, 150, 192, 192, 155, 91, 183, 183, 117, 194, 253, 253, 225, 28, 147, 147, 61, 174, 38, 38, 76, 106, 54, 54, 108, 90, 63, 63, 126, 65, 247, 247, 245, 2, 204, 204, 131, 79, 52, 52, 104, 92, 165, 165, 81, 244, 229, 229, 209, 52, 241, 241, 249, 8, 113, 113, 226, 147, 216, 216, 171, 115, 49, 49, 98, 83, 21, 21, 42, 63, 4, 4, 8, 12, 199, 199, 149, 82, 35, 35, 70, 101, 195, 195, 157, 94, 24, 24, 48, 40, 150, 150, 55, 161, 5, 5, 10, 15, 154, 154, 47, 181, 7, 7, 14, 9, 18, 18, 36, 54, 128, 128, 27, 155, 226, 226, 223, 61, 235, 235, 205, 38, 39, 39, 78, 105, 178, 178, 127, 205, 117, 117, 234, 159, 9, 9, 18, 27, 131, 131, 29, 158, 44, 44, 88, 116, 26, 26, 52, 46, 27, 27, 54, 45, 110, 110, 220, 178, 90, 90, 180, 238, 160, 160, 91, 251, 82, 82, 164, 246, 59, 59, 118, 77, 214, 214, 183, 97, 179, 179, 125, 206, 41, 41, 82, 123, 227, 227, 221, 62, 47, 47, 94, 113, 132, 132, 19, 151, 83, 83, 166, 245, 209, 209, 185, 104, 0, 0, 0, 0, 237, 237, 193, 44, 32, 32, 64, 96, 252, 252, 227, 31, 177, 177, 121, 200, 91, 91, 182, 237, 106, 106, 212, 190, 203, 203, 141, 70, 190, 190, 103, 217, 57, 57, 114, 75, 74, 74, 148, 222, 76, 76, 152, 212, 88, 88, 176, 232, 207, 207, 133, 74, 208, 208, 187, 107, 239, 239, 197, 42, 170, 170, 79, 229, 251, 251, 237, 22, 67, 67, 134, 197, 77, 77, 154, 215, 51, 51, 102, 85, 133, 133, 17, 148, 69, 69, 138, 207, 249, 249, 233, 16, 2, 2, 4, 6, 127, 127, 254, 129, 80, 80, 160, 240, 60, 60, 120, 68, 159, 159, 37, 186, 168, 168, 75, 227, 81, 81, 162, 243, 163, 163, 93, 254, 64, 64, 128, 192, 143, 143, 5, 138, 146, 146, 63, 173, 157, 157, 33, 188, 56, 56, 112, 72, 245, 245, 241, 4, 188, 188, 99, 223, 182, 182, 119, 193, 218, 218, 175, 117, 33, 33, 66, 99, 16, 16, 32, 48, 255, 255, 229, 26, 243, 243, 253, 14, 210, 210, 191, 109, 205, 205, 129, 76, 12, 12, 24, 20, 19, 19, 38, 53, 236, 236, 195, 47, 95, 95, 190, 225, 151, 151, 53, 162, 68, 68, 136, 204, 23, 23, 46, 57, 196, 196, 147, 87, 167, 167, 85, 242, 126, 126, 252, 130, 61, 61, 122, 71, 100, 100, 200, 172, 93, 93, 186, 231, 25, 25, 50, 43, 115, 115, 230, 149, 96, 96, 192, 160, 129, 129, 25, 152, 79, 79, 158, 209, 220, 220, 163, 127, 34, 34, 68, 102, 42, 42, 84, 126, 144, 144, 59, 171, 136, 136, 11, 131, 70, 70, 140, 202, 238, 238, 199, 41, 184, 184, 107, 211, 20, 20, 40, 60, 222, 222, 167, 121, 94, 94, 188, 226, 11, 11, 22, 29, 219, 219, 173, 118, 224, 224, 219, 59, 50, 50, 100, 86, 58, 58, 116, 78, 10, 10, 20, 30, 73, 73, 146, 219, 6, 6, 12, 10, 36, 36, 72, 108, 92, 92, 184, 228, 194, 194, 159, 93, 211, 211, 189, 110, 172, 172, 67, 239, 98, 98, 196, 166, 145, 145, 57, 168, 149, 149, 49, 164, 228, 228, 211, 55, 121, 121, 242, 139, 231, 231, 213, 50, 200, 200, 139, 67, 55, 55, 110, 89, 109, 109, 218, 183, 141, 141, 1, 140, 213, 213, 177, 100, 78, 78, 156, 210, 169, 169, 73, 224, 108, 108, 216, 180, 86, 86, 172, 250, 244, 244, 243, 7, 234, 234, 207, 37, 101, 101, 202, 175, 122, 122, 244, 142, 174, 174, 71, 233, 8, 8, 16, 24, 186, 186, 111, 213, 120, 120, 240, 136, 37, 37, 74, 111, 46, 46, 92, 114, 28, 28, 56, 36, 166, 166, 87, 241, 180, 180, 115, 199, 198, 198, 151, 81, 232, 232, 203, 35, 221, 221, 161, 124, 116, 116, 232, 156, 31, 31, 62, 33, 75, 75, 150, 221, 189, 189, 97, 220, 139, 139, 13, 134, 138, 138, 15, 133, 112, 112, 224, 144, 62, 62, 124, 66, 181, 181, 113, 196, 102, 102, 204, 170, 72, 72, 144, 216, 3, 3, 6, 5, 246, 246, 247, 1, 14, 14, 28, 18, 97, 97, 194, 163, 53, 53, 106, 95, 87, 87, 174, 249, 185, 185, 105, 208, 134, 134, 23, 145, 193, 193, 153, 88, 29, 29, 58, 39, 158, 158, 39, 185, 225, 225, 217, 56, 248, 248, 235, 19, 152, 152, 43, 179, 17, 17, 34, 51, 105, 105, 210, 187, 217, 217, 169, 112, 142, 142, 7, 137, 148, 148, 51, 167, 155, 155, 45, 182, 30, 30, 60, 34, 135, 135, 21, 146, 233, 233, 201, 32, 206, 206, 135, 73, 85, 85, 170, 255, 40, 40, 80, 120, 223, 223, 165, 122, 140, 140, 3, 143, 161, 161, 89, 248, 137, 137, 9, 128, 13, 13, 26, 23, 191, 191, 101, 218, 230, 230, 215, 49, 66, 66, 132, 198, 104, 104, 208, 184, 65, 65, 130, 195, 153, 153, 41, 176, 45, 45, 90, 119, 15, 15, 30, 17, 176, 176, 123, 203, 84, 84, 168, 252, 187, 187, 109, 214, 22, 22, 44, 58};
.visible .const .align 4 .b8 Te2[1024] = {99, 198, 165, 99, 124, 248, 132, 124, 119, 238, 153, 119, 123, 246, 141, 123, 242, 255, 13, 242, 107, 214, 189, 107, 111, 222, 177, 111, 197, 145, 84, 197, 48, 96, 80, 48, 1, 2, 3, 1, 103, 206, 169, 103, 43, 86, 125, 43, 254, 231, 25, 254, 215, 181, 98, 215, 171, 77, 230, 171, 118, 236, 154, 118, 202, 143, 69, 202, 130, 31, 157, 130, 201, 137, 64, 201, 125, 250, 135, 125, 250, 239, 21, 250, 89, 178, 235, 89, 71, 142, 201, 71, 240, 251, 11, 240, 173, 65, 236, 173, 212, 179, 103, 212, 162, 95, 253, 162, 175, 69, 234, 175, 156, 35, 191, 156, 164, 83, 247, 164, 114, 228, 150, 114, 192, 155, 91, 192, 183, 117, 194, 183, 253, 225, 28, 253, 147, 61, 174, 147, 38, 76, 106, 38, 54, 108, 90, 54, 63, 126, 65, 63, 247, 245, 2, 247, 204, 131, 79, 204, 52, 104, 92, 52, 165, 81, 244, 165, 229, 209, 52, 229, 241, 249, 8, 241, 113, 226, 147, 113, 216, 171, 115, 216, 49, 98, 83, 49, 21, 42, 63, 21, 4, 8, 12, 4, 199, 149, 82, 199, 35, 70, 101, 35, 195, 157, 94, 195, 24, 48, 40, 24, 150, 55, 161, 150, 5, 10, 15, 5, 154, 47, 181, 154, 7, 14, 9, 7, 18, 36, 54, 18, 128, 27, 155, 128, 226, 223, 61, 226, 235, 205, 38, 235, 39, 78, 105, 39, 178, 127, 205, 178, 117, 234, 159, 117, 9, 18, 27, 9, 131, 29, 158, 131, 44, 88, 116, 44, 26, 52, 46, 26, 27, 54, 45, 27, 110, 220, 178, 110, 90, 180, 238, 90, 160, 91, 251, 160, 82, 164, 246, 82, 59, 118, 77, 59, 214, 183, 97, 214, 179, 125, 206, 179, 41, 82, 123, 41, 227, 221, 62, 227, 47, 94, 113, 47, 132, 19, 151, 132, 83, 166, 245, 83, 209, 185, 104, 209, 0, 0, 0, 0, 237, 193, 44, 237, 32, 64, 96, 32, 252, 227, 31, 252, 177, 121, 200, 177, 91, 182, 237, 91, 106, 212, 190, 106, 203, 141, 70, 203, 190, 103, 217, 190, 57, 114, 75, 57, 74, 148, 222, 74, 76, 152, 212, 76, 88, 176, 232, 88, 207, 133, 74, 207, 208, 187, 107, 208, 239, 197, 42, 239, 170, 79, 229, 170, 251, 237, 22, 251, 67, 134, 197, 67, 77, 154, 215, 77, 51, 102, 85, 51, 133, 17, 148, 133, 69, 138, 207, 69, 249, 233, 16, 249, 2, 4, 6, 2, 127, 254, 129, 127, 80, 160, 240, 80, 60, 120, 68, 60, 159, 37, 186, 159, 168, 75, 227, 168, 81, 162, 243, 81, 163, 93, 254, 163, 64, 128, 192, 64, 143, 5, 138, 143, 146, 63, 173, 146, 157, 33, 188, 157, 56, 112, 72, 56, 245, 241, 4, 245, 188, 99, 223, 188, 182, 119, 193, 182, 218, 175, 117, 218, 33, 66, 99, 33, 16, 32, 48, 16, 255, 229, 26, 255, 243, 253, 14, 243, 210, 191, 109, 210, 205, 129, 76, 205, 12, 24, 20, 12, 19, 38, 53, 19, 236, 195, 47, 236, 95, 190, 225, 95, 151, 53, 162, 151, 68, 136, 204, 68, 23, 46, 57, 23, 196, 147, 87, 196, 167, 85, 242, 167, 126, 252, 130, 126, 61, 122, 71, 61, 100, 200, 172, 100, 93, 186, 231, 93, 25, 50, 43, 25, 115, 230, 149, 115, 96, 192, 160, 96, 129, 25, 152, 129, 79, 158, 209, 79, 220, 163, 127, 220, 34, 68, 102, 34, 42, 84, 126, 42, 144, 59, 171, 144, 136, 11, 131, 136, 70, 140, 202, 70, 238, 199, 41, 238, 184, 107, 211, 184, 20, 40, 60, 20, 222, 167, 121, 222, 94, 188, 226, 94, 11, 22, 29, 11, 219, 173, 118, 219, 224, 219, 59, 224, 50, 100, 86, 50, 58, 116, 78, 58, 10, 20, 30, 10, 73, 146, 219, 73, 6, 12, 10, 6, 36, 72, 108, 36, 92, 184, 228, 92, 194, 159, 93, 194, 211, 189, 110, 211, 172, 67, 239, 172, 98, 196, 166, 98, 145, 57, 168, 145, 149, 49, 164, 149, 228, 211, 55, 228, 121, 242, 139, 121, 231, 213, 50, 231, 200, 139, 67, 200, 55, 110, 89, 55, 109, 218, 183, 109, 141, 1, 140, 141, 213, 177, 100, 213, 78, 156, 210, 78, 169, 73, 224, 169, 108, 216, 180, 108, 86, 172, 250, 86, 244, 243, 7, 244, 234, 207, 37, 234, 101, 202, 175, 101, 122, 244, 142, 122, 174, 71, 233, 174, 8, 16, 24, 8, 186, 111, 213, 186, 120, 240, 136, 120, 37, 74, 111, 37, 46, 92, 114, 46, 28, 56, 36, 28, 166, 87, 241, 166, 180, 115, 199, 180, 198, 151, 81, 198, 232, 203, 35, 232, 221, 161, 124, 221, 116, 232, 156, 116, 31, 62, 33, 31, 75, 150, 221, 75, 189, 97, 220, 189, 139, 13, 134, 139, 138, 15, 133, 138, 112, 224, 144, 112, 62, 124, 66, 62, 181, 113, 196, 181, 102, 204, 170, 102, 72, 144, 216, 72, 3, 6, 5, 3, 246, 247, 1, 246, 14, 28, 18, 14, 97, 194, 163, 97, 53, 106, 95, 53, 87, 174, 249, 87, 185, 105, 208, 185, 134, 23, 145, 134, 193, 153, 88, 193, 29, 58, 39, 29, 158, 39, 185, 158, 225, 217, 56, 225, 248, 235, 19, 248, 152, 43, 179, 152, 17, 34, 51, 17, 105, 210, 187, 105, 217, 169, 112, 217, 142, 7, 137, 142, 148, 51, 167, 148, 155, 45, 182, 155, 30, 60, 34, 30, 135, 21, 146, 135, 233, 201, 32, 233, 206, 135, 73, 206, 85, 170, 255, 85, 40, 80, 120, 40, 223, 165, 122, 223, 140, 3, 143, 140, 161, 89, 248, 161, 137, 9, 128, 137, 13, 26, 23, 13, 191, 101, 218, 191, 230, 215, 49, 230, 66, 132, 198, 66, 104, 208, 184, 104, 65, 130, 195, 65, 153, 41, 176, 153, 45, 90, 119, 45, 15, 30, 17, 15, 176, 123, 203, 176, 84, 168, 252, 84, 187, 109, 214, 187, 22, 44, 58, 22};
.visible .const .align 4 .b8 Te3[1024] = {198, 165, 99, 99, 248, 132, 124, 124, 238, 153, 119, 119, 246, 141, 123, 123, 255, 13, 242, 242, 214, 189, 107, 107, 222, 177, 111, 111, 145, 84, 197, 197, 96, 80, 48, 48, 2, 3, 1, 1, 206, 169, 103, 103, 86, 125, 43, 43, 231, 25, 254, 254, 181, 98, 215, 215, 77, 230, 171, 171, 236, 154, 118, 118, 143, 69, 202, 202, 31, 157, 130, 130, 137, 64, 201, 201, 250, 135, 125, 125, 239, 21, 250, 250, 178, 235, 89, 89, 142, 201, 71, 71, 251, 11, 240, 240, 65, 236, 173, 173, 179, 103, 212, 212, 95, 253, 162, 162, 69, 234, 175, 175, 35, 191, 156, 156, 83, 247, 164, 164, 228, 150, 114, 114, 155, 91, 192, 192, 117, 194, 183, 183, 225, 28, 253, 253, 61, 174, 147, 147, 76, 106, 38, 38, 108, 90, 54, 54, 126, 65, 63, 63, 245, 2, 247, 247, 131, 79, 204, 204, 104, 92, 52, 52, 81, 244, 165, 165, 209, 52, 229, 229, 249, 8, 241, 241, 226, 147, 113, 113, 171, 115, 216, 216, 98, 83, 49, 49, 42, 63, 21, 21, 8, 12, 4, 4, 149, 82, 199, 199, 70, 101, 35, 35, 157, 94, 195, 195, 48, 40, 24, 24, 55, 161, 150, 150, 10, 15, 5, 5, 47, 181, 154, 154, 14, 9, 7, 7, 36, 54, 18, 18, 27, 155, 128, 128, 223, 61, 226, 226, 205, 38, 235, 235, 78, 105, 39, 39, 127, 205, 178, 178, 234, 159, 117, 117, 18, 27, 9, 9, 29, 158, 131, 131, 88, 116, 44, 44, 52, 46, 26, 26, 54, 45, 27, 27, 220, 178, 110, 110, 180, 238, 90, 90, 91, 251, 160, 160, 164, 246, 82, 82, 118, 77, 59, 59, 183, 97, 214, 214, 125, 206, 179, 179, 82, 123, 41, 41, 221, 62, 227, 227, 94, 113, 47, 47, 19, 151, 132, 132, 166, 245, 83, 83, 185, 104, 209, 209, 0, 0, 0, 0, 193, 44, 237, 237, 64, 96, 32, 32, 227, 31, 252, 252, 121, 200, 177, 177, 182, 237, 91, 91, 212, 190, 106, 106, 141, 70, 203, 203, 103, 217, 190, 190, 114, 75, 57, 57, 148, 222, 74, 74, 152, 212, 76, 76, 176, 232, 88, 88, 133, 74, 207, 207, 187, 107, 208, 208, 197, 42, 239, 239, 79, 229, 170, 170, 237, 22, 251, 251, 134, 197, 67, 67, 154, 215, 77, 77, 102, 85, 51, 51, 17, 148, 133, 133, 138, 207, 69, 69, 233, 16, 249, 249, 4, 6, 2, 2, 254, 129, 127, 127, 160, 240, 80, 80, 120, 68, 60, 60, 37, 186, 159, 159, 75, 227, 168, 168, 162, 243, 81, 81, 93, 254, 163, 163, 128, 192, 64, 64, 5, 138, 143, 143, 63, 173, 146, 146, 33, 188, 157, 157, 112, 72, 56, 56, 241, 4, 245, 245, 99, 223, 188, 188, 119, 193, 182, 182, 175, 117, 218, 218, 66, 99, 33, 33, 32, 48, 16, 16, 229, 26, 255, 255, 253, 14, 243, 243, 191, 109, 210, 210, 129, 76, 205, 205, 24, 20, 12, 12, 38, 53, 19, 19, 195, 47, 236, 236, 190, 225, 95, 95, 53, 162, 151, 151, 136, 204, 68, 68, 46, 57, 23, 23, 147, 87, 196, 196, 85, 242, 167, 167, 252, 130, 126, 126, 122, 71, 61, 61, 200, 172, 100, 100, 186, 231, 93, 93, 50, 43, 25, 25, 230, 149, 115, 115, 192, 160, 96, 96, 25, 152, 129, 129, 158, 209, 79, 79, 163, 127, 220, 220, 68, 102, 34, 34, 84, 126, 42, 42, 59, 171, 144, 144, 11, 131, 136, 136, 140, 202, 70, 70, 199, 41, 238, 238, 107, 211, 184, 184, 40, 60, 20, 20, 167, 121, 222, 222, 188, 226, 94, 94, 22, 29, 11, 11, 173, 118, 219, 219, 219, 59, 224, 224, 100, 86, 50, 50, 116, 78, 58, 58, 20, 30, 10, 10, 146, 219, 73, 73, 12, 10, 6, 6, 72, 108, 36, 36, 184, 228, 92, 92, 159, 93, 194, 194, 189, 110, 211, 211, 67, 239, 172, 172, 196, 166, 98, 98, 57, 168, 145, 145, 49, 164, 149, 149, 211, 55, 228, 228, 242, 139, 121, 121, 213, 50, 231, 231, 139, 67, 200, 200, 110, 89, 55, 55, 218, 183, 109, 109, 1, 140, 141, 141, 177, 100, 213, 213, 156, 210, 78, 78, 73, 224, 169, 169, 216, 180, 108, 108, 172, 250, 86, 86, 243, 7, 244, 244, 207, 37, 234, 234, 202, 175, 101, 101, 244, 142, 122, 122, 71, 233, 174, 174, 16, 24, 8, 8, 111, 213, 186, 186, 240, 136, 120, 120, 74, 111, 37, 37, 92, 114, 46, 46, 56, 36, 28, 28, 87, 241, 166, 166, 115, 199, 180, 180, 151, 81, 198, 198, 203, 35, 232, 232, 161, 124, 221, 221, 232, 156, 116, 116, 62, 33, 31, 31, 150, 221, 75, 75, 97, 220, 189, 189, 13, 134, 139, 139, 15, 133, 138, 138, 224, 144, 112, 112, 124, 66, 62, 62, 113, 196, 181, 181, 204, 170, 102, 102, 144, 216, 72, 72, 6, 5, 3, 3, 247, 1, 246, 246, 28, 18, 14, 14, 194, 163, 97, 97, 106, 95, 53, 53, 174, 249, 87, 87, 105, 208, 185, 185, 23, 145, 134, 134, 153, 88, 193, 193, 58, 39, 29, 29, 39, 185, 158, 158, 217, 56, 225, 225, 235, 19, 248, 248, 43, 179, 152, 152, 34, 51, 17, 17, 210, 187, 105, 105, 169, 112, 217, 217, 7, 137, 142, 142, 51, 167, 148, 148, 45, 182, 155, 155, 60, 34, 30, 30, 21, 146, 135, 135, 201, 32, 233, 233, 135, 73, 206, 206, 170, 255, 85, 85, 80, 120, 40, 40, 165, 122, 223, 223, 3, 143, 140, 140, 89, 248, 161, 161, 9, 128, 137, 137, 26, 23, 13, 13, 101, 218, 191, 191, 215, 49, 230, 230, 132, 198, 66, 66, 208, 184, 104, 104, 130, 195, 65, 65, 41, 176, 153, 153, 90, 119, 45, 45, 30, 17, 15, 15, 123, 203, 176, 176, 168, 252, 84, 84, 109, 214, 187, 187, 44, 58, 22, 22};
.visible .const .align 4 .b8 Te4[1024] = {99, 99, 99, 99, 124, 124, 124, 124, 119, 119, 119, 119, 123, 123, 123, 123, 242, 242, 242, 242, 107, 107, 107, 107, 111, 111, 111, 111, 197, 197, 197, 197, 48, 48, 48, 48, 1, 1, 1, 1, 103, 103, 103, 103, 43, 43, 43, 43, 254, 254, 254, 254, 215, 215, 215, 215, 171, 171, 171, 171, 118, 118, 118, 118, 202, 202, 202, 202, 130, 130, 130, 130, 201, 201, 201, 201, 125, 125, 125, 125, 250, 250, 250, 250, 89, 89, 89, 89, 71, 71, 71, 71, 240, 240, 240, 240, 173, 173, 173, 173, 212, 212, 212, 212, 162, 162, 162, 162, 175, 175, 175, 175, 156, 156, 156, 156, 164, 164, 164, 164, 114, 114, 114, 114, 192, 192, 192, 192, 183, 183, 183, 183, 253, 253, 253, 253, 147, 147, 147, 147, 38, 38, 38, 38, 54, 54, 54, 54, 63, 63, 63, 63, 247, 247, 247, 247, 204, 204, 204, 204, 52, 52, 52, 52, 165, 165, 165, 165, 229, 229, 229, 229, 241, 241, 241, 241, 113, 113, 113, 113, 216, 216, 216, 216, 49, 49, 49, 49, 21, 21, 21, 21, 4, 4, 4, 4, 199, 199, 199, 199, 35, 35, 35, 35, 195, 195, 195, 195, 24, 24, 24, 24, 150, 150, 150, 150, 5, 5, 5, 5, 154, 154, 154, 154, 7, 7, 7, 7, 18, 18, 18, 18, 128, 128, 128, 128, 226, 226, 226, 226, 235, 235, 235, 235, 39, 39, 39, 39, 178, 178, 178, 178, 117, 117, 117, 117, 9, 9, 9, 9, 131, 131, 131, 131, 44, 44, 44, 44, 26, 26, 26, 26, 27, 27, 27, 27, 110, 110, 110, 110, 90, 90, 90, 90, 160, 160, 160, 160, 82, 82, 82, 82, 59, 59, 59, 59, 214, 214, 214, 214, 179, 179, 179, 179, 41, 41, 41, 41, 227, 227, 227, 227, 47, 47, 47, 47, 132, 132, 132, 132, 83, 83, 83, 83, 209, 209, 209, 209, 0, 0, 0, 0, 237, 237, 237, 237, 32, 32, 32, 32, 252, 252, 252, 252, 177, 177, 177, 177, 91, 91, 91, 91, 106, 106, 106, 106, 203, 203, 203, 203, 190, 190, 190, 190, 57, 57, 57, 57, 74, 74, 74, 74, 76, 76, 76, 76, 88, 88, 88, 88, 207, 207, 207, 207, 208, 208, 208, 208, 239, 239, 239, 239, 170, 170, 170, 170, 251, 251, 251, 251, 67, 67, 67, 67, 77, 77, 77, 77, 51, 51, 51, 51, 133, 133, 133, 133, 69, 69, 69, 69, 249, 249, 249, 249, 2, 2, 2, 2, 127, 127, 127, 127, 80, 80, 80, 80, 60, 60, 60, 60, 159, 159, 159, 159, 168, 168, 168, 168, 81, 81, 81, 81, 163, 163, 163, 163, 64, 64, 64, 64, 143, 143, 143, 143, 146, 146, 146, 146, 157, 157, 157, 157, 56, 56, 56, 56, 245, 245, 245, 245, 188, 188, 188, 188, 182, 182, 182, 182, 218, 218, 218, 218, 33, 33, 33, 33, 16, 16, 16, 16, 255, 255, 255, 255, 243, 243, 243, 243, 210, 210, 210, 210, 205, 205, 205, 205, 12, 12, 12, 12, 19, 19, 19, 19, 236, 236, 236, 236, 95, 95, 95, 95, 151, 151, 151, 151, 68, 68, 68, 68, 23, 23, 23, 23, 196, 196, 196, 196, 167, 167, 167, 167, 126, 126, 126, 126, 61, 61, 61, 61, 100, 100, 100, 100, 93, 93, 93, 93, 25, 25, 25, 25, 115, 115, 115, 115, 96, 96, 96, 96, 129, 129, 129, 129, 79, 79, 79, 79, 220, 220, 220, 220, 34, 34, 34, 34, 42, 42, 42, 42, 144, 144, 144, 144, 136, 136, 136, 136, 70, 70, 70, 70, 238, 238, 238, 238, 184, 184, 184, 184, 20, 20, 20, 20, 222, 222, 222, 222, 94, 94, 94, 94, 11, 11, 11, 11, 219, 219, 219, 219, 224, 224, 224, 224, 50, 50, 50, 50, 58, 58, 58, 58, 10, 10, 10, 10, 73, 73, 73, 73, 6, 6, 6, 6, 36, 36, 36, 36, 92, 92, 92, 92, 194, 194, 194, 194, 211, 211, 211, 211, 172, 172, 172, 172, 98, 98, 98, 98, 145, 145, 145, 145, 149, 149, 149, 149, 228, 228, 228, 228, 121, 121, 121, 121, 231, 231, 231, 231, 200, 200, 200, 200, 55, 55, 55, 55, 109, 109, 109, 109, 141, 141, 141, 141, 213, 213, 213, 213, 78, 78, 78, 78, 169, 169, 169, 169, 108, 108, 108, 108, 86, 86, 86, 86, 244, 244, 244, 244, 234, 234, 234, 234, 101, 101, 101, 101, 122, 122, 122, 122, 174, 174, 174, 174, 8, 8, 8, 8, 186, 186, 186, 186, 120, 120, 120, 120, 37, 37, 37, 37, 46, 46, 46, 46, 28, 28, 28, 28, 166, 166, 166, 166, 180, 180, 180, 180, 198, 198, 198, 198, 232, 232, 232, 232, 221, 221, 221, 221, 116, 116, 116, 116, 31, 31, 31, 31, 75, 75, 75, 75, 189, 189, 189, 189, 139, 139, 139, 139, 138, 138, 138, 138, 112, 112, 112, 112, 62, 62, 62, 62, 181, 181, 181, 181, 102, 102, 102, 102, 72, 72, 72, 72, 3, 3, 3, 3, 246, 246, 246, 246, 14, 14, 14, 14, 97, 97, 97, 97, 53, 53, 53, 53, 87, 87, 87, 87, 185, 185, 185, 185, 134, 134, 134, 134, 193, 193, 193, 193, 29, 29, 29, 29, 158, 158, 158, 158, 225, 225, 225, 225, 248, 248, 248, 248, 152, 152, 152, 152, 17, 17, 17, 17, 105, 105, 105, 105, 217, 217, 217, 217, 142, 142, 142, 142, 148, 148, 148, 148, 155, 155, 155, 155, 30, 30, 30, 30, 135, 135, 135, 135, 233, 233, 233, 233, 206, 206, 206, 206, 85, 85, 85, 85, 40, 40, 40, 40, 223, 223, 223, 223, 140, 140, 140, 140, 161, 161, 161, 161, 137, 137, 137, 137, 13, 13, 13, 13, 191, 191, 191, 191, 230, 230, 230, 230, 66, 66, 66, 66, 104, 104, 104, 104, 65, 65, 65, 65, 153, 153, 153, 153, 45, 45, 45, 45, 15, 15, 15, 15, 176, 176, 176, 176, 84, 84, 84, 84, 187, 187, 187, 187, 22, 22, 22, 22};

.entry aes_vector_unroll_constant_roundkeys(
	.param .u32 .ptr .global .align 16 aes_vector_unroll_constant_roundkeys_param_0,
	.param .u32 .ptr .global .align 16 aes_vector_unroll_constant_roundkeys_param_1
)
{
	.reg .s32 	%r<1959>;


	ld.param.u32 	%r5, [aes_vector_unroll_constant_roundkeys_param_0];
	ld.param.u32 	%r6, [aes_vector_unroll_constant_roundkeys_param_1];
	// inline asm
	mov.u32 	%r1, %envreg3;
	// inline asm
	// inline asm
	mov.u32 	%r2, %ntid.x;
	// inline asm
	// inline asm
	mov.u32 	%r3, %ctaid.x;
	// inline asm
	// inline asm
	mov.u32 	%r4, %tid.x;
	// inline asm
	add.s32 	%r7, %r4, %r1;
	mad.lo.s32 	%r8, %r3, %r2, %r7;
	shl.b32 	%r9, %r8, 4;
	add.s32 	%r10, %r5, %r9;
	ld.global.v4.u32 	{%r919, %r920, %r921, %r922}, [%r10];
	mov.u32 	%r11, 24;
	shl.b32 	%r927, %r919, %r11;
	shl.b32 	%r928, %r920, %r11;
	shl.b32 	%r929, %r921, %r11;
	shl.b32 	%r930, %r922, %r11;
	mov.u32 	%r12, -16777216;
	and.b32  	%r935, %r927, %r12;
	and.b32  	%r936, %r928, %r12;
	and.b32  	%r937, %r929, %r12;
	and.b32  	%r938, %r930, %r12;
	mov.u32 	%r13, 8;
	shl.b32 	%r943, %r919, %r13;
	shl.b32 	%r944, %r920, %r13;
	shl.b32 	%r945, %r921, %r13;
	shl.b32 	%r946, %r922, %r13;
	mov.u32 	%r14, 16711680;
	and.b32  	%r951, %r943, %r14;
	and.b32  	%r952, %r944, %r14;
	and.b32  	%r953, %r945, %r14;
	and.b32  	%r954, %r946, %r14;
	or.b32  	%r955, %r935, %r951;
	or.b32  	%r956, %r936, %r952;
	or.b32  	%r957, %r937, %r953;
	or.b32  	%r958, %r938, %r954;
	shr.u32 	%r959, %r919, %r13;
	shr.u32 	%r960, %r920, %r13;
	shr.u32 	%r961, %r921, %r13;
	shr.u32 	%r962, %r922, %r13;
	mov.u32 	%r15, 65280;
	and.b32  	%r967, %r959, %r15;
	and.b32  	%r968, %r960, %r15;
	and.b32  	%r969, %r961, %r15;
	and.b32  	%r970, %r962, %r15;
	or.b32  	%r971, %r955, %r967;
	or.b32  	%r972, %r956, %r968;
	or.b32  	%r973, %r957, %r969;
	or.b32  	%r974, %r958, %r970;
	shr.u32 	%r975, %r919, %r11;
	shr.u32 	%r976, %r920, %r11;
	shr.u32 	%r977, %r921, %r11;
	shr.u32 	%r978, %r922, %r11;
	mov.u32 	%r16, 255;
	and.b32  	%r983, %r975, %r16;
	and.b32  	%r984, %r976, %r16;
	and.b32  	%r985, %r977, %r16;
	and.b32  	%r986, %r978, %r16;
	or.b32  	%r987, %r971, %r983;
	or.b32  	%r988, %r972, %r984;
	or.b32  	%r989, %r973, %r985;
	or.b32  	%r990, %r974, %r986;
	ld.global.v4.u32 	{%r991, %r992, %r993, %r994}, [%r6];
	xor.b32  	%r995, %r987, %r991;
	xor.b32  	%r996, %r988, %r992;
	xor.b32  	%r997, %r989, %r993;
	xor.b32  	%r998, %r990, %r994;
	and.b32  	%r999, %r995, %r16;
	and.b32  	%r1000, %r996, %r16;
	and.b32  	%r1001, %r997, %r16;
	and.b32  	%r1002, %r998, %r16;
	shr.u32 	%r1003, %r995, %r13;
	shr.u32 	%r1004, %r996, %r13;
	shr.u32 	%r1005, %r997, %r13;
	shr.u32 	%r1006, %r998, %r13;
	and.b32  	%r1007, %r1003, %r16;
	and.b32  	%r1008, %r1004, %r16;
	and.b32  	%r1009, %r1005, %r16;
	and.b32  	%r1010, %r1006, %r16;
	mov.u32 	%r17, 16;
	shr.u32 	%r1015, %r995, %r17;
	shr.u32 	%r1016, %r996, %r17;
	shr.u32 	%r1017, %r997, %r17;
	shr.u32 	%r1018, %r998, %r17;
	and.b32  	%r1019, %r1015, %r16;
	and.b32  	%r1020, %r1016, %r16;
	and.b32  	%r1021, %r1017, %r16;
	and.b32  	%r1022, %r1018, %r16;
	shr.u32 	%r1023, %r995, %r11;
	shr.u32 	%r1024, %r996, %r11;
	shr.u32 	%r1025, %r997, %r11;
	shr.u32 	%r1026, %r998, %r11;
	and.b32  	%r1027, %r1023, %r16;
	and.b32  	%r1028, %r1024, %r16;
	and.b32  	%r1029, %r1025, %r16;
	and.b32  	%r1030, %r1026, %r16;
	shl.b32 	%r19, %r1027, 2;
	mov.u32 	%r20, Te0;
	add.s32 	%r21, %r20, %r19;
	ld.const.u32 	%r22, [%r21];
	shl.b32 	%r24, %r1028, 2;
	add.s32 	%r25, %r20, %r24;
	ld.const.u32 	%r26, [%r25];
	shl.b32 	%r28, %r1029, 2;
	add.s32 	%r29, %r20, %r28;
	ld.const.u32 	%r30, [%r29];
	shl.b32 	%r32, %r1030, 2;
	add.s32 	%r33, %r20, %r32;
	ld.const.u32 	%r34, [%r33];
	shl.b32 	%r36, %r1020, 2;
	mov.u32 	%r37, Te1;
	add.s32 	%r38, %r37, %r36;
	ld.const.u32 	%r39, [%r38];
	shl.b32 	%r41, %r1021, 2;
	add.s32 	%r42, %r37, %r41;
	ld.const.u32 	%r43, [%r42];
	shl.b32 	%r45, %r1022, 2;
	add.s32 	%r46, %r37, %r45;
	ld.const.u32 	%r47, [%r46];
	shl.b32 	%r49, %r1019, 2;
	add.s32 	%r50, %r37, %r49;
	ld.const.u32 	%r51, [%r50];
	xor.b32  	%r1039, %r22, %r39;
	xor.b32  	%r1040, %r26, %r43;
	xor.b32  	%r1041, %r30, %r47;
	xor.b32  	%r1042, %r34, %r51;
	shl.b32 	%r53, %r1009, 2;
	mov.u32 	%r54, Te2;
	add.s32 	%r55, %r54, %r53;
	ld.const.u32 	%r56, [%r55];
	shl.b32 	%r58, %r1010, 2;
	add.s32 	%r59, %r54, %r58;
	ld.const.u32 	%r60, [%r59];
	shl.b32 	%r62, %r1007, 2;
	add.s32 	%r63, %r54, %r62;
	ld.const.u32 	%r64, [%r63];
	shl.b32 	%r66, %r1008, 2;
	add.s32 	%r67, %r54, %r66;
	ld.const.u32 	%r68, [%r67];
	xor.b32  	%r1047, %r1039, %r56;
	xor.b32  	%r1048, %r1040, %r60;
	xor.b32  	%r1049, %r1041, %r64;
	xor.b32  	%r1050, %r1042, %r68;
	shl.b32 	%r70, %r1002, 2;
	mov.u32 	%r71, Te3;
	add.s32 	%r72, %r71, %r70;
	ld.const.u32 	%r73, [%r72];
	shl.b32 	%r75, %r999, 2;
	add.s32 	%r76, %r71, %r75;
	ld.const.u32 	%r77, [%r76];
	shl.b32 	%r79, %r1000, 2;
	add.s32 	%r80, %r71, %r79;
	ld.const.u32 	%r81, [%r80];
	shl.b32 	%r83, %r1001, 2;
	add.s32 	%r84, %r71, %r83;
	ld.const.u32 	%r85, [%r84];
	xor.b32  	%r1055, %r1047, %r73;
	xor.b32  	%r1056, %r1048, %r77;
	xor.b32  	%r1057, %r1049, %r81;
	xor.b32  	%r1058, %r1050, %r85;
	ld.global.v4.u32 	{%r1059, %r1060, %r1061, %r1062}, [%r6+16];
	xor.b32  	%r1063, %r1055, %r1059;
	xor.b32  	%r1064, %r1056, %r1060;
	xor.b32  	%r1065, %r1057, %r1061;
	xor.b32  	%r1066, %r1058, %r1062;
	and.b32  	%r1067, %r1063, %r16;
	and.b32  	%r1068, %r1064, %r16;
	and.b32  	%r1069, %r1065, %r16;
	and.b32  	%r1070, %r1066, %r16;
	shr.u32 	%r1071, %r1063, %r13;
	shr.u32 	%r1072, %r1064, %r13;
	shr.u32 	%r1073, %r1065, %r13;
	shr.u32 	%r1074, %r1066, %r13;
	and.b32  	%r1075, %r1071, %r16;
	and.b32  	%r1076, %r1072, %r16;
	and.b32  	%r1077, %r1073, %r16;
	and.b32  	%r1078, %r1074, %r16;
	shr.u32 	%r1079, %r1063, %r17;
	shr.u32 	%r1080, %r1064, %r17;
	shr.u32 	%r1081, %r1065, %r17;
	shr.u32 	%r1082, %r1066, %r17;
	and.b32  	%r1083, %r1079, %r16;
	and.b32  	%r1084, %r1080, %r16;
	and.b32  	%r1085, %r1081, %r16;
	and.b32  	%r1086, %r1082, %r16;
	shr.u32 	%r1087, %r1063, %r11;
	shr.u32 	%r1088, %r1064, %r11;
	shr.u32 	%r1089, %r1065, %r11;
	shr.u32 	%r1090, %r1066, %r11;
	and.b32  	%r1091, %r1087, %r16;
	and.b32  	%r1092, %r1088, %r16;
	and.b32  	%r1093, %r1089, %r16;
	and.b32  	%r1094, %r1090, %r16;
	shl.b32 	%r87, %r1091, 2;
	add.s32 	%r88, %r20, %r87;
	ld.const.u32 	%r89, [%r88];
	shl.b32 	%r91, %r1092, 2;
	add.s32 	%r92, %r20, %r91;
	ld.const.u32 	%r93, [%r92];
	shl.b32 	%r95, %r1093, 2;
	add.s32 	%r96, %r20, %r95;
	ld.const.u32 	%r97, [%r96];
	shl.b32 	%r99, %r1094, 2;
	add.s32 	%r100, %r20, %r99;
	ld.const.u32 	%r101, [%r100];
	shl.b32 	%r103, %r1084, 2;
	add.s32 	%r104, %r37, %r103;
	ld.const.u32 	%r105, [%r104];
	shl.b32 	%r107, %r1085, 2;
	add.s32 	%r108, %r37, %r107;
	ld.const.u32 	%r109, [%r108];
	shl.b32 	%r111, %r1086, 2;
	add.s32 	%r112, %r37, %r111;
	ld.const.u32 	%r113, [%r112];
	shl.b32 	%r115, %r1083, 2;
	add.s32 	%r116, %r37, %r115;
	ld.const.u32 	%r117, [%r116];
	xor.b32  	%r1103, %r89, %r105;
	xor.b32  	%r1104, %r93, %r109;
	xor.b32  	%r1105, %r97, %r113;
	xor.b32  	%r1106, %r101, %r117;
	shl.b32 	%r119, %r1077, 2;
	add.s32 	%r120, %r54, %r119;
	ld.const.u32 	%r121, [%r120];
	shl.b32 	%r123, %r1078, 2;
	add.s32 	%r124, %r54, %r123;
	ld.const.u32 	%r125, [%r124];
	shl.b32 	%r127, %r1075, 2;
	add.s32 	%r128, %r54, %r127;
	ld.const.u32 	%r129, [%r128];
	shl.b32 	%r131, %r1076, 2;
	add.s32 	%r132, %r54, %r131;
	ld.const.u32 	%r133, [%r132];
	xor.b32  	%r1111, %r1103, %r121;
	xor.b32  	%r1112, %r1104, %r125;
	xor.b32  	%r1113, %r1105, %r129;
	xor.b32  	%r1114, %r1106, %r133;
	shl.b32 	%r135, %r1070, 2;
	add.s32 	%r136, %r71, %r135;
	ld.const.u32 	%r137, [%r136];
	shl.b32 	%r139, %r1067, 2;
	add.s32 	%r140, %r71, %r139;
	ld.const.u32 	%r141, [%r140];
	shl.b32 	%r143, %r1068, 2;
	add.s32 	%r144, %r71, %r143;
	ld.const.u32 	%r145, [%r144];
	shl.b32 	%r147, %r1069, 2;
	add.s32 	%r148, %r71, %r147;
	ld.const.u32 	%r149, [%r148];
	xor.b32  	%r1119, %r1111, %r137;
	xor.b32  	%r1120, %r1112, %r141;
	xor.b32  	%r1121, %r1113, %r145;
	xor.b32  	%r1122, %r1114, %r149;
	ld.global.v4.u32 	{%r1123, %r1124, %r1125, %r1126}, [%r6+32];
	xor.b32  	%r1127, %r1119, %r1123;
	xor.b32  	%r1128, %r1120, %r1124;
	xor.b32  	%r1129, %r1121, %r1125;
	xor.b32  	%r1130, %r1122, %r1126;
	and.b32  	%r1131, %r1127, %r16;
	and.b32  	%r1132, %r1128, %r16;
	and.b32  	%r1133, %r1129, %r16;
	and.b32  	%r1134, %r1130, %r16;
	shr.u32 	%r1135, %r1127, %r13;
	shr.u32 	%r1136, %r1128, %r13;
	shr.u32 	%r1137, %r1129, %r13;
	shr.u32 	%r1138, %r1130, %r13;
	and.b32  	%r1139, %r1135, %r16;
	and.b32  	%r1140, %r1136, %r16;
	and.b32  	%r1141, %r1137, %r16;
	and.b32  	%r1142, %r1138, %r16;
	shr.u32 	%r1143, %r1127, %r17;
	shr.u32 	%r1144, %r1128, %r17;
	shr.u32 	%r1145, %r1129, %r17;
	shr.u32 	%r1146, %r1130, %r17;
	and.b32  	%r1147, %r1143, %r16;
	and.b32  	%r1148, %r1144, %r16;
	and.b32  	%r1149, %r1145, %r16;
	and.b32  	%r1150, %r1146, %r16;
	shr.u32 	%r1151, %r1127, %r11;
	shr.u32 	%r1152, %r1128, %r11;
	shr.u32 	%r1153, %r1129, %r11;
	shr.u32 	%r1154, %r1130, %r11;
	and.b32  	%r1155, %r1151, %r16;
	and.b32  	%r1156, %r1152, %r16;
	and.b32  	%r1157, %r1153, %r16;
	and.b32  	%r1158, %r1154, %r16;
	shl.b32 	%r151, %r1155, 2;
	add.s32 	%r152, %r20, %r151;
	ld.const.u32 	%r153, [%r152];
	shl.b32 	%r155, %r1156, 2;
	add.s32 	%r156, %r20, %r155;
	ld.const.u32 	%r157, [%r156];
	shl.b32 	%r159, %r1157, 2;
	add.s32 	%r160, %r20, %r159;
	ld.const.u32 	%r161, [%r160];
	shl.b32 	%r163, %r1158, 2;
	add.s32 	%r164, %r20, %r163;
	ld.const.u32 	%r165, [%r164];
	shl.b32 	%r167, %r1148, 2;
	add.s32 	%r168, %r37, %r167;
	ld.const.u32 	%r169, [%r168];
	shl.b32 	%r171, %r1149, 2;
	add.s32 	%r172, %r37, %r171;
	ld.const.u32 	%r173, [%r172];
	shl.b32 	%r175, %r1150, 2;
	add.s32 	%r176, %r37, %r175;
	ld.const.u32 	%r177, [%r176];
	shl.b32 	%r179, %r1147, 2;
	add.s32 	%r180, %r37, %r179;
	ld.const.u32 	%r181, [%r180];
	xor.b32  	%r1167, %r153, %r169;
	xor.b32  	%r1168, %r157, %r173;
	xor.b32  	%r1169, %r161, %r177;
	xor.b32  	%r1170, %r165, %r181;
	shl.b32 	%r183, %r1141, 2;
	add.s32 	%r184, %r54, %r183;
	ld.const.u32 	%r185, [%r184];
	shl.b32 	%r187, %r1142, 2;
	add.s32 	%r188, %r54, %r187;
	ld.const.u32 	%r189, [%r188];
	shl.b32 	%r191, %r1139, 2;
	add.s32 	%r192, %r54, %r191;
	ld.const.u32 	%r193, [%r192];
	shl.b32 	%r195, %r1140, 2;
	add.s32 	%r196, %r54, %r195;
	ld.const.u32 	%r197, [%r196];
	xor.b32  	%r1175, %r1167, %r185;
	xor.b32  	%r1176, %r1168, %r189;
	xor.b32  	%r1177, %r1169, %r193;
	xor.b32  	%r1178, %r1170, %r197;
	shl.b32 	%r199, %r1134, 2;
	add.s32 	%r200, %r71, %r199;
	ld.const.u32 	%r201, [%r200];
	shl.b32 	%r203, %r1131, 2;
	add.s32 	%r204, %r71, %r203;
	ld.const.u32 	%r205, [%r204];
	shl.b32 	%r207, %r1132, 2;
	add.s32 	%r208, %r71, %r207;
	ld.const.u32 	%r209, [%r208];
	shl.b32 	%r211, %r1133, 2;
	add.s32 	%r212, %r71, %r211;
	ld.const.u32 	%r213, [%r212];
	xor.b32  	%r1183, %r1175, %r201;
	xor.b32  	%r1184, %r1176, %r205;
	xor.b32  	%r1185, %r1177, %r209;
	xor.b32  	%r1186, %r1178, %r213;
	ld.global.v4.u32 	{%r1187, %r1188, %r1189, %r1190}, [%r6+48];
	xor.b32  	%r1191, %r1183, %r1187;
	xor.b32  	%r1192, %r1184, %r1188;
	xor.b32  	%r1193, %r1185, %r1189;
	xor.b32  	%r1194, %r1186, %r1190;
	and.b32  	%r1195, %r1191, %r16;
	and.b32  	%r1196, %r1192, %r16;
	and.b32  	%r1197, %r1193, %r16;
	and.b32  	%r1198, %r1194, %r16;
	shr.u32 	%r1199, %r1191, %r13;
	shr.u32 	%r1200, %r1192, %r13;
	shr.u32 	%r1201, %r1193, %r13;
	shr.u32 	%r1202, %r1194, %r13;
	and.b32  	%r1203, %r1199, %r16;
	and.b32  	%r1204, %r1200, %r16;
	and.b32  	%r1205, %r1201, %r16;
	and.b32  	%r1206, %r1202, %r16;
	shr.u32 	%r1207, %r1191, %r17;
	shr.u32 	%r1208, %r1192, %r17;
	shr.u32 	%r1209, %r1193, %r17;
	shr.u32 	%r1210, %r1194, %r17;
	and.b32  	%r1211, %r1207, %r16;
	and.b32  	%r1212, %r1208, %r16;
	and.b32  	%r1213, %r1209, %r16;
	and.b32  	%r1214, %r1210, %r16;
	shr.u32 	%r1215, %r1191, %r11;
	shr.u32 	%r1216, %r1192, %r11;
	shr.u32 	%r1217, %r1193, %r11;
	shr.u32 	%r1218, %r1194, %r11;
	and.b32  	%r1219, %r1215, %r16;
	and.b32  	%r1220, %r1216, %r16;
	and.b32  	%r1221, %r1217, %r16;
	and.b32  	%r1222, %r1218, %r16;
	shl.b32 	%r215, %r1219, 2;
	add.s32 	%r216, %r20, %r215;
	ld.const.u32 	%r217, [%r216];
	shl.b32 	%r219, %r1220, 2;
	add.s32 	%r220, %r20, %r219;
	ld.const.u32 	%r221, [%r220];
	shl.b32 	%r223, %r1221, 2;
	add.s32 	%r224, %r20, %r223;
	ld.const.u32 	%r225, [%r224];
	shl.b32 	%r227, %r1222, 2;
	add.s32 	%r228, %r20, %r227;
	ld.const.u32 	%r229, [%r228];
	shl.b32 	%r231, %r1212, 2;
	add.s32 	%r232, %r37, %r231;
	ld.const.u32 	%r233, [%r232];
	shl.b32 	%r235, %r1213, 2;
	add.s32 	%r236, %r37, %r235;
	ld.const.u32 	%r237, [%r236];
	shl.b32 	%r239, %r1214, 2;
	add.s32 	%r240, %r37, %r239;
	ld.const.u32 	%r241, [%r240];
	shl.b32 	%r243, %r1211, 2;
	add.s32 	%r244, %r37, %r243;
	ld.const.u32 	%r245, [%r244];
	xor.b32  	%r1231, %r217, %r233;
	xor.b32  	%r1232, %r221, %r237;
	xor.b32  	%r1233, %r225, %r241;
	xor.b32  	%r1234, %r229, %r245;
	shl.b32 	%r247, %r1205, 2;
	add.s32 	%r248, %r54, %r247;
	ld.const.u32 	%r249, [%r248];
	shl.b32 	%r251, %r1206, 2;
	add.s32 	%r252, %r54, %r251;
	ld.const.u32 	%r253, [%r252];
	shl.b32 	%r255, %r1203, 2;
	add.s32 	%r256, %r54, %r255;
	ld.const.u32 	%r257, [%r256];
	shl.b32 	%r259, %r1204, 2;
	add.s32 	%r260, %r54, %r259;
	ld.const.u32 	%r261, [%r260];
	xor.b32  	%r1239, %r1231, %r249;
	xor.b32  	%r1240, %r1232, %r253;
	xor.b32  	%r1241, %r1233, %r257;
	xor.b32  	%r1242, %r1234, %r261;
	shl.b32 	%r263, %r1198, 2;
	add.s32 	%r264, %r71, %r263;
	ld.const.u32 	%r265, [%r264];
	shl.b32 	%r267, %r1195, 2;
	add.s32 	%r268, %r71, %r267;
	ld.const.u32 	%r269, [%r268];
	shl.b32 	%r271, %r1196, 2;
	add.s32 	%r272, %r71, %r271;
	ld.const.u32 	%r273, [%r272];
	shl.b32 	%r275, %r1197, 2;
	add.s32 	%r276, %r71, %r275;
	ld.const.u32 	%r277, [%r276];
	xor.b32  	%r1247, %r1239, %r265;
	xor.b32  	%r1248, %r1240, %r269;
	xor.b32  	%r1249, %r1241, %r273;
	xor.b32  	%r1250, %r1242, %r277;
	ld.global.v4.u32 	{%r1251, %r1252, %r1253, %r1254}, [%r6+64];
	xor.b32  	%r1255, %r1247, %r1251;
	xor.b32  	%r1256, %r1248, %r1252;
	xor.b32  	%r1257, %r1249, %r1253;
	xor.b32  	%r1258, %r1250, %r1254;
	and.b32  	%r1259, %r1255, %r16;
	and.b32  	%r1260, %r1256, %r16;
	and.b32  	%r1261, %r1257, %r16;
	and.b32  	%r1262, %r1258, %r16;
	shr.u32 	%r1263, %r1255, %r13;
	shr.u32 	%r1264, %r1256, %r13;
	shr.u32 	%r1265, %r1257, %r13;
	shr.u32 	%r1266, %r1258, %r13;
	and.b32  	%r1267, %r1263, %r16;
	and.b32  	%r1268, %r1264, %r16;
	and.b32  	%r1269, %r1265, %r16;
	and.b32  	%r1270, %r1266, %r16;
	shr.u32 	%r1271, %r1255, %r17;
	shr.u32 	%r1272, %r1256, %r17;
	shr.u32 	%r1273, %r1257, %r17;
	shr.u32 	%r1274, %r1258, %r17;
	and.b32  	%r1275, %r1271, %r16;
	and.b32  	%r1276, %r1272, %r16;
	and.b32  	%r1277, %r1273, %r16;
	and.b32  	%r1278, %r1274, %r16;
	shr.u32 	%r1279, %r1255, %r11;
	shr.u32 	%r1280, %r1256, %r11;
	shr.u32 	%r1281, %r1257, %r11;
	shr.u32 	%r1282, %r1258, %r11;
	and.b32  	%r1283, %r1279, %r16;
	and.b32  	%r1284, %r1280, %r16;
	and.b32  	%r1285, %r1281, %r16;
	and.b32  	%r1286, %r1282, %r16;
	shl.b32 	%r279, %r1283, 2;
	add.s32 	%r280, %r20, %r279;
	ld.const.u32 	%r281, [%r280];
	shl.b32 	%r283, %r1284, 2;
	add.s32 	%r284, %r20, %r283;
	ld.const.u32 	%r285, [%r284];
	shl.b32 	%r287, %r1285, 2;
	add.s32 	%r288, %r20, %r287;
	ld.const.u32 	%r289, [%r288];
	shl.b32 	%r291, %r1286, 2;
	add.s32 	%r292, %r20, %r291;
	ld.const.u32 	%r293, [%r292];
	shl.b32 	%r295, %r1276, 2;
	add.s32 	%r296, %r37, %r295;
	ld.const.u32 	%r297, [%r296];
	shl.b32 	%r299, %r1277, 2;
	add.s32 	%r300, %r37, %r299;
	ld.const.u32 	%r301, [%r300];
	shl.b32 	%r303, %r1278, 2;
	add.s32 	%r304, %r37, %r303;
	ld.const.u32 	%r305, [%r304];
	shl.b32 	%r307, %r1275, 2;
	add.s32 	%r308, %r37, %r307;
	ld.const.u32 	%r309, [%r308];
	xor.b32  	%r1295, %r281, %r297;
	xor.b32  	%r1296, %r285, %r301;
	xor.b32  	%r1297, %r289, %r305;
	xor.b32  	%r1298, %r293, %r309;
	shl.b32 	%r311, %r1269, 2;
	add.s32 	%r312, %r54, %r311;
	ld.const.u32 	%r313, [%r312];
	shl.b32 	%r315, %r1270, 2;
	add.s32 	%r316, %r54, %r315;
	ld.const.u32 	%r317, [%r316];
	shl.b32 	%r319, %r1267, 2;
	add.s32 	%r320, %r54, %r319;
	ld.const.u32 	%r321, [%r320];
	shl.b32 	%r323, %r1268, 2;
	add.s32 	%r324, %r54, %r323;
	ld.const.u32 	%r325, [%r324];
	xor.b32  	%r1303, %r1295, %r313;
	xor.b32  	%r1304, %r1296, %r317;
	xor.b32  	%r1305, %r1297, %r321;
	xor.b32  	%r1306, %r1298, %r325;
	shl.b32 	%r327, %r1262, 2;
	add.s32 	%r328, %r71, %r327;
	ld.const.u32 	%r329, [%r328];
	shl.b32 	%r331, %r1259, 2;
	add.s32 	%r332, %r71, %r331;
	ld.const.u32 	%r333, [%r332];
	shl.b32 	%r335, %r1260, 2;
	add.s32 	%r336, %r71, %r335;
	ld.const.u32 	%r337, [%r336];
	shl.b32 	%r339, %r1261, 2;
	add.s32 	%r340, %r71, %r339;
	ld.const.u32 	%r341, [%r340];
	xor.b32  	%r1311, %r1303, %r329;
	xor.b32  	%r1312, %r1304, %r333;
	xor.b32  	%r1313, %r1305, %r337;
	xor.b32  	%r1314, %r1306, %r341;
	ld.global.v4.u32 	{%r1315, %r1316, %r1317, %r1318}, [%r6+80];
	xor.b32  	%r1319, %r1311, %r1315;
	xor.b32  	%r1320, %r1312, %r1316;
	xor.b32  	%r1321, %r1313, %r1317;
	xor.b32  	%r1322, %r1314, %r1318;
	and.b32  	%r1323, %r1319, %r16;
	and.b32  	%r1324, %r1320, %r16;
	and.b32  	%r1325, %r1321, %r16;
	and.b32  	%r1326, %r1322, %r16;
	shr.u32 	%r1327, %r1319, %r13;
	shr.u32 	%r1328, %r1320, %r13;
	shr.u32 	%r1329, %r1321, %r13;
	shr.u32 	%r1330, %r1322, %r13;
	and.b32  	%r1331, %r1327, %r16;
	and.b32  	%r1332, %r1328, %r16;
	and.b32  	%r1333, %r1329, %r16;
	and.b32  	%r1334, %r1330, %r16;
	shr.u32 	%r1335, %r1319, %r17;
	shr.u32 	%r1336, %r1320, %r17;
	shr.u32 	%r1337, %r1321, %r17;
	shr.u32 	%r1338, %r1322, %r17;
	and.b32  	%r1339, %r1335, %r16;
	and.b32  	%r1340, %r1336, %r16;
	and.b32  	%r1341, %r1337, %r16;
	and.b32  	%r1342, %r1338, %r16;
	shr.u32 	%r1343, %r1319, %r11;
	shr.u32 	%r1344, %r1320, %r11;
	shr.u32 	%r1345, %r1321, %r11;
	shr.u32 	%r1346, %r1322, %r11;
	and.b32  	%r1347, %r1343, %r16;
	and.b32  	%r1348, %r1344, %r16;
	and.b32  	%r1349, %r1345, %r16;
	and.b32  	%r1350, %r1346, %r16;
	shl.b32 	%r343, %r1347, 2;
	add.s32 	%r344, %r20, %r343;
	ld.const.u32 	%r345, [%r344];
	shl.b32 	%r347, %r1348, 2;
	add.s32 	%r348, %r20, %r347;
	ld.const.u32 	%r349, [%r348];
	shl.b32 	%r351, %r1349, 2;
	add.s32 	%r352, %r20, %r351;
	ld.const.u32 	%r353, [%r352];
	shl.b32 	%r355, %r1350, 2;
	add.s32 	%r356, %r20, %r355;
	ld.const.u32 	%r357, [%r356];
	shl.b32 	%r359, %r1340, 2;
	add.s32 	%r360, %r37, %r359;
	ld.const.u32 	%r361, [%r360];
	shl.b32 	%r363, %r1341, 2;
	add.s32 	%r364, %r37, %r363;
	ld.const.u32 	%r365, [%r364];
	shl.b32 	%r367, %r1342, 2;
	add.s32 	%r368, %r37, %r367;
	ld.const.u32 	%r369, [%r368];
	shl.b32 	%r371, %r1339, 2;
	add.s32 	%r372, %r37, %r371;
	ld.const.u32 	%r373, [%r372];
	xor.b32  	%r1359, %r345, %r361;
	xor.b32  	%r1360, %r349, %r365;
	xor.b32  	%r1361, %r353, %r369;
	xor.b32  	%r1362, %r357, %r373;
	shl.b32 	%r375, %r1333, 2;
	add.s32 	%r376, %r54, %r375;
	ld.const.u32 	%r377, [%r376];
	shl.b32 	%r379, %r1334, 2;
	add.s32 	%r380, %r54, %r379;
	ld.const.u32 	%r381, [%r380];
	shl.b32 	%r383, %r1331, 2;
	add.s32 	%r384, %r54, %r383;
	ld.const.u32 	%r385, [%r384];
	shl.b32 	%r387, %r1332, 2;
	add.s32 	%r388, %r54, %r387;
	ld.const.u32 	%r389, [%r388];
	xor.b32  	%r1367, %r1359, %r377;
	xor.b32  	%r1368, %r1360, %r381;
	xor.b32  	%r1369, %r1361, %r385;
	xor.b32  	%r1370, %r1362, %r389;
	shl.b32 	%r391, %r1326, 2;
	add.s32 	%r392, %r71, %r391;
	ld.const.u32 	%r393, [%r392];
	shl.b32 	%r395, %r1323, 2;
	add.s32 	%r396, %r71, %r395;
	ld.const.u32 	%r397, [%r396];
	shl.b32 	%r399, %r1324, 2;
	add.s32 	%r400, %r71, %r399;
	ld.const.u32 	%r401, [%r400];
	shl.b32 	%r403, %r1325, 2;
	add.s32 	%r404, %r71, %r403;
	ld.const.u32 	%r405, [%r404];
	xor.b32  	%r1375, %r1367, %r393;
	xor.b32  	%r1376, %r1368, %r397;
	xor.b32  	%r1377, %r1369, %r401;
	xor.b32  	%r1378, %r1370, %r405;
	ld.global.v4.u32 	{%r1379, %r1380, %r1381, %r1382}, [%r6+96];
	xor.b32  	%r1383, %r1375, %r1379;
	xor.b32  	%r1384, %r1376, %r1380;
	xor.b32  	%r1385, %r1377, %r1381;
	xor.b32  	%r1386, %r1378, %r1382;
	and.b32  	%r1387, %r1383, %r16;
	and.b32  	%r1388, %r1384, %r16;
	and.b32  	%r1389, %r1385, %r16;
	and.b32  	%r1390, %r1386, %r16;
	shr.u32 	%r1391, %r1383, %r13;
	shr.u32 	%r1392, %r1384, %r13;
	shr.u32 	%r1393, %r1385, %r13;
	shr.u32 	%r1394, %r1386, %r13;
	and.b32  	%r1395, %r1391, %r16;
	and.b32  	%r1396, %r1392, %r16;
	and.b32  	%r1397, %r1393, %r16;
	and.b32  	%r1398, %r1394, %r16;
	shr.u32 	%r1399, %r1383, %r17;
	shr.u32 	%r1400, %r1384, %r17;
	shr.u32 	%r1401, %r1385, %r17;
	shr.u32 	%r1402, %r1386, %r17;
	and.b32  	%r1403, %r1399, %r16;
	and.b32  	%r1404, %r1400, %r16;
	and.b32  	%r1405, %r1401, %r16;
	and.b32  	%r1406, %r1402, %r16;
	shr.u32 	%r1407, %r1383, %r11;
	shr.u32 	%r1408, %r1384, %r11;
	shr.u32 	%r1409, %r1385, %r11;
	shr.u32 	%r1410, %r1386, %r11;
	and.b32  	%r1411, %r1407, %r16;
	and.b32  	%r1412, %r1408, %r16;
	and.b32  	%r1413, %r1409, %r16;
	and.b32  	%r1414, %r1410, %r16;
	shl.b32 	%r407, %r1411, 2;
	add.s32 	%r408, %r20, %r407;
	ld.const.u32 	%r409, [%r408];
	shl.b32 	%r411, %r1412, 2;
	add.s32 	%r412, %r20, %r411;
	ld.const.u32 	%r413, [%r412];
	shl.b32 	%r415, %r1413, 2;
	add.s32 	%r416, %r20, %r415;
	ld.const.u32 	%r417, [%r416];
	shl.b32 	%r419, %r1414, 2;
	add.s32 	%r420, %r20, %r419;
	ld.const.u32 	%r421, [%r420];
	shl.b32 	%r423, %r1404, 2;
	add.s32 	%r424, %r37, %r423;
	ld.const.u32 	%r425, [%r424];
	shl.b32 	%r427, %r1405, 2;
	add.s32 	%r428, %r37, %r427;
	ld.const.u32 	%r429, [%r428];
	shl.b32 	%r431, %r1406, 2;
	add.s32 	%r432, %r37, %r431;
	ld.const.u32 	%r433, [%r432];
	shl.b32 	%r435, %r1403, 2;
	add.s32 	%r436, %r37, %r435;
	ld.const.u32 	%r437, [%r436];
	xor.b32  	%r1423, %r409, %r425;
	xor.b32  	%r1424, %r413, %r429;
	xor.b32  	%r1425, %r417, %r433;
	xor.b32  	%r1426, %r421, %r437;
	shl.b32 	%r439, %r1397, 2;
	add.s32 	%r440, %r54, %r439;
	ld.const.u32 	%r441, [%r440];
	shl.b32 	%r443, %r1398, 2;
	add.s32 	%r444, %r54, %r443;
	ld.const.u32 	%r445, [%r444];
	shl.b32 	%r447, %r1395, 2;
	add.s32 	%r448, %r54, %r447;
	ld.const.u32 	%r449, [%r448];
	shl.b32 	%r451, %r1396, 2;
	add.s32 	%r452, %r54, %r451;
	ld.const.u32 	%r453, [%r452];
	xor.b32  	%r1431, %r1423, %r441;
	xor.b32  	%r1432, %r1424, %r445;
	xor.b32  	%r1433, %r1425, %r449;
	xor.b32  	%r1434, %r1426, %r453;
	shl.b32 	%r455, %r1390, 2;
	add.s32 	%r456, %r71, %r455;
	ld.const.u32 	%r457, [%r456];
	shl.b32 	%r459, %r1387, 2;
	add.s32 	%r460, %r71, %r459;
	ld.const.u32 	%r461, [%r460];
	shl.b32 	%r463, %r1388, 2;
	add.s32 	%r464, %r71, %r463;
	ld.const.u32 	%r465, [%r464];
	shl.b32 	%r467, %r1389, 2;
	add.s32 	%r468, %r71, %r467;
	ld.const.u32 	%r469, [%r468];
	xor.b32  	%r1439, %r1431, %r457;
	xor.b32  	%r1440, %r1432, %r461;
	xor.b32  	%r1441, %r1433, %r465;
	xor.b32  	%r1442, %r1434, %r469;
	ld.global.v4.u32 	{%r1443, %r1444, %r1445, %r1446}, [%r6+112];
	xor.b32  	%r1447, %r1439, %r1443;
	xor.b32  	%r1448, %r1440, %r1444;
	xor.b32  	%r1449, %r1441, %r1445;
	xor.b32  	%r1450, %r1442, %r1446;
	and.b32  	%r1451, %r1447, %r16;
	and.b32  	%r1452, %r1448, %r16;
	and.b32  	%r1453, %r1449, %r16;
	and.b32  	%r1454, %r1450, %r16;
	shr.u32 	%r1455, %r1447, %r13;
	shr.u32 	%r1456, %r1448, %r13;
	shr.u32 	%r1457, %r1449, %r13;
	shr.u32 	%r1458, %r1450, %r13;
	and.b32  	%r1459, %r1455, %r16;
	and.b32  	%r1460, %r1456, %r16;
	and.b32  	%r1461, %r1457, %r16;
	and.b32  	%r1462, %r1458, %r16;
	shr.u32 	%r1463, %r1447, %r17;
	shr.u32 	%r1464, %r1448, %r17;
	shr.u32 	%r1465, %r1449, %r17;
	shr.u32 	%r1466, %r1450, %r17;
	and.b32  	%r1467, %r1463, %r16;
	and.b32  	%r1468, %r1464, %r16;
	and.b32  	%r1469, %r1465, %r16;
	and.b32  	%r1470, %r1466, %r16;
	shr.u32 	%r1471, %r1447, %r11;
	shr.u32 	%r1472, %r1448, %r11;
	shr.u32 	%r1473, %r1449, %r11;
	shr.u32 	%r1474, %r1450, %r11;
	and.b32  	%r1475, %r1471, %r16;
	and.b32  	%r1476, %r1472, %r16;
	and.b32  	%r1477, %r1473, %r16;
	and.b32  	%r1478, %r1474, %r16;
	shl.b32 	%r471, %r1475, 2;
	add.s32 	%r472, %r20, %r471;
	ld.const.u32 	%r473, [%r472];
	shl.b32 	%r475, %r1476, 2;
	add.s32 	%r476, %r20, %r475;
	ld.const.u32 	%r477, [%r476];
	shl.b32 	%r479, %r1477, 2;
	add.s32 	%r480, %r20, %r479;
	ld.const.u32 	%r481, [%r480];
	shl.b32 	%r483, %r1478, 2;
	add.s32 	%r484, %r20, %r483;
	ld.const.u32 	%r485, [%r484];
	shl.b32 	%r487, %r1468, 2;
	add.s32 	%r488, %r37, %r487;
	ld.const.u32 	%r489, [%r488];
	shl.b32 	%r491, %r1469, 2;
	add.s32 	%r492, %r37, %r491;
	ld.const.u32 	%r493, [%r492];
	shl.b32 	%r495, %r1470, 2;
	add.s32 	%r496, %r37, %r495;
	ld.const.u32 	%r497, [%r496];
	shl.b32 	%r499, %r1467, 2;
	add.s32 	%r500, %r37, %r499;
	ld.const.u32 	%r501, [%r500];
	xor.b32  	%r1487, %r473, %r489;
	xor.b32  	%r1488, %r477, %r493;
	xor.b32  	%r1489, %r481, %r497;
	xor.b32  	%r1490, %r485, %r501;
	shl.b32 	%r503, %r1461, 2;
	add.s32 	%r504, %r54, %r503;
	ld.const.u32 	%r505, [%r504];
	shl.b32 	%r507, %r1462, 2;
	add.s32 	%r508, %r54, %r507;
	ld.const.u32 	%r509, [%r508];
	shl.b32 	%r511, %r1459, 2;
	add.s32 	%r512, %r54, %r511;
	ld.const.u32 	%r513, [%r512];
	shl.b32 	%r515, %r1460, 2;
	add.s32 	%r516, %r54, %r515;
	ld.const.u32 	%r517, [%r516];
	xor.b32  	%r1495, %r1487, %r505;
	xor.b32  	%r1496, %r1488, %r509;
	xor.b32  	%r1497, %r1489, %r513;
	xor.b32  	%r1498, %r1490, %r517;
	shl.b32 	%r519, %r1454, 2;
	add.s32 	%r520, %r71, %r519;
	ld.const.u32 	%r521, [%r520];
	shl.b32 	%r523, %r1451, 2;
	add.s32 	%r524, %r71, %r523;
	ld.const.u32 	%r525, [%r524];
	shl.b32 	%r527, %r1452, 2;
	add.s32 	%r528, %r71, %r527;
	ld.const.u32 	%r529, [%r528];
	shl.b32 	%r531, %r1453, 2;
	add.s32 	%r532, %r71, %r531;
	ld.const.u32 	%r533, [%r532];
	xor.b32  	%r1503, %r1495, %r521;
	xor.b32  	%r1504, %r1496, %r525;
	xor.b32  	%r1505, %r1497, %r529;
	xor.b32  	%r1506, %r1498, %r533;
	ld.global.v4.u32 	{%r1507, %r1508, %r1509, %r1510}, [%r6+128];
	xor.b32  	%r1511, %r1503, %r1507;
	xor.b32  	%r1512, %r1504, %r1508;
	xor.b32  	%r1513, %r1505, %r1509;
	xor.b32  	%r1514, %r1506, %r1510;
	and.b32  	%r1515, %r1511, %r16;
	and.b32  	%r1516, %r1512, %r16;
	and.b32  	%r1517, %r1513, %r16;
	and.b32  	%r1518, %r1514, %r16;
	shr.u32 	%r1519, %r1511, %r13;
	shr.u32 	%r1520, %r1512, %r13;
	shr.u32 	%r1521, %r1513, %r13;
	shr.u32 	%r1522, %r1514, %r13;
	and.b32  	%r1523, %r1519, %r16;
	and.b32  	%r1524, %r1520, %r16;
	and.b32  	%r1525, %r1521, %r16;
	and.b32  	%r1526, %r1522, %r16;
	shr.u32 	%r1527, %r1511, %r17;
	shr.u32 	%r1528, %r1512, %r17;
	shr.u32 	%r1529, %r1513, %r17;
	shr.u32 	%r1530, %r1514, %r17;
	and.b32  	%r1531, %r1527, %r16;
	and.b32  	%r1532, %r1528, %r16;
	and.b32  	%r1533, %r1529, %r16;
	and.b32  	%r1534, %r1530, %r16;
	shr.u32 	%r1535, %r1511, %r11;
	shr.u32 	%r1536, %r1512, %r11;
	shr.u32 	%r1537, %r1513, %r11;
	shr.u32 	%r1538, %r1514, %r11;
	and.b32  	%r1539, %r1535, %r16;
	and.b32  	%r1540, %r1536, %r16;
	and.b32  	%r1541, %r1537, %r16;
	and.b32  	%r1542, %r1538, %r16;
	shl.b32 	%r535, %r1539, 2;
	add.s32 	%r536, %r20, %r535;
	ld.const.u32 	%r537, [%r536];
	shl.b32 	%r539, %r1540, 2;
	add.s32 	%r540, %r20, %r539;
	ld.const.u32 	%r541, [%r540];
	shl.b32 	%r543, %r1541, 2;
	add.s32 	%r544, %r20, %r543;
	ld.const.u32 	%r545, [%r544];
	shl.b32 	%r547, %r1542, 2;
	add.s32 	%r548, %r20, %r547;
	ld.const.u32 	%r549, [%r548];
	shl.b32 	%r551, %r1532, 2;
	add.s32 	%r552, %r37, %r551;
	ld.const.u32 	%r553, [%r552];
	shl.b32 	%r555, %r1533, 2;
	add.s32 	%r556, %r37, %r555;
	ld.const.u32 	%r557, [%r556];
	shl.b32 	%r559, %r1534, 2;
	add.s32 	%r560, %r37, %r559;
	ld.const.u32 	%r561, [%r560];
	shl.b32 	%r563, %r1531, 2;
	add.s32 	%r564, %r37, %r563;
	ld.const.u32 	%r565, [%r564];
	xor.b32  	%r1551, %r537, %r553;
	xor.b32  	%r1552, %r541, %r557;
	xor.b32  	%r1553, %r545, %r561;
	xor.b32  	%r1554, %r549, %r565;
	shl.b32 	%r567, %r1525, 2;
	add.s32 	%r568, %r54, %r567;
	ld.const.u32 	%r569, [%r568];
	shl.b32 	%r571, %r1526, 2;
	add.s32 	%r572, %r54, %r571;
	ld.const.u32 	%r573, [%r572];
	shl.b32 	%r575, %r1523, 2;
	add.s32 	%r576, %r54, %r575;
	ld.const.u32 	%r577, [%r576];
	shl.b32 	%r579, %r1524, 2;
	add.s32 	%r580, %r54, %r579;
	ld.const.u32 	%r581, [%r580];
	xor.b32  	%r1559, %r1551, %r569;
	xor.b32  	%r1560, %r1552, %r573;
	xor.b32  	%r1561, %r1553, %r577;
	xor.b32  	%r1562, %r1554, %r581;
	shl.b32 	%r583, %r1518, 2;
	add.s32 	%r584, %r71, %r583;
	ld.const.u32 	%r585, [%r584];
	shl.b32 	%r587, %r1515, 2;
	add.s32 	%r588, %r71, %r587;
	ld.const.u32 	%r589, [%r588];
	shl.b32 	%r591, %r1516, 2;
	add.s32 	%r592, %r71, %r591;
	ld.const.u32 	%r593, [%r592];
	shl.b32 	%r595, %r1517, 2;
	add.s32 	%r596, %r71, %r595;
	ld.const.u32 	%r597, [%r596];
	xor.b32  	%r1567, %r1559, %r585;
	xor.b32  	%r1568, %r1560, %r589;
	xor.b32  	%r1569, %r1561, %r593;
	xor.b32  	%r1570, %r1562, %r597;
	ld.global.v4.u32 	{%r1571, %r1572, %r1573, %r1574}, [%r6+144];
	xor.b32  	%r1575, %r1567, %r1571;
	xor.b32  	%r1576, %r1568, %r1572;
	xor.b32  	%r1577, %r1569, %r1573;
	xor.b32  	%r1578, %r1570, %r1574;
	and.b32  	%r1579, %r1575, %r16;
	and.b32  	%r1580, %r1576, %r16;
	and.b32  	%r1581, %r1577, %r16;
	and.b32  	%r1582, %r1578, %r16;
	shr.u32 	%r1583, %r1575, %r13;
	shr.u32 	%r1584, %r1576, %r13;
	shr.u32 	%r1585, %r1577, %r13;
	shr.u32 	%r1586, %r1578, %r13;
	and.b32  	%r1587, %r1583, %r16;
	and.b32  	%r1588, %r1584, %r16;
	and.b32  	%r1589, %r1585, %r16;
	and.b32  	%r1590, %r1586, %r16;
	shr.u32 	%r1591, %r1575, %r17;
	shr.u32 	%r1592, %r1576, %r17;
	shr.u32 	%r1593, %r1577, %r17;
	shr.u32 	%r1594, %r1578, %r17;
	and.b32  	%r1595, %r1591, %r16;
	and.b32  	%r1596, %r1592, %r16;
	and.b32  	%r1597, %r1593, %r16;
	and.b32  	%r1598, %r1594, %r16;
	shr.u32 	%r1599, %r1575, %r11;
	shr.u32 	%r1600, %r1576, %r11;
	shr.u32 	%r1601, %r1577, %r11;
	shr.u32 	%r1602, %r1578, %r11;
	and.b32  	%r1603, %r1599, %r16;
	and.b32  	%r1604, %r1600, %r16;
	and.b32  	%r1605, %r1601, %r16;
	and.b32  	%r1606, %r1602, %r16;
	shl.b32 	%r599, %r1603, 2;
	add.s32 	%r600, %r20, %r599;
	ld.const.u32 	%r601, [%r600];
	shl.b32 	%r603, %r1604, 2;
	add.s32 	%r604, %r20, %r603;
	ld.const.u32 	%r605, [%r604];
	shl.b32 	%r607, %r1605, 2;
	add.s32 	%r608, %r20, %r607;
	ld.const.u32 	%r609, [%r608];
	shl.b32 	%r611, %r1606, 2;
	add.s32 	%r612, %r20, %r611;
	ld.const.u32 	%r613, [%r612];
	shl.b32 	%r615, %r1596, 2;
	add.s32 	%r616, %r37, %r615;
	ld.const.u32 	%r617, [%r616];
	shl.b32 	%r619, %r1597, 2;
	add.s32 	%r620, %r37, %r619;
	ld.const.u32 	%r621, [%r620];
	shl.b32 	%r623, %r1598, 2;
	add.s32 	%r624, %r37, %r623;
	ld.const.u32 	%r625, [%r624];
	shl.b32 	%r627, %r1595, 2;
	add.s32 	%r628, %r37, %r627;
	ld.const.u32 	%r629, [%r628];
	xor.b32  	%r1615, %r601, %r617;
	xor.b32  	%r1616, %r605, %r621;
	xor.b32  	%r1617, %r609, %r625;
	xor.b32  	%r1618, %r613, %r629;
	shl.b32 	%r631, %r1589, 2;
	add.s32 	%r632, %r54, %r631;
	ld.const.u32 	%r633, [%r632];
	shl.b32 	%r635, %r1590, 2;
	add.s32 	%r636, %r54, %r635;
	ld.const.u32 	%r637, [%r636];
	shl.b32 	%r639, %r1587, 2;
	add.s32 	%r640, %r54, %r639;
	ld.const.u32 	%r641, [%r640];
	shl.b32 	%r643, %r1588, 2;
	add.s32 	%r644, %r54, %r643;
	ld.const.u32 	%r645, [%r644];
	xor.b32  	%r1623, %r1615, %r633;
	xor.b32  	%r1624, %r1616, %r637;
	xor.b32  	%r1625, %r1617, %r641;
	xor.b32  	%r1626, %r1618, %r645;
	shl.b32 	%r647, %r1582, 2;
	add.s32 	%r648, %r71, %r647;
	ld.const.u32 	%r649, [%r648];
	shl.b32 	%r651, %r1579, 2;
	add.s32 	%r652, %r71, %r651;
	ld.const.u32 	%r653, [%r652];
	shl.b32 	%r655, %r1580, 2;
	add.s32 	%r656, %r71, %r655;
	ld.const.u32 	%r657, [%r656];
	shl.b32 	%r659, %r1581, 2;
	add.s32 	%r660, %r71, %r659;
	ld.const.u32 	%r661, [%r660];
	xor.b32  	%r1631, %r1623, %r649;
	xor.b32  	%r1632, %r1624, %r653;
	xor.b32  	%r1633, %r1625, %r657;
	xor.b32  	%r1634, %r1626, %r661;
	ld.global.v4.u32 	{%r1635, %r1636, %r1637, %r1638}, [%r6+160];
	xor.b32  	%r1639, %r1631, %r1635;
	xor.b32  	%r1640, %r1632, %r1636;
	xor.b32  	%r1641, %r1633, %r1637;
	xor.b32  	%r1642, %r1634, %r1638;
	and.b32  	%r1643, %r1639, %r16;
	and.b32  	%r1644, %r1640, %r16;
	and.b32  	%r1645, %r1641, %r16;
	and.b32  	%r1646, %r1642, %r16;
	shr.u32 	%r1647, %r1639, %r13;
	shr.u32 	%r1648, %r1640, %r13;
	shr.u32 	%r1649, %r1641, %r13;
	shr.u32 	%r1650, %r1642, %r13;
	and.b32  	%r1651, %r1647, %r16;
	and.b32  	%r1652, %r1648, %r16;
	and.b32  	%r1653, %r1649, %r16;
	and.b32  	%r1654, %r1650, %r16;
	shr.u32 	%r1655, %r1639, %r17;
	shr.u32 	%r1656, %r1640, %r17;
	shr.u32 	%r1657, %r1641, %r17;
	shr.u32 	%r1658, %r1642, %r17;
	and.b32  	%r1659, %r1655, %r16;
	and.b32  	%r1660, %r1656, %r16;
	and.b32  	%r1661, %r1657, %r16;
	and.b32  	%r1662, %r1658, %r16;
	shr.u32 	%r1663, %r1639, %r11;
	shr.u32 	%r1664, %r1640, %r11;
	shr.u32 	%r1665, %r1641, %r11;
	shr.u32 	%r1666, %r1642, %r11;
	and.b32  	%r1667, %r1663, %r16;
	and.b32  	%r1668, %r1664, %r16;
	and.b32  	%r1669, %r1665, %r16;
	and.b32  	%r1670, %r1666, %r16;
	shl.b32 	%r663, %r1667, 2;
	add.s32 	%r664, %r20, %r663;
	ld.const.u32 	%r665, [%r664];
	shl.b32 	%r667, %r1668, 2;
	add.s32 	%r668, %r20, %r667;
	ld.const.u32 	%r669, [%r668];
	shl.b32 	%r671, %r1669, 2;
	add.s32 	%r672, %r20, %r671;
	ld.const.u32 	%r673, [%r672];
	shl.b32 	%r675, %r1670, 2;
	add.s32 	%r676, %r20, %r675;
	ld.const.u32 	%r677, [%r676];
	shl.b32 	%r679, %r1660, 2;
	add.s32 	%r680, %r37, %r679;
	ld.const.u32 	%r681, [%r680];
	shl.b32 	%r683, %r1661, 2;
	add.s32 	%r684, %r37, %r683;
	ld.const.u32 	%r685, [%r684];
	shl.b32 	%r687, %r1662, 2;
	add.s32 	%r688, %r37, %r687;
	ld.const.u32 	%r689, [%r688];
	shl.b32 	%r691, %r1659, 2;
	add.s32 	%r692, %r37, %r691;
	ld.const.u32 	%r693, [%r692];
	xor.b32  	%r1679, %r665, %r681;
	xor.b32  	%r1680, %r669, %r685;
	xor.b32  	%r1681, %r673, %r689;
	xor.b32  	%r1682, %r677, %r693;
	shl.b32 	%r695, %r1653, 2;
	add.s32 	%r696, %r54, %r695;
	ld.const.u32 	%r697, [%r696];
	shl.b32 	%r699, %r1654, 2;
	add.s32 	%r700, %r54, %r699;
	ld.const.u32 	%r701, [%r700];
	shl.b32 	%r703, %r1651, 2;
	add.s32 	%r704, %r54, %r703;
	ld.const.u32 	%r705, [%r704];
	shl.b32 	%r707, %r1652, 2;
	add.s32 	%r708, %r54, %r707;
	ld.const.u32 	%r709, [%r708];
	xor.b32  	%r1687, %r1679, %r697;
	xor.b32  	%r1688, %r1680, %r701;
	xor.b32  	%r1689, %r1681, %r705;
	xor.b32  	%r1690, %r1682, %r709;
	shl.b32 	%r711, %r1646, 2;
	add.s32 	%r712, %r71, %r711;
	ld.const.u32 	%r713, [%r712];
	shl.b32 	%r715, %r1643, 2;
	add.s32 	%r716, %r71, %r715;
	ld.const.u32 	%r717, [%r716];
	shl.b32 	%r719, %r1644, 2;
	add.s32 	%r720, %r71, %r719;
	ld.const.u32 	%r721, [%r720];
	shl.b32 	%r723, %r1645, 2;
	add.s32 	%r724, %r71, %r723;
	ld.const.u32 	%r725, [%r724];
	xor.b32  	%r1695, %r1687, %r713;
	xor.b32  	%r1696, %r1688, %r717;
	xor.b32  	%r1697, %r1689, %r721;
	xor.b32  	%r1698, %r1690, %r725;
	ld.global.v4.u32 	{%r1699, %r1700, %r1701, %r1702}, [%r6+176];
	xor.b32  	%r1703, %r1695, %r1699;
	xor.b32  	%r1704, %r1696, %r1700;
	xor.b32  	%r1705, %r1697, %r1701;
	xor.b32  	%r1706, %r1698, %r1702;
	and.b32  	%r1707, %r1703, %r16;
	and.b32  	%r1708, %r1704, %r16;
	and.b32  	%r1709, %r1705, %r16;
	and.b32  	%r1710, %r1706, %r16;
	shr.u32 	%r1711, %r1703, %r13;
	shr.u32 	%r1712, %r1704, %r13;
	shr.u32 	%r1713, %r1705, %r13;
	shr.u32 	%r1714, %r1706, %r13;
	and.b32  	%r1715, %r1711, %r16;
	and.b32  	%r1716, %r1712, %r16;
	and.b32  	%r1717, %r1713, %r16;
	and.b32  	%r1718, %r1714, %r16;
	shr.u32 	%r1719, %r1703, %r17;
	shr.u32 	%r1720, %r1704, %r17;
	shr.u32 	%r1721, %r1705, %r17;
	shr.u32 	%r1722, %r1706, %r17;
	and.b32  	%r1723, %r1719, %r16;
	and.b32  	%r1724, %r1720, %r16;
	and.b32  	%r1725, %r1721, %r16;
	and.b32  	%r1726, %r1722, %r16;
	shr.u32 	%r1727, %r1703, %r11;
	shr.u32 	%r1728, %r1704, %r11;
	shr.u32 	%r1729, %r1705, %r11;
	shr.u32 	%r1730, %r1706, %r11;
	and.b32  	%r1731, %r1727, %r16;
	and.b32  	%r1732, %r1728, %r16;
	and.b32  	%r1733, %r1729, %r16;
	and.b32  	%r1734, %r1730, %r16;
	shl.b32 	%r727, %r1731, 2;
	add.s32 	%r728, %r20, %r727;
	ld.const.u32 	%r729, [%r728];
	shl.b32 	%r731, %r1732, 2;
	add.s32 	%r732, %r20, %r731;
	ld.const.u32 	%r733, [%r732];
	shl.b32 	%r735, %r1733, 2;
	add.s32 	%r736, %r20, %r735;
	ld.const.u32 	%r737, [%r736];
	shl.b32 	%r739, %r1734, 2;
	add.s32 	%r740, %r20, %r739;
	ld.const.u32 	%r741, [%r740];
	shl.b32 	%r743, %r1724, 2;
	add.s32 	%r744, %r37, %r743;
	ld.const.u32 	%r745, [%r744];
	shl.b32 	%r747, %r1725, 2;
	add.s32 	%r748, %r37, %r747;
	ld.const.u32 	%r749, [%r748];
	shl.b32 	%r751, %r1726, 2;
	add.s32 	%r752, %r37, %r751;
	ld.const.u32 	%r753, [%r752];
	shl.b32 	%r755, %r1723, 2;
	add.s32 	%r756, %r37, %r755;
	ld.const.u32 	%r757, [%r756];
	xor.b32  	%r1743, %r729, %r745;
	xor.b32  	%r1744, %r733, %r749;
	xor.b32  	%r1745, %r737, %r753;
	xor.b32  	%r1746, %r741, %r757;
	shl.b32 	%r759, %r1717, 2;
	add.s32 	%r760, %r54, %r759;
	ld.const.u32 	%r761, [%r760];
	shl.b32 	%r763, %r1718, 2;
	add.s32 	%r764, %r54, %r763;
	ld.const.u32 	%r765, [%r764];
	shl.b32 	%r767, %r1715, 2;
	add.s32 	%r768, %r54, %r767;
	ld.const.u32 	%r769, [%r768];
	shl.b32 	%r771, %r1716, 2;
	add.s32 	%r772, %r54, %r771;
	ld.const.u32 	%r773, [%r772];
	xor.b32  	%r1751, %r1743, %r761;
	xor.b32  	%r1752, %r1744, %r765;
	xor.b32  	%r1753, %r1745, %r769;
	xor.b32  	%r1754, %r1746, %r773;
	shl.b32 	%r775, %r1710, 2;
	add.s32 	%r776, %r71, %r775;
	ld.const.u32 	%r777, [%r776];
	shl.b32 	%r779, %r1707, 2;
	add.s32 	%r780, %r71, %r779;
	ld.const.u32 	%r781, [%r780];
	shl.b32 	%r783, %r1708, 2;
	add.s32 	%r784, %r71, %r783;
	ld.const.u32 	%r785, [%r784];
	shl.b32 	%r787, %r1709, 2;
	add.s32 	%r788, %r71, %r787;
	ld.const.u32 	%r789, [%r788];
	xor.b32  	%r1759, %r1751, %r777;
	xor.b32  	%r1760, %r1752, %r781;
	xor.b32  	%r1761, %r1753, %r785;
	xor.b32  	%r1762, %r1754, %r789;
	ld.global.v4.u32 	{%r1763, %r1764, %r1765, %r1766}, [%r6+192];
	xor.b32  	%r1767, %r1759, %r1763;
	xor.b32  	%r1768, %r1760, %r1764;
	xor.b32  	%r1769, %r1761, %r1765;
	xor.b32  	%r1770, %r1762, %r1766;
	and.b32  	%r1771, %r1767, %r16;
	and.b32  	%r1772, %r1768, %r16;
	and.b32  	%r1773, %r1769, %r16;
	and.b32  	%r1774, %r1770, %r16;
	shr.u32 	%r1775, %r1767, %r13;
	shr.u32 	%r1776, %r1768, %r13;
	shr.u32 	%r1777, %r1769, %r13;
	shr.u32 	%r1778, %r1770, %r13;
	and.b32  	%r1779, %r1775, %r16;
	and.b32  	%r1780, %r1776, %r16;
	and.b32  	%r1781, %r1777, %r16;
	and.b32  	%r1782, %r1778, %r16;
	shr.u32 	%r1783, %r1767, %r17;
	shr.u32 	%r1784, %r1768, %r17;
	shr.u32 	%r1785, %r1769, %r17;
	shr.u32 	%r1786, %r1770, %r17;
	and.b32  	%r1787, %r1783, %r16;
	and.b32  	%r1788, %r1784, %r16;
	and.b32  	%r1789, %r1785, %r16;
	and.b32  	%r1790, %r1786, %r16;
	shr.u32 	%r1791, %r1767, %r11;
	shr.u32 	%r1792, %r1768, %r11;
	shr.u32 	%r1793, %r1769, %r11;
	shr.u32 	%r1794, %r1770, %r11;
	and.b32  	%r1795, %r1791, %r16;
	and.b32  	%r1796, %r1792, %r16;
	and.b32  	%r1797, %r1793, %r16;
	and.b32  	%r1798, %r1794, %r16;
	shl.b32 	%r791, %r1795, 2;
	add.s32 	%r792, %r20, %r791;
	ld.const.u32 	%r793, [%r792];
	shl.b32 	%r795, %r1796, 2;
	add.s32 	%r796, %r20, %r795;
	ld.const.u32 	%r797, [%r796];
	shl.b32 	%r799, %r1797, 2;
	add.s32 	%r800, %r20, %r799;
	ld.const.u32 	%r801, [%r800];
	shl.b32 	%r803, %r1798, 2;
	add.s32 	%r804, %r20, %r803;
	ld.const.u32 	%r805, [%r804];
	shl.b32 	%r807, %r1788, 2;
	add.s32 	%r808, %r37, %r807;
	ld.const.u32 	%r809, [%r808];
	shl.b32 	%r811, %r1789, 2;
	add.s32 	%r812, %r37, %r811;
	ld.const.u32 	%r813, [%r812];
	shl.b32 	%r815, %r1790, 2;
	add.s32 	%r816, %r37, %r815;
	ld.const.u32 	%r817, [%r816];
	shl.b32 	%r819, %r1787, 2;
	add.s32 	%r820, %r37, %r819;
	ld.const.u32 	%r821, [%r820];
	xor.b32  	%r1807, %r793, %r809;
	xor.b32  	%r1808, %r797, %r813;
	xor.b32  	%r1809, %r801, %r817;
	xor.b32  	%r1810, %r805, %r821;
	shl.b32 	%r823, %r1781, 2;
	add.s32 	%r824, %r54, %r823;
	ld.const.u32 	%r825, [%r824];
	shl.b32 	%r827, %r1782, 2;
	add.s32 	%r828, %r54, %r827;
	ld.const.u32 	%r829, [%r828];
	shl.b32 	%r831, %r1779, 2;
	add.s32 	%r832, %r54, %r831;
	ld.const.u32 	%r833, [%r832];
	shl.b32 	%r835, %r1780, 2;
	add.s32 	%r836, %r54, %r835;
	ld.const.u32 	%r837, [%r836];
	xor.b32  	%r1815, %r1807, %r825;
	xor.b32  	%r1816, %r1808, %r829;
	xor.b32  	%r1817, %r1809, %r833;
	xor.b32  	%r1818, %r1810, %r837;
	shl.b32 	%r839, %r1774, 2;
	add.s32 	%r840, %r71, %r839;
	ld.const.u32 	%r841, [%r840];
	shl.b32 	%r843, %r1771, 2;
	add.s32 	%r844, %r71, %r843;
	ld.const.u32 	%r845, [%r844];
	shl.b32 	%r847, %r1772, 2;
	add.s32 	%r848, %r71, %r847;
	ld.const.u32 	%r849, [%r848];
	shl.b32 	%r851, %r1773, 2;
	add.s32 	%r852, %r71, %r851;
	ld.const.u32 	%r853, [%r852];
	xor.b32  	%r1823, %r1815, %r841;
	xor.b32  	%r1824, %r1816, %r845;
	xor.b32  	%r1825, %r1817, %r849;
	xor.b32  	%r1826, %r1818, %r853;
	ld.global.v4.u32 	{%r1827, %r1828, %r1829, %r1830}, [%r6+208];
	xor.b32  	%r1831, %r1823, %r1827;
	xor.b32  	%r1832, %r1824, %r1828;
	xor.b32  	%r1833, %r1825, %r1829;
	xor.b32  	%r1834, %r1826, %r1830;
	and.b32  	%r1835, %r1831, %r16;
	and.b32  	%r1836, %r1832, %r16;
	and.b32  	%r1837, %r1833, %r16;
	and.b32  	%r1838, %r1834, %r16;
	shr.u32 	%r1839, %r1831, %r13;
	shr.u32 	%r1840, %r1832, %r13;
	shr.u32 	%r1841, %r1833, %r13;
	shr.u32 	%r1842, %r1834, %r13;
	and.b32  	%r1843, %r1839, %r16;
	and.b32  	%r1844, %r1840, %r16;
	and.b32  	%r1845, %r1841, %r16;
	and.b32  	%r1846, %r1842, %r16;
	shr.u32 	%r1847, %r1831, %r17;
	shr.u32 	%r1848, %r1832, %r17;
	shr.u32 	%r1849, %r1833, %r17;
	shr.u32 	%r1850, %r1834, %r17;
	and.b32  	%r1851, %r1847, %r16;
	and.b32  	%r1852, %r1848, %r16;
	and.b32  	%r1853, %r1849, %r16;
	and.b32  	%r1854, %r1850, %r16;
	shr.u32 	%r1855, %r1831, %r11;
	shr.u32 	%r1856, %r1832, %r11;
	shr.u32 	%r1857, %r1833, %r11;
	shr.u32 	%r1858, %r1834, %r11;
	and.b32  	%r1859, %r1855, %r16;
	and.b32  	%r1860, %r1856, %r16;
	and.b32  	%r1861, %r1857, %r16;
	and.b32  	%r1862, %r1858, %r16;
	shl.b32 	%r855, %r1859, 2;
	mov.u32 	%r856, Te4;
	add.s32 	%r857, %r856, %r855;
	ld.const.u32 	%r858, [%r857];
	shl.b32 	%r860, %r1860, 2;
	add.s32 	%r861, %r856, %r860;
	ld.const.u32 	%r862, [%r861];
	shl.b32 	%r864, %r1861, 2;
	add.s32 	%r865, %r856, %r864;
	ld.const.u32 	%r866, [%r865];
	shl.b32 	%r868, %r1862, 2;
	add.s32 	%r869, %r856, %r868;
	ld.const.u32 	%r870, [%r869];
	and.b32  	%r1867, %r858, %r12;
	and.b32  	%r1868, %r862, %r12;
	and.b32  	%r1869, %r866, %r12;
	and.b32  	%r1870, %r870, %r12;
	shl.b32 	%r872, %r1852, 2;
	add.s32 	%r873, %r856, %r872;
	ld.const.u32 	%r874, [%r873];
	shl.b32 	%r876, %r1853, 2;
	add.s32 	%r877, %r856, %r876;
	ld.const.u32 	%r878, [%r877];
	shl.b32 	%r880, %r1854, 2;
	add.s32 	%r881, %r856, %r880;
	ld.const.u32 	%r882, [%r881];
	shl.b32 	%r884, %r1851, 2;
	add.s32 	%r885, %r856, %r884;
	ld.const.u32 	%r886, [%r885];
	and.b32  	%r1875, %r874, %r14;
	and.b32  	%r1876, %r878, %r14;
	and.b32  	%r1877, %r882, %r14;
	and.b32  	%r1878, %r886, %r14;
	or.b32  	%r1879, %r1867, %r1875;
	or.b32  	%r1880, %r1868, %r1876;
	or.b32  	%r1881, %r1869, %r1877;
	or.b32  	%r1882, %r1870, %r1878;
	shl.b32 	%r888, %r1845, 2;
	add.s32 	%r889, %r856, %r888;
	ld.const.u32 	%r890, [%r889];
	shl.b32 	%r892, %r1846, 2;
	add.s32 	%r893, %r856, %r892;
	ld.const.u32 	%r894, [%r893];
	shl.b32 	%r896, %r1843, 2;
	add.s32 	%r897, %r856, %r896;
	ld.const.u32 	%r898, [%r897];
	shl.b32 	%r900, %r1844, 2;
	add.s32 	%r901, %r856, %r900;
	ld.const.u32 	%r902, [%r901];
	and.b32  	%r1887, %r890, %r15;
	and.b32  	%r1888, %r894, %r15;
	and.b32  	%r1889, %r898, %r15;
	and.b32  	%r1890, %r902, %r15;
	or.b32  	%r1891, %r1879, %r1887;
	or.b32  	%r1892, %r1880, %r1888;
	or.b32  	%r1893, %r1881, %r1889;
	or.b32  	%r1894, %r1882, %r1890;
	shl.b32 	%r904, %r1838, 2;
	add.s32 	%r905, %r856, %r904;
	ld.const.u32 	%r906, [%r905];
	shl.b32 	%r908, %r1835, 2;
	add.s32 	%r909, %r856, %r908;
	ld.const.u32 	%r910, [%r909];
	shl.b32 	%r912, %r1836, 2;
	add.s32 	%r913, %r856, %r912;
	ld.const.u32 	%r914, [%r913];
	shl.b32 	%r916, %r1837, 2;
	add.s32 	%r917, %r856, %r916;
	ld.const.u32 	%r918, [%r917];
	and.b32  	%r1899, %r906, %r16;
	and.b32  	%r1900, %r910, %r16;
	and.b32  	%r1901, %r914, %r16;
	and.b32  	%r1902, %r918, %r16;
	or.b32  	%r1903, %r1891, %r1899;
	or.b32  	%r1904, %r1892, %r1900;
	or.b32  	%r1905, %r1893, %r1901;
	or.b32  	%r1906, %r1894, %r1902;
	ld.global.v4.u32 	{%r1907, %r1908, %r1909, %r1910}, [%r6+224];
	xor.b32  	%r1911, %r1903, %r1907;
	xor.b32  	%r1912, %r1904, %r1908;
	xor.b32  	%r1913, %r1905, %r1909;
	xor.b32  	%r1914, %r1906, %r1910;
	shl.b32 	%r1915, %r1911, %r11;
	shl.b32 	%r1916, %r1912, %r11;
	shl.b32 	%r1917, %r1913, %r11;
	shl.b32 	%r1918, %r1914, %r11;
	and.b32  	%r1919, %r1915, %r12;
	and.b32  	%r1920, %r1916, %r12;
	and.b32  	%r1921, %r1917, %r12;
	and.b32  	%r1922, %r1918, %r12;
	shl.b32 	%r1923, %r1911, %r13;
	shl.b32 	%r1924, %r1912, %r13;
	shl.b32 	%r1925, %r1913, %r13;
	shl.b32 	%r1926, %r1914, %r13;
	and.b32  	%r1927, %r1923, %r14;
	and.b32  	%r1928, %r1924, %r14;
	and.b32  	%r1929, %r1925, %r14;
	and.b32  	%r1930, %r1926, %r14;
	or.b32  	%r1931, %r1919, %r1927;
	or.b32  	%r1932, %r1920, %r1928;
	or.b32  	%r1933, %r1921, %r1929;
	or.b32  	%r1934, %r1922, %r1930;
	shr.u32 	%r1935, %r1911, %r13;
	shr.u32 	%r1936, %r1912, %r13;
	shr.u32 	%r1937, %r1913, %r13;
	shr.u32 	%r1938, %r1914, %r13;
	and.b32  	%r1939, %r1935, %r15;
	and.b32  	%r1940, %r1936, %r15;
	and.b32  	%r1941, %r1937, %r15;
	and.b32  	%r1942, %r1938, %r15;
	or.b32  	%r1943, %r1931, %r1939;
	or.b32  	%r1944, %r1932, %r1940;
	or.b32  	%r1945, %r1933, %r1941;
	or.b32  	%r1946, %r1934, %r1942;
	shr.u32 	%r1947, %r1911, %r11;
	shr.u32 	%r1948, %r1912, %r11;
	shr.u32 	%r1949, %r1913, %r11;
	shr.u32 	%r1950, %r1914, %r11;
	and.b32  	%r1951, %r1947, %r16;
	and.b32  	%r1952, %r1948, %r16;
	and.b32  	%r1953, %r1949, %r16;
	and.b32  	%r1954, %r1950, %r16;
	or.b32  	%r1955, %r1943, %r1951;
	or.b32  	%r1956, %r1944, %r1952;
	or.b32  	%r1957, %r1945, %r1953;
	or.b32  	%r1958, %r1946, %r1954;
	st.global.v4.u32 	[%r10], {%r1955, %r1956, %r1957, %r1958};
	ret;
}