//
// Generated by NVIDIA NVVM Compiler
// Compiler built on Tue May 15 08:50:53 2012 (1337064653)
// Driver 
//

.version 3.0
.target sm_11, texmode_independent
.address_size 32

.visible .const .align 4 .u32 timestamp = 1346798418;
.visible .const .align 4 .b8 Te0[1024] = {165, 99, 99, 198, 132, 124, 124, 248, 153, 119, 119, 238, 141, 123, 123, 246, 13, 242, 242, 255, 189, 107, 107, 214, 177, 111, 111, 222, 84, 197, 197, 145, 80, 48, 48, 96, 3, 1, 1, 2, 169, 103, 103, 206, 125, 43, 43, 86, 25, 254, 254, 231, 98, 215, 215, 181, 230, 171, 171, 77, 154, 118, 118, 236, 69, 202, 202, 143, 157, 130, 130, 31, 64, 201, 201, 137, 135, 125, 125, 250, 21, 250, 250, 239, 235, 89, 89, 178, 201, 71, 71, 142, 11, 240, 240, 251, 236, 173, 173, 65, 103, 212, 212, 179, 253, 162, 162, 95, 234, 175, 175, 69, 191, 156, 156, 35, 247, 164, 164, 83, 150, 114, 114, 228, 91, 192, 192, 155, 194, 183, 183, 117, 28, 253, 253, 225, 174, 147, 147, 61, 106, 38, 38, 76, 90, 54, 54, 108, 65, 63, 63, 126, 2, 247, 247, 245, 79, 204, 204, 131, 92, 52, 52, 104, 244, 165, 165, 81, 52, 229, 229, 209, 8, 241, 241, 249, 147, 113, 113, 226, 115, 216, 216, 171, 83, 49, 49, 98, 63, 21, 21, 42, 12, 4, 4, 8, 82, 199, 199, 149, 101, 35, 35, 70, 94, 195, 195, 157, 40, 24, 24, 48, 161, 150, 150, 55, 15, 5, 5, 10, 181, 154, 154, 47, 9, 7, 7, 14, 54, 18, 18, 36, 155, 128, 128, 27, 61, 226, 226, 223, 38, 235, 235, 205, 105, 39, 39, 78, 205, 178, 178, 127, 159, 117, 117, 234, 27, 9, 9, 18, 158, 131, 131, 29, 116, 44, 44, 88, 46, 26, 26, 52, 45, 27, 27, 54, 178, 110, 110, 220, 238, 90, 90, 180, 251, 160, 160, 91, 246, 82, 82, 164, 77, 59, 59, 118, 97, 214, 214, 183, 206, 179, 179, 125, 123, 41, 41, 82, 62, 227, 227, 221, 113, 47, 47, 94, 151, 132, 132, 19, 245, 83, 83, 166, 104, 209, 209, 185, 0, 0, 0, 0, 44, 237, 237, 193, 96, 32, 32, 64, 31, 252, 252, 227, 200, 177, 177, 121, 237, 91, 91, 182, 190, 106, 106, 212, 70, 203, 203, 141, 217, 190, 190, 103, 75, 57, 57, 114, 222, 74, 74, 148, 212, 76, 76, 152, 232, 88, 88, 176, 74, 207, 207, 133, 107, 208, 208, 187, 42, 239, 239, 197, 229, 170, 170, 79, 22, 251, 251, 237, 197, 67, 67, 134, 215, 77, 77, 154, 85, 51, 51, 102, 148, 133, 133, 17, 207, 69, 69, 138, 16, 249, 249, 233, 6, 2, 2, 4, 129, 127, 127, 254, 240, 80, 80, 160, 68, 60, 60, 120, 186, 159, 159, 37, 227, 168, 168, 75, 243, 81, 81, 162, 254, 163, 163, 93, 192, 64, 64, 128, 138, 143, 143, 5, 173, 146, 146, 63, 188, 157, 157, 33, 72, 56, 56, 112, 4, 245, 245, 241, 223, 188, 188, 99, 193, 182, 182, 119, 117, 218, 218, 175, 99, 33, 33, 66, 48, 16, 16, 32, 26, 255, 255, 229, 14, 243, 243, 253, 109, 210, 210, 191, 76, 205, 205, 129, 20, 12, 12, 24, 53, 19, 19, 38, 47, 236, 236, 195, 225, 95, 95, 190, 162, 151, 151, 53, 204, 68, 68, 136, 57, 23, 23, 46, 87, 196, 196, 147, 242, 167, 167, 85, 130, 126, 126, 252, 71, 61, 61, 122, 172, 100, 100, 200, 231, 93, 93, 186, 43, 25, 25, 50, 149, 115, 115, 230, 160, 96, 96, 192, 152, 129, 129, 25, 209, 79, 79, 158, 127, 220, 220, 163, 102, 34, 34, 68, 126, 42, 42, 84, 171, 144, 144, 59, 131, 136, 136, 11, 202, 70, 70, 140, 41, 238, 238, 199, 211, 184, 184, 107, 60, 20, 20, 40, 121, 222, 222, 167, 226, 94, 94, 188, 29, 11, 11, 22, 118, 219, 219, 173, 59, 224, 224, 219, 86, 50, 50, 100, 78, 58, 58, 116, 30, 10, 10, 20, 219, 73, 73, 146, 10, 6, 6, 12, 108, 36, 36, 72, 228, 92, 92, 184, 93, 194, 194, 159, 110, 211, 211, 189, 239, 172, 172, 67, 166, 98, 98, 196, 168, 145, 145, 57, 164, 149, 149, 49, 55, 228, 228, 211, 139, 121, 121, 242, 50, 231, 231, 213, 67, 200, 200, 139, 89, 55, 55, 110, 183, 109, 109, 218, 140, 141, 141, 1, 100, 213, 213, 177, 210, 78, 78, 156, 224, 169, 169, 73, 180, 108, 108, 216, 250, 86, 86, 172, 7, 244, 244, 243, 37, 234, 234, 207, 175, 101, 101, 202, 142, 122, 122, 244, 233, 174, 174, 71, 24, 8, 8, 16, 213, 186, 186, 111, 136, 120, 120, 240, 111, 37, 37, 74, 114, 46, 46, 92, 36, 28, 28, 56, 241, 166, 166, 87, 199, 180, 180, 115, 81, 198, 198, 151, 35, 232, 232, 203, 124, 221, 221, 161, 156, 116, 116, 232, 33, 31, 31, 62, 221, 75, 75, 150, 220, 189, 189, 97, 134, 139, 139, 13, 133, 138, 138, 15, 144, 112, 112, 224, 66, 62, 62, 124, 196, 181, 181, 113, 170, 102, 102, 204, 216, 72, 72, 144, 5, 3, 3, 6, 1, 246, 246, 247, 18, 14, 14, 28, 163, 97, 97, 194, 95, 53, 53, 106, 249, 87, 87, 174, 208, 185, 185, 105, 145, 134, 134, 23, 88, 193, 193, 153, 39, 29, 29, 58, 185, 158, 158, 39, 56, 225, 225, 217, 19, 248, 248, 235, 179, 152, 152, 43, 51, 17, 17, 34, 187, 105, 105, 210, 112, 217, 217, 169, 137, 142, 142, 7, 167, 148, 148, 51, 182, 155, 155, 45, 34, 30, 30, 60, 146, 135, 135, 21, 32, 233, 233, 201, 73, 206, 206, 135, 255, 85, 85, 170, 120, 40, 40, 80, 122, 223, 223, 165, 143, 140, 140, 3, 248, 161, 161, 89, 128, 137, 137, 9, 23, 13, 13, 26, 218, 191, 191, 101, 49, 230, 230, 215, 198, 66, 66, 132, 184, 104, 104, 208, 195, 65, 65, 130, 176, 153, 153, 41, 119, 45, 45, 90, 17, 15, 15, 30, 203, 176, 176, 123, 252, 84, 84, 168, 214, 187, 187, 109, 58, 22, 22, 44};
.visible .const .align 4 .b8 Te1[1024] = {99, 99, 198, 165, 124, 124, 248, 132, 119, 119, 238, 153, 123, 123, 246, 141, 242, 242, 255, 13, 107, 107, 214, 189, 111, 111, 222, 177, 197, 197, 145, 84, 48, 48, 96, 80, 1, 1, 2, 3, 103, 103, 206, 169, 43, 43, 86, 125, 254, 254, 231, 25, 215, 215, 181, 98, 171, 171, 77, 230, 118, 118, 236, 154, 202, 202, 143, 69, 130, 130, 31, 157, 201, 201, 137, 64, 125, 125, 250, 135, 250, 250, 239, 21, 89, 89, 178, 235, 71, 71, 142, 201, 240, 240, 251, 11, 173, 173, 65, 236, 212, 212, 179, 103, 162, 162, 95, 253, 175, 175, 69, 234, 156, 156, 35, 191, 164, 164, 83, 247, 114, 114, 228, 150, 192, 192, 155, 91, 183, 183, 117, 194, 253, 253, 225, 28, 147, 147, 61, 174, 38, 38, 76, 106, 54, 54, 108, 90, 63, 63, 126, 65, 247, 247, 245, 2, 204, 204, 131, 79, 52, 52, 104, 92, 165, 165, 81, 244, 229, 229, 209, 52, 241, 241, 249, 8, 113, 113, 226, 147, 216, 216, 171, 115, 49, 49, 98, 83, 21, 21, 42, 63, 4, 4, 8, 12, 199, 199, 149, 82, 35, 35, 70, 101, 195, 195, 157, 94, 24, 24, 48, 40, 150, 150, 55, 161, 5, 5, 10, 15, 154, 154, 47, 181, 7, 7, 14, 9, 18, 18, 36, 54, 128, 128, 27, 155, 226, 226, 223, 61, 235, 235, 205, 38, 39, 39, 78, 105, 178, 178, 127, 205, 117, 117, 234, 159, 9, 9, 18, 27, 131, 131, 29, 158, 44, 44, 88, 116, 26, 26, 52, 46, 27, 27, 54, 45, 110, 110, 220, 178, 90, 90, 180, 238, 160, 160, 91, 251, 82, 82, 164, 246, 59, 59, 118, 77, 214, 214, 183, 97, 179, 179, 125, 206, 41, 41, 82, 123, 227, 227, 221, 62, 47, 47, 94, 113, 132, 132, 19, 151, 83, 83, 166, 245, 209, 209, 185, 104, 0, 0, 0, 0, 237, 237, 193, 44, 32, 32, 64, 96, 252, 252, 227, 31, 177, 177, 121, 200, 91, 91, 182, 237, 106, 106, 212, 190, 203, 203, 141, 70, 190, 190, 103, 217, 57, 57, 114, 75, 74, 74, 148, 222, 76, 76, 152, 212, 88, 88, 176, 232, 207, 207, 133, 74, 208, 208, 187, 107, 239, 239, 197, 42, 170, 170, 79, 229, 251, 251, 237, 22, 67, 67, 134, 197, 77, 77, 154, 215, 51, 51, 102, 85, 133, 133, 17, 148, 69, 69, 138, 207, 249, 249, 233, 16, 2, 2, 4, 6, 127, 127, 254, 129, 80, 80, 160, 240, 60, 60, 120, 68, 159, 159, 37, 186, 168, 168, 75, 227, 81, 81, 162, 243, 163, 163, 93, 254, 64, 64, 128, 192, 143, 143, 5, 138, 146, 146, 63, 173, 157, 157, 33, 188, 56, 56, 112, 72, 245, 245, 241, 4, 188, 188, 99, 223, 182, 182, 119, 193, 218, 218, 175, 117, 33, 33, 66, 99, 16, 16, 32, 48, 255, 255, 229, 26, 243, 243, 253, 14, 210, 210, 191, 109, 205, 205, 129, 76, 12, 12, 24, 20, 19, 19, 38, 53, 236, 236, 195, 47, 95, 95, 190, 225, 151, 151, 53, 162, 68, 68, 136, 204, 23, 23, 46, 57, 196, 196, 147, 87, 167, 167, 85, 242, 126, 126, 252, 130, 61, 61, 122, 71, 100, 100, 200, 172, 93, 93, 186, 231, 25, 25, 50, 43, 115, 115, 230, 149, 96, 96, 192, 160, 129, 129, 25, 152, 79, 79, 158, 209, 220, 220, 163, 127, 34, 34, 68, 102, 42, 42, 84, 126, 144, 144, 59, 171, 136, 136, 11, 131, 70, 70, 140, 202, 238, 238, 199, 41, 184, 184, 107, 211, 20, 20, 40, 60, 222, 222, 167, 121, 94, 94, 188, 226, 11, 11, 22, 29, 219, 219, 173, 118, 224, 224, 219, 59, 50, 50, 100, 86, 58, 58, 116, 78, 10, 10, 20, 30, 73, 73, 146, 219, 6, 6, 12, 10, 36, 36, 72, 108, 92, 92, 184, 228, 194, 194, 159, 93, 211, 211, 189, 110, 172, 172, 67, 239, 98, 98, 196, 166, 145, 145, 57, 168, 149, 149, 49, 164, 228, 228, 211, 55, 121, 121, 242, 139, 231, 231, 213, 50, 200, 200, 139, 67, 55, 55, 110, 89, 109, 109, 218, 183, 141, 141, 1, 140, 213, 213, 177, 100, 78, 78, 156, 210, 169, 169, 73, 224, 108, 108, 216, 180, 86, 86, 172, 250, 244, 244, 243, 7, 234, 234, 207, 37, 101, 101, 202, 175, 122, 122, 244, 142, 174, 174, 71, 233, 8, 8, 16, 24, 186, 186, 111, 213, 120, 120, 240, 136, 37, 37, 74, 111, 46, 46, 92, 114, 28, 28, 56, 36, 166, 166, 87, 241, 180, 180, 115, 199, 198, 198, 151, 81, 232, 232, 203, 35, 221, 221, 161, 124, 116, 116, 232, 156, 31, 31, 62, 33, 75, 75, 150, 221, 189, 189, 97, 220, 139, 139, 13, 134, 138, 138, 15, 133, 112, 112, 224, 144, 62, 62, 124, 66, 181, 181, 113, 196, 102, 102, 204, 170, 72, 72, 144, 216, 3, 3, 6, 5, 246, 246, 247, 1, 14, 14, 28, 18, 97, 97, 194, 163, 53, 53, 106, 95, 87, 87, 174, 249, 185, 185, 105, 208, 134, 134, 23, 145, 193, 193, 153, 88, 29, 29, 58, 39, 158, 158, 39, 185, 225, 225, 217, 56, 248, 248, 235, 19, 152, 152, 43, 179, 17, 17, 34, 51, 105, 105, 210, 187, 217, 217, 169, 112, 142, 142, 7, 137, 148, 148, 51, 167, 155, 155, 45, 182, 30, 30, 60, 34, 135, 135, 21, 146, 233, 233, 201, 32, 206, 206, 135, 73, 85, 85, 170, 255, 40, 40, 80, 120, 223, 223, 165, 122, 140, 140, 3, 143, 161, 161, 89, 248, 137, 137, 9, 128, 13, 13, 26, 23, 191, 191, 101, 218, 230, 230, 215, 49, 66, 66, 132, 198, 104, 104, 208, 184, 65, 65, 130, 195, 153, 153, 41, 176, 45, 45, 90, 119, 15, 15, 30, 17, 176, 176, 123, 203, 84, 84, 168, 252, 187, 187, 109, 214, 22, 22, 44, 58};
.visible .const .align 4 .b8 Te2[1024] = {99, 198, 165, 99, 124, 248, 132, 124, 119, 238, 153, 119, 123, 246, 141, 123, 242, 255, 13, 242, 107, 214, 189, 107, 111, 222, 177, 111, 197, 145, 84, 197, 48, 96, 80, 48, 1, 2, 3, 1, 103, 206, 169, 103, 43, 86, 125, 43, 254, 231, 25, 254, 215, 181, 98, 215, 171, 77, 230, 171, 118, 236, 154, 118, 202, 143, 69, 202, 130, 31, 157, 130, 201, 137, 64, 201, 125, 250, 135, 125, 250, 239, 21, 250, 89, 178, 235, 89, 71, 142, 201, 71, 240, 251, 11, 240, 173, 65, 236, 173, 212, 179, 103, 212, 162, 95, 253, 162, 175, 69, 234, 175, 156, 35, 191, 156, 164, 83, 247, 164, 114, 228, 150, 114, 192, 155, 91, 192, 183, 117, 194, 183, 253, 225, 28, 253, 147, 61, 174, 147, 38, 76, 106, 38, 54, 108, 90, 54, 63, 126, 65, 63, 247, 245, 2, 247, 204, 131, 79, 204, 52, 104, 92, 52, 165, 81, 244, 165, 229, 209, 52, 229, 241, 249, 8, 241, 113, 226, 147, 113, 216, 171, 115, 216, 49, 98, 83, 49, 21, 42, 63, 21, 4, 8, 12, 4, 199, 149, 82, 199, 35, 70, 101, 35, 195, 157, 94, 195, 24, 48, 40, 24, 150, 55, 161, 150, 5, 10, 15, 5, 154, 47, 181, 154, 7, 14, 9, 7, 18, 36, 54, 18, 128, 27, 155, 128, 226, 223, 61, 226, 235, 205, 38, 235, 39, 78, 105, 39, 178, 127, 205, 178, 117, 234, 159, 117, 9, 18, 27, 9, 131, 29, 158, 131, 44, 88, 116, 44, 26, 52, 46, 26, 27, 54, 45, 27, 110, 220, 178, 110, 90, 180, 238, 90, 160, 91, 251, 160, 82, 164, 246, 82, 59, 118, 77, 59, 214, 183, 97, 214, 179, 125, 206, 179, 41, 82, 123, 41, 227, 221, 62, 227, 47, 94, 113, 47, 132, 19, 151, 132, 83, 166, 245, 83, 209, 185, 104, 209, 0, 0, 0, 0, 237, 193, 44, 237, 32, 64, 96, 32, 252, 227, 31, 252, 177, 121, 200, 177, 91, 182, 237, 91, 106, 212, 190, 106, 203, 141, 70, 203, 190, 103, 217, 190, 57, 114, 75, 57, 74, 148, 222, 74, 76, 152, 212, 76, 88, 176, 232, 88, 207, 133, 74, 207, 208, 187, 107, 208, 239, 197, 42, 239, 170, 79, 229, 170, 251, 237, 22, 251, 67, 134, 197, 67, 77, 154, 215, 77, 51, 102, 85, 51, 133, 17, 148, 133, 69, 138, 207, 69, 249, 233, 16, 249, 2, 4, 6, 2, 127, 254, 129, 127, 80, 160, 240, 80, 60, 120, 68, 60, 159, 37, 186, 159, 168, 75, 227, 168, 81, 162, 243, 81, 163, 93, 254, 163, 64, 128, 192, 64, 143, 5, 138, 143, 146, 63, 173, 146, 157, 33, 188, 157, 56, 112, 72, 56, 245, 241, 4, 245, 188, 99, 223, 188, 182, 119, 193, 182, 218, 175, 117, 218, 33, 66, 99, 33, 16, 32, 48, 16, 255, 229, 26, 255, 243, 253, 14, 243, 210, 191, 109, 210, 205, 129, 76, 205, 12, 24, 20, 12, 19, 38, 53, 19, 236, 195, 47, 236, 95, 190, 225, 95, 151, 53, 162, 151, 68, 136, 204, 68, 23, 46, 57, 23, 196, 147, 87, 196, 167, 85, 242, 167, 126, 252, 130, 126, 61, 122, 71, 61, 100, 200, 172, 100, 93, 186, 231, 93, 25, 50, 43, 25, 115, 230, 149, 115, 96, 192, 160, 96, 129, 25, 152, 129, 79, 158, 209, 79, 220, 163, 127, 220, 34, 68, 102, 34, 42, 84, 126, 42, 144, 59, 171, 144, 136, 11, 131, 136, 70, 140, 202, 70, 238, 199, 41, 238, 184, 107, 211, 184, 20, 40, 60, 20, 222, 167, 121, 222, 94, 188, 226, 94, 11, 22, 29, 11, 219, 173, 118, 219, 224, 219, 59, 224, 50, 100, 86, 50, 58, 116, 78, 58, 10, 20, 30, 10, 73, 146, 219, 73, 6, 12, 10, 6, 36, 72, 108, 36, 92, 184, 228, 92, 194, 159, 93, 194, 211, 189, 110, 211, 172, 67, 239, 172, 98, 196, 166, 98, 145, 57, 168, 145, 149, 49, 164, 149, 228, 211, 55, 228, 121, 242, 139, 121, 231, 213, 50, 231, 200, 139, 67, 200, 55, 110, 89, 55, 109, 218, 183, 109, 141, 1, 140, 141, 213, 177, 100, 213, 78, 156, 210, 78, 169, 73, 224, 169, 108, 216, 180, 108, 86, 172, 250, 86, 244, 243, 7, 244, 234, 207, 37, 234, 101, 202, 175, 101, 122, 244, 142, 122, 174, 71, 233, 174, 8, 16, 24, 8, 186, 111, 213, 186, 120, 240, 136, 120, 37, 74, 111, 37, 46, 92, 114, 46, 28, 56, 36, 28, 166, 87, 241, 166, 180, 115, 199, 180, 198, 151, 81, 198, 232, 203, 35, 232, 221, 161, 124, 221, 116, 232, 156, 116, 31, 62, 33, 31, 75, 150, 221, 75, 189, 97, 220, 189, 139, 13, 134, 139, 138, 15, 133, 138, 112, 224, 144, 112, 62, 124, 66, 62, 181, 113, 196, 181, 102, 204, 170, 102, 72, 144, 216, 72, 3, 6, 5, 3, 246, 247, 1, 246, 14, 28, 18, 14, 97, 194, 163, 97, 53, 106, 95, 53, 87, 174, 249, 87, 185, 105, 208, 185, 134, 23, 145, 134, 193, 153, 88, 193, 29, 58, 39, 29, 158, 39, 185, 158, 225, 217, 56, 225, 248, 235, 19, 248, 152, 43, 179, 152, 17, 34, 51, 17, 105, 210, 187, 105, 217, 169, 112, 217, 142, 7, 137, 142, 148, 51, 167, 148, 155, 45, 182, 155, 30, 60, 34, 30, 135, 21, 146, 135, 233, 201, 32, 233, 206, 135, 73, 206, 85, 170, 255, 85, 40, 80, 120, 40, 223, 165, 122, 223, 140, 3, 143, 140, 161, 89, 248, 161, 137, 9, 128, 137, 13, 26, 23, 13, 191, 101, 218, 191, 230, 215, 49, 230, 66, 132, 198, 66, 104, 208, 184, 104, 65, 130, 195, 65, 153, 41, 176, 153, 45, 90, 119, 45, 15, 30, 17, 15, 176, 123, 203, 176, 84, 168, 252, 84, 187, 109, 214, 187, 22, 44, 58, 22};
.visible .const .align 4 .b8 Te3[1024] = {198, 165, 99, 99, 248, 132, 124, 124, 238, 153, 119, 119, 246, 141, 123, 123, 255, 13, 242, 242, 214, 189, 107, 107, 222, 177, 111, 111, 145, 84, 197, 197, 96, 80, 48, 48, 2, 3, 1, 1, 206, 169, 103, 103, 86, 125, 43, 43, 231, 25, 254, 254, 181, 98, 215, 215, 77, 230, 171, 171, 236, 154, 118, 118, 143, 69, 202, 202, 31, 157, 130, 130, 137, 64, 201, 201, 250, 135, 125, 125, 239, 21, 250, 250, 178, 235, 89, 89, 142, 201, 71, 71, 251, 11, 240, 240, 65, 236, 173, 173, 179, 103, 212, 212, 95, 253, 162, 162, 69, 234, 175, 175, 35, 191, 156, 156, 83, 247, 164, 164, 228, 150, 114, 114, 155, 91, 192, 192, 117, 194, 183, 183, 225, 28, 253, 253, 61, 174, 147, 147, 76, 106, 38, 38, 108, 90, 54, 54, 126, 65, 63, 63, 245, 2, 247, 247, 131, 79, 204, 204, 104, 92, 52, 52, 81, 244, 165, 165, 209, 52, 229, 229, 249, 8, 241, 241, 226, 147, 113, 113, 171, 115, 216, 216, 98, 83, 49, 49, 42, 63, 21, 21, 8, 12, 4, 4, 149, 82, 199, 199, 70, 101, 35, 35, 157, 94, 195, 195, 48, 40, 24, 24, 55, 161, 150, 150, 10, 15, 5, 5, 47, 181, 154, 154, 14, 9, 7, 7, 36, 54, 18, 18, 27, 155, 128, 128, 223, 61, 226, 226, 205, 38, 235, 235, 78, 105, 39, 39, 127, 205, 178, 178, 234, 159, 117, 117, 18, 27, 9, 9, 29, 158, 131, 131, 88, 116, 44, 44, 52, 46, 26, 26, 54, 45, 27, 27, 220, 178, 110, 110, 180, 238, 90, 90, 91, 251, 160, 160, 164, 246, 82, 82, 118, 77, 59, 59, 183, 97, 214, 214, 125, 206, 179, 179, 82, 123, 41, 41, 221, 62, 227, 227, 94, 113, 47, 47, 19, 151, 132, 132, 166, 245, 83, 83, 185, 104, 209, 209, 0, 0, 0, 0, 193, 44, 237, 237, 64, 96, 32, 32, 227, 31, 252, 252, 121, 200, 177, 177, 182, 237, 91, 91, 212, 190, 106, 106, 141, 70, 203, 203, 103, 217, 190, 190, 114, 75, 57, 57, 148, 222, 74, 74, 152, 212, 76, 76, 176, 232, 88, 88, 133, 74, 207, 207, 187, 107, 208, 208, 197, 42, 239, 239, 79, 229, 170, 170, 237, 22, 251, 251, 134, 197, 67, 67, 154, 215, 77, 77, 102, 85, 51, 51, 17, 148, 133, 133, 138, 207, 69, 69, 233, 16, 249, 249, 4, 6, 2, 2, 254, 129, 127, 127, 160, 240, 80, 80, 120, 68, 60, 60, 37, 186, 159, 159, 75, 227, 168, 168, 162, 243, 81, 81, 93, 254, 163, 163, 128, 192, 64, 64, 5, 138, 143, 143, 63, 173, 146, 146, 33, 188, 157, 157, 112, 72, 56, 56, 241, 4, 245, 245, 99, 223, 188, 188, 119, 193, 182, 182, 175, 117, 218, 218, 66, 99, 33, 33, 32, 48, 16, 16, 229, 26, 255, 255, 253, 14, 243, 243, 191, 109, 210, 210, 129, 76, 205, 205, 24, 20, 12, 12, 38, 53, 19, 19, 195, 47, 236, 236, 190, 225, 95, 95, 53, 162, 151, 151, 136, 204, 68, 68, 46, 57, 23, 23, 147, 87, 196, 196, 85, 242, 167, 167, 252, 130, 126, 126, 122, 71, 61, 61, 200, 172, 100, 100, 186, 231, 93, 93, 50, 43, 25, 25, 230, 149, 115, 115, 192, 160, 96, 96, 25, 152, 129, 129, 158, 209, 79, 79, 163, 127, 220, 220, 68, 102, 34, 34, 84, 126, 42, 42, 59, 171, 144, 144, 11, 131, 136, 136, 140, 202, 70, 70, 199, 41, 238, 238, 107, 211, 184, 184, 40, 60, 20, 20, 167, 121, 222, 222, 188, 226, 94, 94, 22, 29, 11, 11, 173, 118, 219, 219, 219, 59, 224, 224, 100, 86, 50, 50, 116, 78, 58, 58, 20, 30, 10, 10, 146, 219, 73, 73, 12, 10, 6, 6, 72, 108, 36, 36, 184, 228, 92, 92, 159, 93, 194, 194, 189, 110, 211, 211, 67, 239, 172, 172, 196, 166, 98, 98, 57, 168, 145, 145, 49, 164, 149, 149, 211, 55, 228, 228, 242, 139, 121, 121, 213, 50, 231, 231, 139, 67, 200, 200, 110, 89, 55, 55, 218, 183, 109, 109, 1, 140, 141, 141, 177, 100, 213, 213, 156, 210, 78, 78, 73, 224, 169, 169, 216, 180, 108, 108, 172, 250, 86, 86, 243, 7, 244, 244, 207, 37, 234, 234, 202, 175, 101, 101, 244, 142, 122, 122, 71, 233, 174, 174, 16, 24, 8, 8, 111, 213, 186, 186, 240, 136, 120, 120, 74, 111, 37, 37, 92, 114, 46, 46, 56, 36, 28, 28, 87, 241, 166, 166, 115, 199, 180, 180, 151, 81, 198, 198, 203, 35, 232, 232, 161, 124, 221, 221, 232, 156, 116, 116, 62, 33, 31, 31, 150, 221, 75, 75, 97, 220, 189, 189, 13, 134, 139, 139, 15, 133, 138, 138, 224, 144, 112, 112, 124, 66, 62, 62, 113, 196, 181, 181, 204, 170, 102, 102, 144, 216, 72, 72, 6, 5, 3, 3, 247, 1, 246, 246, 28, 18, 14, 14, 194, 163, 97, 97, 106, 95, 53, 53, 174, 249, 87, 87, 105, 208, 185, 185, 23, 145, 134, 134, 153, 88, 193, 193, 58, 39, 29, 29, 39, 185, 158, 158, 217, 56, 225, 225, 235, 19, 248, 248, 43, 179, 152, 152, 34, 51, 17, 17, 210, 187, 105, 105, 169, 112, 217, 217, 7, 137, 142, 142, 51, 167, 148, 148, 45, 182, 155, 155, 60, 34, 30, 30, 21, 146, 135, 135, 201, 32, 233, 233, 135, 73, 206, 206, 170, 255, 85, 85, 80, 120, 40, 40, 165, 122, 223, 223, 3, 143, 140, 140, 89, 248, 161, 161, 9, 128, 137, 137, 26, 23, 13, 13, 101, 218, 191, 191, 215, 49, 230, 230, 132, 198, 66, 66, 208, 184, 104, 104, 130, 195, 65, 65, 41, 176, 153, 153, 90, 119, 45, 45, 30, 17, 15, 15, 123, 203, 176, 176, 168, 252, 84, 84, 109, 214, 187, 187, 44, 58, 22, 22};
.visible .const .align 4 .b8 Te4[1024] = {99, 99, 99, 99, 124, 124, 124, 124, 119, 119, 119, 119, 123, 123, 123, 123, 242, 242, 242, 242, 107, 107, 107, 107, 111, 111, 111, 111, 197, 197, 197, 197, 48, 48, 48, 48, 1, 1, 1, 1, 103, 103, 103, 103, 43, 43, 43, 43, 254, 254, 254, 254, 215, 215, 215, 215, 171, 171, 171, 171, 118, 118, 118, 118, 202, 202, 202, 202, 130, 130, 130, 130, 201, 201, 201, 201, 125, 125, 125, 125, 250, 250, 250, 250, 89, 89, 89, 89, 71, 71, 71, 71, 240, 240, 240, 240, 173, 173, 173, 173, 212, 212, 212, 212, 162, 162, 162, 162, 175, 175, 175, 175, 156, 156, 156, 156, 164, 164, 164, 164, 114, 114, 114, 114, 192, 192, 192, 192, 183, 183, 183, 183, 253, 253, 253, 253, 147, 147, 147, 147, 38, 38, 38, 38, 54, 54, 54, 54, 63, 63, 63, 63, 247, 247, 247, 247, 204, 204, 204, 204, 52, 52, 52, 52, 165, 165, 165, 165, 229, 229, 229, 229, 241, 241, 241, 241, 113, 113, 113, 113, 216, 216, 216, 216, 49, 49, 49, 49, 21, 21, 21, 21, 4, 4, 4, 4, 199, 199, 199, 199, 35, 35, 35, 35, 195, 195, 195, 195, 24, 24, 24, 24, 150, 150, 150, 150, 5, 5, 5, 5, 154, 154, 154, 154, 7, 7, 7, 7, 18, 18, 18, 18, 128, 128, 128, 128, 226, 226, 226, 226, 235, 235, 235, 235, 39, 39, 39, 39, 178, 178, 178, 178, 117, 117, 117, 117, 9, 9, 9, 9, 131, 131, 131, 131, 44, 44, 44, 44, 26, 26, 26, 26, 27, 27, 27, 27, 110, 110, 110, 110, 90, 90, 90, 90, 160, 160, 160, 160, 82, 82, 82, 82, 59, 59, 59, 59, 214, 214, 214, 214, 179, 179, 179, 179, 41, 41, 41, 41, 227, 227, 227, 227, 47, 47, 47, 47, 132, 132, 132, 132, 83, 83, 83, 83, 209, 209, 209, 209, 0, 0, 0, 0, 237, 237, 237, 237, 32, 32, 32, 32, 252, 252, 252, 252, 177, 177, 177, 177, 91, 91, 91, 91, 106, 106, 106, 106, 203, 203, 203, 203, 190, 190, 190, 190, 57, 57, 57, 57, 74, 74, 74, 74, 76, 76, 76, 76, 88, 88, 88, 88, 207, 207, 207, 207, 208, 208, 208, 208, 239, 239, 239, 239, 170, 170, 170, 170, 251, 251, 251, 251, 67, 67, 67, 67, 77, 77, 77, 77, 51, 51, 51, 51, 133, 133, 133, 133, 69, 69, 69, 69, 249, 249, 249, 249, 2, 2, 2, 2, 127, 127, 127, 127, 80, 80, 80, 80, 60, 60, 60, 60, 159, 159, 159, 159, 168, 168, 168, 168, 81, 81, 81, 81, 163, 163, 163, 163, 64, 64, 64, 64, 143, 143, 143, 143, 146, 146, 146, 146, 157, 157, 157, 157, 56, 56, 56, 56, 245, 245, 245, 245, 188, 188, 188, 188, 182, 182, 182, 182, 218, 218, 218, 218, 33, 33, 33, 33, 16, 16, 16, 16, 255, 255, 255, 255, 243, 243, 243, 243, 210, 210, 210, 210, 205, 205, 205, 205, 12, 12, 12, 12, 19, 19, 19, 19, 236, 236, 236, 236, 95, 95, 95, 95, 151, 151, 151, 151, 68, 68, 68, 68, 23, 23, 23, 23, 196, 196, 196, 196, 167, 167, 167, 167, 126, 126, 126, 126, 61, 61, 61, 61, 100, 100, 100, 100, 93, 93, 93, 93, 25, 25, 25, 25, 115, 115, 115, 115, 96, 96, 96, 96, 129, 129, 129, 129, 79, 79, 79, 79, 220, 220, 220, 220, 34, 34, 34, 34, 42, 42, 42, 42, 144, 144, 144, 144, 136, 136, 136, 136, 70, 70, 70, 70, 238, 238, 238, 238, 184, 184, 184, 184, 20, 20, 20, 20, 222, 222, 222, 222, 94, 94, 94, 94, 11, 11, 11, 11, 219, 219, 219, 219, 224, 224, 224, 224, 50, 50, 50, 50, 58, 58, 58, 58, 10, 10, 10, 10, 73, 73, 73, 73, 6, 6, 6, 6, 36, 36, 36, 36, 92, 92, 92, 92, 194, 194, 194, 194, 211, 211, 211, 211, 172, 172, 172, 172, 98, 98, 98, 98, 145, 145, 145, 145, 149, 149, 149, 149, 228, 228, 228, 228, 121, 121, 121, 121, 231, 231, 231, 231, 200, 200, 200, 200, 55, 55, 55, 55, 109, 109, 109, 109, 141, 141, 141, 141, 213, 213, 213, 213, 78, 78, 78, 78, 169, 169, 169, 169, 108, 108, 108, 108, 86, 86, 86, 86, 244, 244, 244, 244, 234, 234, 234, 234, 101, 101, 101, 101, 122, 122, 122, 122, 174, 174, 174, 174, 8, 8, 8, 8, 186, 186, 186, 186, 120, 120, 120, 120, 37, 37, 37, 37, 46, 46, 46, 46, 28, 28, 28, 28, 166, 166, 166, 166, 180, 180, 180, 180, 198, 198, 198, 198, 232, 232, 232, 232, 221, 221, 221, 221, 116, 116, 116, 116, 31, 31, 31, 31, 75, 75, 75, 75, 189, 189, 189, 189, 139, 139, 139, 139, 138, 138, 138, 138, 112, 112, 112, 112, 62, 62, 62, 62, 181, 181, 181, 181, 102, 102, 102, 102, 72, 72, 72, 72, 3, 3, 3, 3, 246, 246, 246, 246, 14, 14, 14, 14, 97, 97, 97, 97, 53, 53, 53, 53, 87, 87, 87, 87, 185, 185, 185, 185, 134, 134, 134, 134, 193, 193, 193, 193, 29, 29, 29, 29, 158, 158, 158, 158, 225, 225, 225, 225, 248, 248, 248, 248, 152, 152, 152, 152, 17, 17, 17, 17, 105, 105, 105, 105, 217, 217, 217, 217, 142, 142, 142, 142, 148, 148, 148, 148, 155, 155, 155, 155, 30, 30, 30, 30, 135, 135, 135, 135, 233, 233, 233, 233, 206, 206, 206, 206, 85, 85, 85, 85, 40, 40, 40, 40, 223, 223, 223, 223, 140, 140, 140, 140, 161, 161, 161, 161, 137, 137, 137, 137, 13, 13, 13, 13, 191, 191, 191, 191, 230, 230, 230, 230, 66, 66, 66, 66, 104, 104, 104, 104, 65, 65, 65, 65, 153, 153, 153, 153, 45, 45, 45, 45, 15, 15, 15, 15, 176, 176, 176, 176, 84, 84, 84, 84, 187, 187, 187, 187, 22, 22, 22, 22};
.extern .shared .align 16 .b8 shr_1_lroundkeys[240];

.entry aes_vector_unroll_local_roundkeys_if(
	.param .u32 .ptr .global .align 16 aes_vector_unroll_local_roundkeys_if_param_0,
	.param .u32 .ptr .global .align 16 aes_vector_unroll_local_roundkeys_if_param_1
)
{
	.reg .pred 	%p<2>;
	.reg .s32 	%r<1971>;


	// inline asm
	mov.u32 	%r5, %envreg3;
	// inline asm
	// inline asm
	mov.u32 	%r6, %ntid.x;
	// inline asm
	// inline asm
	mov.u32 	%r7, %ctaid.x;
	// inline asm
	// inline asm
	mov.u32 	%r8, %tid.x;
	// inline asm
	add.s32 	%r10, %r8, %r5;
	mad.lo.s32 	%r3, %r7, %r6, %r10;
	// inline asm
	mov.u32 	%r9, %tid.x;
	// inline asm
	setp.gt.u32 	%p1, %r9, 14;
	@%p1 bra 	BB0_2;

	shl.b32 	%r11, %r9, 4;
	ld.param.u32 	%r1970, [aes_vector_unroll_local_roundkeys_if_param_1];
	add.s32 	%r12, %r1970, %r11;
	mov.u32 	%r13, shr_1_lroundkeys;
	add.s32 	%r14, %r13, %r11;
	ld.global.v4.u32 	{%r1965, %r1966, %r1967, %r1968}, [%r12];
	st.shared.v4.u32 	[%r14], {%r1965, %r1966, %r1967, %r1968};

BB0_2:
	bar.sync 	0;
	shl.b32 	%r15, %r3, 4;
	ld.param.u32 	%r1969, [aes_vector_unroll_local_roundkeys_if_param_0];
	add.s32 	%r16, %r1969, %r15;
	ld.global.v4.u32 	{%r925, %r926, %r927, %r928}, [%r16];
	mov.u32 	%r17, 24;
	shl.b32 	%r933, %r925, %r17;
	shl.b32 	%r934, %r926, %r17;
	shl.b32 	%r935, %r927, %r17;
	shl.b32 	%r936, %r928, %r17;
	mov.u32 	%r18, -16777216;
	and.b32  	%r941, %r933, %r18;
	and.b32  	%r942, %r934, %r18;
	and.b32  	%r943, %r935, %r18;
	and.b32  	%r944, %r936, %r18;
	mov.u32 	%r19, 8;
	shl.b32 	%r949, %r925, %r19;
	shl.b32 	%r950, %r926, %r19;
	shl.b32 	%r951, %r927, %r19;
	shl.b32 	%r952, %r928, %r19;
	mov.u32 	%r20, 16711680;
	and.b32  	%r957, %r949, %r20;
	and.b32  	%r958, %r950, %r20;
	and.b32  	%r959, %r951, %r20;
	and.b32  	%r960, %r952, %r20;
	or.b32  	%r961, %r941, %r957;
	or.b32  	%r962, %r942, %r958;
	or.b32  	%r963, %r943, %r959;
	or.b32  	%r964, %r944, %r960;
	shr.u32 	%r965, %r925, %r19;
	shr.u32 	%r966, %r926, %r19;
	shr.u32 	%r967, %r927, %r19;
	shr.u32 	%r968, %r928, %r19;
	mov.u32 	%r21, 65280;
	and.b32  	%r973, %r965, %r21;
	and.b32  	%r974, %r966, %r21;
	and.b32  	%r975, %r967, %r21;
	and.b32  	%r976, %r968, %r21;
	or.b32  	%r977, %r961, %r973;
	or.b32  	%r978, %r962, %r974;
	or.b32  	%r979, %r963, %r975;
	or.b32  	%r980, %r964, %r976;
	shr.u32 	%r981, %r925, %r17;
	shr.u32 	%r982, %r926, %r17;
	shr.u32 	%r983, %r927, %r17;
	shr.u32 	%r984, %r928, %r17;
	mov.u32 	%r22, 255;
	and.b32  	%r989, %r981, %r22;
	and.b32  	%r990, %r982, %r22;
	and.b32  	%r991, %r983, %r22;
	and.b32  	%r992, %r984, %r22;
	or.b32  	%r993, %r977, %r989;
	or.b32  	%r994, %r978, %r990;
	or.b32  	%r995, %r979, %r991;
	or.b32  	%r996, %r980, %r992;
	ld.shared.v4.u32 	{%r997, %r998, %r999, %r1000}, [shr_1_lroundkeys];
	xor.b32  	%r1001, %r993, %r997;
	xor.b32  	%r1002, %r994, %r998;
	xor.b32  	%r1003, %r995, %r999;
	xor.b32  	%r1004, %r996, %r1000;
	and.b32  	%r1005, %r1001, %r22;
	and.b32  	%r1006, %r1002, %r22;
	and.b32  	%r1007, %r1003, %r22;
	and.b32  	%r1008, %r1004, %r22;
	shr.u32 	%r1009, %r1001, %r19;
	shr.u32 	%r1010, %r1002, %r19;
	shr.u32 	%r1011, %r1003, %r19;
	shr.u32 	%r1012, %r1004, %r19;
	and.b32  	%r1013, %r1009, %r22;
	and.b32  	%r1014, %r1010, %r22;
	and.b32  	%r1015, %r1011, %r22;
	and.b32  	%r1016, %r1012, %r22;
	mov.u32 	%r23, 16;
	shr.u32 	%r1021, %r1001, %r23;
	shr.u32 	%r1022, %r1002, %r23;
	shr.u32 	%r1023, %r1003, %r23;
	shr.u32 	%r1024, %r1004, %r23;
	and.b32  	%r1025, %r1021, %r22;
	and.b32  	%r1026, %r1022, %r22;
	and.b32  	%r1027, %r1023, %r22;
	and.b32  	%r1028, %r1024, %r22;
	shr.u32 	%r1029, %r1001, %r17;
	shr.u32 	%r1030, %r1002, %r17;
	shr.u32 	%r1031, %r1003, %r17;
	shr.u32 	%r1032, %r1004, %r17;
	and.b32  	%r1033, %r1029, %r22;
	and.b32  	%r1034, %r1030, %r22;
	and.b32  	%r1035, %r1031, %r22;
	and.b32  	%r1036, %r1032, %r22;
	shl.b32 	%r25, %r1033, 2;
	mov.u32 	%r26, Te0;
	add.s32 	%r27, %r26, %r25;
	ld.const.u32 	%r28, [%r27];
	shl.b32 	%r30, %r1034, 2;
	add.s32 	%r31, %r26, %r30;
	ld.const.u32 	%r32, [%r31];
	shl.b32 	%r34, %r1035, 2;
	add.s32 	%r35, %r26, %r34;
	ld.const.u32 	%r36, [%r35];
	shl.b32 	%r38, %r1036, 2;
	add.s32 	%r39, %r26, %r38;
	ld.const.u32 	%r40, [%r39];
	shl.b32 	%r42, %r1026, 2;
	mov.u32 	%r43, Te1;
	add.s32 	%r44, %r43, %r42;
	ld.const.u32 	%r45, [%r44];
	shl.b32 	%r47, %r1027, 2;
	add.s32 	%r48, %r43, %r47;
	ld.const.u32 	%r49, [%r48];
	shl.b32 	%r51, %r1028, 2;
	add.s32 	%r52, %r43, %r51;
	ld.const.u32 	%r53, [%r52];
	shl.b32 	%r55, %r1025, 2;
	add.s32 	%r56, %r43, %r55;
	ld.const.u32 	%r57, [%r56];
	xor.b32  	%r1045, %r28, %r45;
	xor.b32  	%r1046, %r32, %r49;
	xor.b32  	%r1047, %r36, %r53;
	xor.b32  	%r1048, %r40, %r57;
	shl.b32 	%r59, %r1015, 2;
	mov.u32 	%r60, Te2;
	add.s32 	%r61, %r60, %r59;
	ld.const.u32 	%r62, [%r61];
	shl.b32 	%r64, %r1016, 2;
	add.s32 	%r65, %r60, %r64;
	ld.const.u32 	%r66, [%r65];
	shl.b32 	%r68, %r1013, 2;
	add.s32 	%r69, %r60, %r68;
	ld.const.u32 	%r70, [%r69];
	shl.b32 	%r72, %r1014, 2;
	add.s32 	%r73, %r60, %r72;
	ld.const.u32 	%r74, [%r73];
	xor.b32  	%r1053, %r1045, %r62;
	xor.b32  	%r1054, %r1046, %r66;
	xor.b32  	%r1055, %r1047, %r70;
	xor.b32  	%r1056, %r1048, %r74;
	shl.b32 	%r76, %r1008, 2;
	mov.u32 	%r77, Te3;
	add.s32 	%r78, %r77, %r76;
	ld.const.u32 	%r79, [%r78];
	shl.b32 	%r81, %r1005, 2;
	add.s32 	%r82, %r77, %r81;
	ld.const.u32 	%r83, [%r82];
	shl.b32 	%r85, %r1006, 2;
	add.s32 	%r86, %r77, %r85;
	ld.const.u32 	%r87, [%r86];
	shl.b32 	%r89, %r1007, 2;
	add.s32 	%r90, %r77, %r89;
	ld.const.u32 	%r91, [%r90];
	xor.b32  	%r1061, %r1053, %r79;
	xor.b32  	%r1062, %r1054, %r83;
	xor.b32  	%r1063, %r1055, %r87;
	xor.b32  	%r1064, %r1056, %r91;
	ld.shared.v4.u32 	{%r1065, %r1066, %r1067, %r1068}, [shr_1_lroundkeys+16];
	xor.b32  	%r1069, %r1061, %r1065;
	xor.b32  	%r1070, %r1062, %r1066;
	xor.b32  	%r1071, %r1063, %r1067;
	xor.b32  	%r1072, %r1064, %r1068;
	and.b32  	%r1073, %r1069, %r22;
	and.b32  	%r1074, %r1070, %r22;
	and.b32  	%r1075, %r1071, %r22;
	and.b32  	%r1076, %r1072, %r22;
	shr.u32 	%r1077, %r1069, %r19;
	shr.u32 	%r1078, %r1070, %r19;
	shr.u32 	%r1079, %r1071, %r19;
	shr.u32 	%r1080, %r1072, %r19;
	and.b32  	%r1081, %r1077, %r22;
	and.b32  	%r1082, %r1078, %r22;
	and.b32  	%r1083, %r1079, %r22;
	and.b32  	%r1084, %r1080, %r22;
	shr.u32 	%r1085, %r1069, %r23;
	shr.u32 	%r1086, %r1070, %r23;
	shr.u32 	%r1087, %r1071, %r23;
	shr.u32 	%r1088, %r1072, %r23;
	and.b32  	%r1089, %r1085, %r22;
	and.b32  	%r1090, %r1086, %r22;
	and.b32  	%r1091, %r1087, %r22;
	and.b32  	%r1092, %r1088, %r22;
	shr.u32 	%r1093, %r1069, %r17;
	shr.u32 	%r1094, %r1070, %r17;
	shr.u32 	%r1095, %r1071, %r17;
	shr.u32 	%r1096, %r1072, %r17;
	and.b32  	%r1097, %r1093, %r22;
	and.b32  	%r1098, %r1094, %r22;
	and.b32  	%r1099, %r1095, %r22;
	and.b32  	%r1100, %r1096, %r22;
	shl.b32 	%r93, %r1097, 2;
	add.s32 	%r94, %r26, %r93;
	ld.const.u32 	%r95, [%r94];
	shl.b32 	%r97, %r1098, 2;
	add.s32 	%r98, %r26, %r97;
	ld.const.u32 	%r99, [%r98];
	shl.b32 	%r101, %r1099, 2;
	add.s32 	%r102, %r26, %r101;
	ld.const.u32 	%r103, [%r102];
	shl.b32 	%r105, %r1100, 2;
	add.s32 	%r106, %r26, %r105;
	ld.const.u32 	%r107, [%r106];
	shl.b32 	%r109, %r1090, 2;
	add.s32 	%r110, %r43, %r109;
	ld.const.u32 	%r111, [%r110];
	shl.b32 	%r113, %r1091, 2;
	add.s32 	%r114, %r43, %r113;
	ld.const.u32 	%r115, [%r114];
	shl.b32 	%r117, %r1092, 2;
	add.s32 	%r118, %r43, %r117;
	ld.const.u32 	%r119, [%r118];
	shl.b32 	%r121, %r1089, 2;
	add.s32 	%r122, %r43, %r121;
	ld.const.u32 	%r123, [%r122];
	xor.b32  	%r1109, %r95, %r111;
	xor.b32  	%r1110, %r99, %r115;
	xor.b32  	%r1111, %r103, %r119;
	xor.b32  	%r1112, %r107, %r123;
	shl.b32 	%r125, %r1083, 2;
	add.s32 	%r126, %r60, %r125;
	ld.const.u32 	%r127, [%r126];
	shl.b32 	%r129, %r1084, 2;
	add.s32 	%r130, %r60, %r129;
	ld.const.u32 	%r131, [%r130];
	shl.b32 	%r133, %r1081, 2;
	add.s32 	%r134, %r60, %r133;
	ld.const.u32 	%r135, [%r134];
	shl.b32 	%r137, %r1082, 2;
	add.s32 	%r138, %r60, %r137;
	ld.const.u32 	%r139, [%r138];
	xor.b32  	%r1117, %r1109, %r127;
	xor.b32  	%r1118, %r1110, %r131;
	xor.b32  	%r1119, %r1111, %r135;
	xor.b32  	%r1120, %r1112, %r139;
	shl.b32 	%r141, %r1076, 2;
	add.s32 	%r142, %r77, %r141;
	ld.const.u32 	%r143, [%r142];
	shl.b32 	%r145, %r1073, 2;
	add.s32 	%r146, %r77, %r145;
	ld.const.u32 	%r147, [%r146];
	shl.b32 	%r149, %r1074, 2;
	add.s32 	%r150, %r77, %r149;
	ld.const.u32 	%r151, [%r150];
	shl.b32 	%r153, %r1075, 2;
	add.s32 	%r154, %r77, %r153;
	ld.const.u32 	%r155, [%r154];
	xor.b32  	%r1125, %r1117, %r143;
	xor.b32  	%r1126, %r1118, %r147;
	xor.b32  	%r1127, %r1119, %r151;
	xor.b32  	%r1128, %r1120, %r155;
	ld.shared.v4.u32 	{%r1129, %r1130, %r1131, %r1132}, [shr_1_lroundkeys+32];
	xor.b32  	%r1133, %r1125, %r1129;
	xor.b32  	%r1134, %r1126, %r1130;
	xor.b32  	%r1135, %r1127, %r1131;
	xor.b32  	%r1136, %r1128, %r1132;
	and.b32  	%r1137, %r1133, %r22;
	and.b32  	%r1138, %r1134, %r22;
	and.b32  	%r1139, %r1135, %r22;
	and.b32  	%r1140, %r1136, %r22;
	shr.u32 	%r1141, %r1133, %r19;
	shr.u32 	%r1142, %r1134, %r19;
	shr.u32 	%r1143, %r1135, %r19;
	shr.u32 	%r1144, %r1136, %r19;
	and.b32  	%r1145, %r1141, %r22;
	and.b32  	%r1146, %r1142, %r22;
	and.b32  	%r1147, %r1143, %r22;
	and.b32  	%r1148, %r1144, %r22;
	shr.u32 	%r1149, %r1133, %r23;
	shr.u32 	%r1150, %r1134, %r23;
	shr.u32 	%r1151, %r1135, %r23;
	shr.u32 	%r1152, %r1136, %r23;
	and.b32  	%r1153, %r1149, %r22;
	and.b32  	%r1154, %r1150, %r22;
	and.b32  	%r1155, %r1151, %r22;
	and.b32  	%r1156, %r1152, %r22;
	shr.u32 	%r1157, %r1133, %r17;
	shr.u32 	%r1158, %r1134, %r17;
	shr.u32 	%r1159, %r1135, %r17;
	shr.u32 	%r1160, %r1136, %r17;
	and.b32  	%r1161, %r1157, %r22;
	and.b32  	%r1162, %r1158, %r22;
	and.b32  	%r1163, %r1159, %r22;
	and.b32  	%r1164, %r1160, %r22;
	shl.b32 	%r157, %r1161, 2;
	add.s32 	%r158, %r26, %r157;
	ld.const.u32 	%r159, [%r158];
	shl.b32 	%r161, %r1162, 2;
	add.s32 	%r162, %r26, %r161;
	ld.const.u32 	%r163, [%r162];
	shl.b32 	%r165, %r1163, 2;
	add.s32 	%r166, %r26, %r165;
	ld.const.u32 	%r167, [%r166];
	shl.b32 	%r169, %r1164, 2;
	add.s32 	%r170, %r26, %r169;
	ld.const.u32 	%r171, [%r170];
	shl.b32 	%r173, %r1154, 2;
	add.s32 	%r174, %r43, %r173;
	ld.const.u32 	%r175, [%r174];
	shl.b32 	%r177, %r1155, 2;
	add.s32 	%r178, %r43, %r177;
	ld.const.u32 	%r179, [%r178];
	shl.b32 	%r181, %r1156, 2;
	add.s32 	%r182, %r43, %r181;
	ld.const.u32 	%r183, [%r182];
	shl.b32 	%r185, %r1153, 2;
	add.s32 	%r186, %r43, %r185;
	ld.const.u32 	%r187, [%r186];
	xor.b32  	%r1173, %r159, %r175;
	xor.b32  	%r1174, %r163, %r179;
	xor.b32  	%r1175, %r167, %r183;
	xor.b32  	%r1176, %r171, %r187;
	shl.b32 	%r189, %r1147, 2;
	add.s32 	%r190, %r60, %r189;
	ld.const.u32 	%r191, [%r190];
	shl.b32 	%r193, %r1148, 2;
	add.s32 	%r194, %r60, %r193;
	ld.const.u32 	%r195, [%r194];
	shl.b32 	%r197, %r1145, 2;
	add.s32 	%r198, %r60, %r197;
	ld.const.u32 	%r199, [%r198];
	shl.b32 	%r201, %r1146, 2;
	add.s32 	%r202, %r60, %r201;
	ld.const.u32 	%r203, [%r202];
	xor.b32  	%r1181, %r1173, %r191;
	xor.b32  	%r1182, %r1174, %r195;
	xor.b32  	%r1183, %r1175, %r199;
	xor.b32  	%r1184, %r1176, %r203;
	shl.b32 	%r205, %r1140, 2;
	add.s32 	%r206, %r77, %r205;
	ld.const.u32 	%r207, [%r206];
	shl.b32 	%r209, %r1137, 2;
	add.s32 	%r210, %r77, %r209;
	ld.const.u32 	%r211, [%r210];
	shl.b32 	%r213, %r1138, 2;
	add.s32 	%r214, %r77, %r213;
	ld.const.u32 	%r215, [%r214];
	shl.b32 	%r217, %r1139, 2;
	add.s32 	%r218, %r77, %r217;
	ld.const.u32 	%r219, [%r218];
	xor.b32  	%r1189, %r1181, %r207;
	xor.b32  	%r1190, %r1182, %r211;
	xor.b32  	%r1191, %r1183, %r215;
	xor.b32  	%r1192, %r1184, %r219;
	ld.shared.v4.u32 	{%r1193, %r1194, %r1195, %r1196}, [shr_1_lroundkeys+48];
	xor.b32  	%r1197, %r1189, %r1193;
	xor.b32  	%r1198, %r1190, %r1194;
	xor.b32  	%r1199, %r1191, %r1195;
	xor.b32  	%r1200, %r1192, %r1196;
	and.b32  	%r1201, %r1197, %r22;
	and.b32  	%r1202, %r1198, %r22;
	and.b32  	%r1203, %r1199, %r22;
	and.b32  	%r1204, %r1200, %r22;
	shr.u32 	%r1205, %r1197, %r19;
	shr.u32 	%r1206, %r1198, %r19;
	shr.u32 	%r1207, %r1199, %r19;
	shr.u32 	%r1208, %r1200, %r19;
	and.b32  	%r1209, %r1205, %r22;
	and.b32  	%r1210, %r1206, %r22;
	and.b32  	%r1211, %r1207, %r22;
	and.b32  	%r1212, %r1208, %r22;
	shr.u32 	%r1213, %r1197, %r23;
	shr.u32 	%r1214, %r1198, %r23;
	shr.u32 	%r1215, %r1199, %r23;
	shr.u32 	%r1216, %r1200, %r23;
	and.b32  	%r1217, %r1213, %r22;
	and.b32  	%r1218, %r1214, %r22;
	and.b32  	%r1219, %r1215, %r22;
	and.b32  	%r1220, %r1216, %r22;
	shr.u32 	%r1221, %r1197, %r17;
	shr.u32 	%r1222, %r1198, %r17;
	shr.u32 	%r1223, %r1199, %r17;
	shr.u32 	%r1224, %r1200, %r17;
	and.b32  	%r1225, %r1221, %r22;
	and.b32  	%r1226, %r1222, %r22;
	and.b32  	%r1227, %r1223, %r22;
	and.b32  	%r1228, %r1224, %r22;
	shl.b32 	%r221, %r1225, 2;
	add.s32 	%r222, %r26, %r221;
	ld.const.u32 	%r223, [%r222];
	shl.b32 	%r225, %r1226, 2;
	add.s32 	%r226, %r26, %r225;
	ld.const.u32 	%r227, [%r226];
	shl.b32 	%r229, %r1227, 2;
	add.s32 	%r230, %r26, %r229;
	ld.const.u32 	%r231, [%r230];
	shl.b32 	%r233, %r1228, 2;
	add.s32 	%r234, %r26, %r233;
	ld.const.u32 	%r235, [%r234];
	shl.b32 	%r237, %r1218, 2;
	add.s32 	%r238, %r43, %r237;
	ld.const.u32 	%r239, [%r238];
	shl.b32 	%r241, %r1219, 2;
	add.s32 	%r242, %r43, %r241;
	ld.const.u32 	%r243, [%r242];
	shl.b32 	%r245, %r1220, 2;
	add.s32 	%r246, %r43, %r245;
	ld.const.u32 	%r247, [%r246];
	shl.b32 	%r249, %r1217, 2;
	add.s32 	%r250, %r43, %r249;
	ld.const.u32 	%r251, [%r250];
	xor.b32  	%r1237, %r223, %r239;
	xor.b32  	%r1238, %r227, %r243;
	xor.b32  	%r1239, %r231, %r247;
	xor.b32  	%r1240, %r235, %r251;
	shl.b32 	%r253, %r1211, 2;
	add.s32 	%r254, %r60, %r253;
	ld.const.u32 	%r255, [%r254];
	shl.b32 	%r257, %r1212, 2;
	add.s32 	%r258, %r60, %r257;
	ld.const.u32 	%r259, [%r258];
	shl.b32 	%r261, %r1209, 2;
	add.s32 	%r262, %r60, %r261;
	ld.const.u32 	%r263, [%r262];
	shl.b32 	%r265, %r1210, 2;
	add.s32 	%r266, %r60, %r265;
	ld.const.u32 	%r267, [%r266];
	xor.b32  	%r1245, %r1237, %r255;
	xor.b32  	%r1246, %r1238, %r259;
	xor.b32  	%r1247, %r1239, %r263;
	xor.b32  	%r1248, %r1240, %r267;
	shl.b32 	%r269, %r1204, 2;
	add.s32 	%r270, %r77, %r269;
	ld.const.u32 	%r271, [%r270];
	shl.b32 	%r273, %r1201, 2;
	add.s32 	%r274, %r77, %r273;
	ld.const.u32 	%r275, [%r274];
	shl.b32 	%r277, %r1202, 2;
	add.s32 	%r278, %r77, %r277;
	ld.const.u32 	%r279, [%r278];
	shl.b32 	%r281, %r1203, 2;
	add.s32 	%r282, %r77, %r281;
	ld.const.u32 	%r283, [%r282];
	xor.b32  	%r1253, %r1245, %r271;
	xor.b32  	%r1254, %r1246, %r275;
	xor.b32  	%r1255, %r1247, %r279;
	xor.b32  	%r1256, %r1248, %r283;
	ld.shared.v4.u32 	{%r1257, %r1258, %r1259, %r1260}, [shr_1_lroundkeys+64];
	xor.b32  	%r1261, %r1253, %r1257;
	xor.b32  	%r1262, %r1254, %r1258;
	xor.b32  	%r1263, %r1255, %r1259;
	xor.b32  	%r1264, %r1256, %r1260;
	and.b32  	%r1265, %r1261, %r22;
	and.b32  	%r1266, %r1262, %r22;
	and.b32  	%r1267, %r1263, %r22;
	and.b32  	%r1268, %r1264, %r22;
	shr.u32 	%r1269, %r1261, %r19;
	shr.u32 	%r1270, %r1262, %r19;
	shr.u32 	%r1271, %r1263, %r19;
	shr.u32 	%r1272, %r1264, %r19;
	and.b32  	%r1273, %r1269, %r22;
	and.b32  	%r1274, %r1270, %r22;
	and.b32  	%r1275, %r1271, %r22;
	and.b32  	%r1276, %r1272, %r22;
	shr.u32 	%r1277, %r1261, %r23;
	shr.u32 	%r1278, %r1262, %r23;
	shr.u32 	%r1279, %r1263, %r23;
	shr.u32 	%r1280, %r1264, %r23;
	and.b32  	%r1281, %r1277, %r22;
	and.b32  	%r1282, %r1278, %r22;
	and.b32  	%r1283, %r1279, %r22;
	and.b32  	%r1284, %r1280, %r22;
	shr.u32 	%r1285, %r1261, %r17;
	shr.u32 	%r1286, %r1262, %r17;
	shr.u32 	%r1287, %r1263, %r17;
	shr.u32 	%r1288, %r1264, %r17;
	and.b32  	%r1289, %r1285, %r22;
	and.b32  	%r1290, %r1286, %r22;
	and.b32  	%r1291, %r1287, %r22;
	and.b32  	%r1292, %r1288, %r22;
	shl.b32 	%r285, %r1289, 2;
	add.s32 	%r286, %r26, %r285;
	ld.const.u32 	%r287, [%r286];
	shl.b32 	%r289, %r1290, 2;
	add.s32 	%r290, %r26, %r289;
	ld.const.u32 	%r291, [%r290];
	shl.b32 	%r293, %r1291, 2;
	add.s32 	%r294, %r26, %r293;
	ld.const.u32 	%r295, [%r294];
	shl.b32 	%r297, %r1292, 2;
	add.s32 	%r298, %r26, %r297;
	ld.const.u32 	%r299, [%r298];
	shl.b32 	%r301, %r1282, 2;
	add.s32 	%r302, %r43, %r301;
	ld.const.u32 	%r303, [%r302];
	shl.b32 	%r305, %r1283, 2;
	add.s32 	%r306, %r43, %r305;
	ld.const.u32 	%r307, [%r306];
	shl.b32 	%r309, %r1284, 2;
	add.s32 	%r310, %r43, %r309;
	ld.const.u32 	%r311, [%r310];
	shl.b32 	%r313, %r1281, 2;
	add.s32 	%r314, %r43, %r313;
	ld.const.u32 	%r315, [%r314];
	xor.b32  	%r1301, %r287, %r303;
	xor.b32  	%r1302, %r291, %r307;
	xor.b32  	%r1303, %r295, %r311;
	xor.b32  	%r1304, %r299, %r315;
	shl.b32 	%r317, %r1275, 2;
	add.s32 	%r318, %r60, %r317;
	ld.const.u32 	%r319, [%r318];
	shl.b32 	%r321, %r1276, 2;
	add.s32 	%r322, %r60, %r321;
	ld.const.u32 	%r323, [%r322];
	shl.b32 	%r325, %r1273, 2;
	add.s32 	%r326, %r60, %r325;
	ld.const.u32 	%r327, [%r326];
	shl.b32 	%r329, %r1274, 2;
	add.s32 	%r330, %r60, %r329;
	ld.const.u32 	%r331, [%r330];
	xor.b32  	%r1309, %r1301, %r319;
	xor.b32  	%r1310, %r1302, %r323;
	xor.b32  	%r1311, %r1303, %r327;
	xor.b32  	%r1312, %r1304, %r331;
	shl.b32 	%r333, %r1268, 2;
	add.s32 	%r334, %r77, %r333;
	ld.const.u32 	%r335, [%r334];
	shl.b32 	%r337, %r1265, 2;
	add.s32 	%r338, %r77, %r337;
	ld.const.u32 	%r339, [%r338];
	shl.b32 	%r341, %r1266, 2;
	add.s32 	%r342, %r77, %r341;
	ld.const.u32 	%r343, [%r342];
	shl.b32 	%r345, %r1267, 2;
	add.s32 	%r346, %r77, %r345;
	ld.const.u32 	%r347, [%r346];
	xor.b32  	%r1317, %r1309, %r335;
	xor.b32  	%r1318, %r1310, %r339;
	xor.b32  	%r1319, %r1311, %r343;
	xor.b32  	%r1320, %r1312, %r347;
	ld.shared.v4.u32 	{%r1321, %r1322, %r1323, %r1324}, [shr_1_lroundkeys+80];
	xor.b32  	%r1325, %r1317, %r1321;
	xor.b32  	%r1326, %r1318, %r1322;
	xor.b32  	%r1327, %r1319, %r1323;
	xor.b32  	%r1328, %r1320, %r1324;
	and.b32  	%r1329, %r1325, %r22;
	and.b32  	%r1330, %r1326, %r22;
	and.b32  	%r1331, %r1327, %r22;
	and.b32  	%r1332, %r1328, %r22;
	shr.u32 	%r1333, %r1325, %r19;
	shr.u32 	%r1334, %r1326, %r19;
	shr.u32 	%r1335, %r1327, %r19;
	shr.u32 	%r1336, %r1328, %r19;
	and.b32  	%r1337, %r1333, %r22;
	and.b32  	%r1338, %r1334, %r22;
	and.b32  	%r1339, %r1335, %r22;
	and.b32  	%r1340, %r1336, %r22;
	shr.u32 	%r1341, %r1325, %r23;
	shr.u32 	%r1342, %r1326, %r23;
	shr.u32 	%r1343, %r1327, %r23;
	shr.u32 	%r1344, %r1328, %r23;
	and.b32  	%r1345, %r1341, %r22;
	and.b32  	%r1346, %r1342, %r22;
	and.b32  	%r1347, %r1343, %r22;
	and.b32  	%r1348, %r1344, %r22;
	shr.u32 	%r1349, %r1325, %r17;
	shr.u32 	%r1350, %r1326, %r17;
	shr.u32 	%r1351, %r1327, %r17;
	shr.u32 	%r1352, %r1328, %r17;
	and.b32  	%r1353, %r1349, %r22;
	and.b32  	%r1354, %r1350, %r22;
	and.b32  	%r1355, %r1351, %r22;
	and.b32  	%r1356, %r1352, %r22;
	shl.b32 	%r349, %r1353, 2;
	add.s32 	%r350, %r26, %r349;
	ld.const.u32 	%r351, [%r350];
	shl.b32 	%r353, %r1354, 2;
	add.s32 	%r354, %r26, %r353;
	ld.const.u32 	%r355, [%r354];
	shl.b32 	%r357, %r1355, 2;
	add.s32 	%r358, %r26, %r357;
	ld.const.u32 	%r359, [%r358];
	shl.b32 	%r361, %r1356, 2;
	add.s32 	%r362, %r26, %r361;
	ld.const.u32 	%r363, [%r362];
	shl.b32 	%r365, %r1346, 2;
	add.s32 	%r366, %r43, %r365;
	ld.const.u32 	%r367, [%r366];
	shl.b32 	%r369, %r1347, 2;
	add.s32 	%r370, %r43, %r369;
	ld.const.u32 	%r371, [%r370];
	shl.b32 	%r373, %r1348, 2;
	add.s32 	%r374, %r43, %r373;
	ld.const.u32 	%r375, [%r374];
	shl.b32 	%r377, %r1345, 2;
	add.s32 	%r378, %r43, %r377;
	ld.const.u32 	%r379, [%r378];
	xor.b32  	%r1365, %r351, %r367;
	xor.b32  	%r1366, %r355, %r371;
	xor.b32  	%r1367, %r359, %r375;
	xor.b32  	%r1368, %r363, %r379;
	shl.b32 	%r381, %r1339, 2;
	add.s32 	%r382, %r60, %r381;
	ld.const.u32 	%r383, [%r382];
	shl.b32 	%r385, %r1340, 2;
	add.s32 	%r386, %r60, %r385;
	ld.const.u32 	%r387, [%r386];
	shl.b32 	%r389, %r1337, 2;
	add.s32 	%r390, %r60, %r389;
	ld.const.u32 	%r391, [%r390];
	shl.b32 	%r393, %r1338, 2;
	add.s32 	%r394, %r60, %r393;
	ld.const.u32 	%r395, [%r394];
	xor.b32  	%r1373, %r1365, %r383;
	xor.b32  	%r1374, %r1366, %r387;
	xor.b32  	%r1375, %r1367, %r391;
	xor.b32  	%r1376, %r1368, %r395;
	shl.b32 	%r397, %r1332, 2;
	add.s32 	%r398, %r77, %r397;
	ld.const.u32 	%r399, [%r398];
	shl.b32 	%r401, %r1329, 2;
	add.s32 	%r402, %r77, %r401;
	ld.const.u32 	%r403, [%r402];
	shl.b32 	%r405, %r1330, 2;
	add.s32 	%r406, %r77, %r405;
	ld.const.u32 	%r407, [%r406];
	shl.b32 	%r409, %r1331, 2;
	add.s32 	%r410, %r77, %r409;
	ld.const.u32 	%r411, [%r410];
	xor.b32  	%r1381, %r1373, %r399;
	xor.b32  	%r1382, %r1374, %r403;
	xor.b32  	%r1383, %r1375, %r407;
	xor.b32  	%r1384, %r1376, %r411;
	ld.shared.v4.u32 	{%r1385, %r1386, %r1387, %r1388}, [shr_1_lroundkeys+96];
	xor.b32  	%r1389, %r1381, %r1385;
	xor.b32  	%r1390, %r1382, %r1386;
	xor.b32  	%r1391, %r1383, %r1387;
	xor.b32  	%r1392, %r1384, %r1388;
	and.b32  	%r1393, %r1389, %r22;
	and.b32  	%r1394, %r1390, %r22;
	and.b32  	%r1395, %r1391, %r22;
	and.b32  	%r1396, %r1392, %r22;
	shr.u32 	%r1397, %r1389, %r19;
	shr.u32 	%r1398, %r1390, %r19;
	shr.u32 	%r1399, %r1391, %r19;
	shr.u32 	%r1400, %r1392, %r19;
	and.b32  	%r1401, %r1397, %r22;
	and.b32  	%r1402, %r1398, %r22;
	and.b32  	%r1403, %r1399, %r22;
	and.b32  	%r1404, %r1400, %r22;
	shr.u32 	%r1405, %r1389, %r23;
	shr.u32 	%r1406, %r1390, %r23;
	shr.u32 	%r1407, %r1391, %r23;
	shr.u32 	%r1408, %r1392, %r23;
	and.b32  	%r1409, %r1405, %r22;
	and.b32  	%r1410, %r1406, %r22;
	and.b32  	%r1411, %r1407, %r22;
	and.b32  	%r1412, %r1408, %r22;
	shr.u32 	%r1413, %r1389, %r17;
	shr.u32 	%r1414, %r1390, %r17;
	shr.u32 	%r1415, %r1391, %r17;
	shr.u32 	%r1416, %r1392, %r17;
	and.b32  	%r1417, %r1413, %r22;
	and.b32  	%r1418, %r1414, %r22;
	and.b32  	%r1419, %r1415, %r22;
	and.b32  	%r1420, %r1416, %r22;
	shl.b32 	%r413, %r1417, 2;
	add.s32 	%r414, %r26, %r413;
	ld.const.u32 	%r415, [%r414];
	shl.b32 	%r417, %r1418, 2;
	add.s32 	%r418, %r26, %r417;
	ld.const.u32 	%r419, [%r418];
	shl.b32 	%r421, %r1419, 2;
	add.s32 	%r422, %r26, %r421;
	ld.const.u32 	%r423, [%r422];
	shl.b32 	%r425, %r1420, 2;
	add.s32 	%r426, %r26, %r425;
	ld.const.u32 	%r427, [%r426];
	shl.b32 	%r429, %r1410, 2;
	add.s32 	%r430, %r43, %r429;
	ld.const.u32 	%r431, [%r430];
	shl.b32 	%r433, %r1411, 2;
	add.s32 	%r434, %r43, %r433;
	ld.const.u32 	%r435, [%r434];
	shl.b32 	%r437, %r1412, 2;
	add.s32 	%r438, %r43, %r437;
	ld.const.u32 	%r439, [%r438];
	shl.b32 	%r441, %r1409, 2;
	add.s32 	%r442, %r43, %r441;
	ld.const.u32 	%r443, [%r442];
	xor.b32  	%r1429, %r415, %r431;
	xor.b32  	%r1430, %r419, %r435;
	xor.b32  	%r1431, %r423, %r439;
	xor.b32  	%r1432, %r427, %r443;
	shl.b32 	%r445, %r1403, 2;
	add.s32 	%r446, %r60, %r445;
	ld.const.u32 	%r447, [%r446];
	shl.b32 	%r449, %r1404, 2;
	add.s32 	%r450, %r60, %r449;
	ld.const.u32 	%r451, [%r450];
	shl.b32 	%r453, %r1401, 2;
	add.s32 	%r454, %r60, %r453;
	ld.const.u32 	%r455, [%r454];
	shl.b32 	%r457, %r1402, 2;
	add.s32 	%r458, %r60, %r457;
	ld.const.u32 	%r459, [%r458];
	xor.b32  	%r1437, %r1429, %r447;
	xor.b32  	%r1438, %r1430, %r451;
	xor.b32  	%r1439, %r1431, %r455;
	xor.b32  	%r1440, %r1432, %r459;
	shl.b32 	%r461, %r1396, 2;
	add.s32 	%r462, %r77, %r461;
	ld.const.u32 	%r463, [%r462];
	shl.b32 	%r465, %r1393, 2;
	add.s32 	%r466, %r77, %r465;
	ld.const.u32 	%r467, [%r466];
	shl.b32 	%r469, %r1394, 2;
	add.s32 	%r470, %r77, %r469;
	ld.const.u32 	%r471, [%r470];
	shl.b32 	%r473, %r1395, 2;
	add.s32 	%r474, %r77, %r473;
	ld.const.u32 	%r475, [%r474];
	xor.b32  	%r1445, %r1437, %r463;
	xor.b32  	%r1446, %r1438, %r467;
	xor.b32  	%r1447, %r1439, %r471;
	xor.b32  	%r1448, %r1440, %r475;
	ld.shared.v4.u32 	{%r1449, %r1450, %r1451, %r1452}, [shr_1_lroundkeys+112];
	xor.b32  	%r1453, %r1445, %r1449;
	xor.b32  	%r1454, %r1446, %r1450;
	xor.b32  	%r1455, %r1447, %r1451;
	xor.b32  	%r1456, %r1448, %r1452;
	and.b32  	%r1457, %r1453, %r22;
	and.b32  	%r1458, %r1454, %r22;
	and.b32  	%r1459, %r1455, %r22;
	and.b32  	%r1460, %r1456, %r22;
	shr.u32 	%r1461, %r1453, %r19;
	shr.u32 	%r1462, %r1454, %r19;
	shr.u32 	%r1463, %r1455, %r19;
	shr.u32 	%r1464, %r1456, %r19;
	and.b32  	%r1465, %r1461, %r22;
	and.b32  	%r1466, %r1462, %r22;
	and.b32  	%r1467, %r1463, %r22;
	and.b32  	%r1468, %r1464, %r22;
	shr.u32 	%r1469, %r1453, %r23;
	shr.u32 	%r1470, %r1454, %r23;
	shr.u32 	%r1471, %r1455, %r23;
	shr.u32 	%r1472, %r1456, %r23;
	and.b32  	%r1473, %r1469, %r22;
	and.b32  	%r1474, %r1470, %r22;
	and.b32  	%r1475, %r1471, %r22;
	and.b32  	%r1476, %r1472, %r22;
	shr.u32 	%r1477, %r1453, %r17;
	shr.u32 	%r1478, %r1454, %r17;
	shr.u32 	%r1479, %r1455, %r17;
	shr.u32 	%r1480, %r1456, %r17;
	and.b32  	%r1481, %r1477, %r22;
	and.b32  	%r1482, %r1478, %r22;
	and.b32  	%r1483, %r1479, %r22;
	and.b32  	%r1484, %r1480, %r22;
	shl.b32 	%r477, %r1481, 2;
	add.s32 	%r478, %r26, %r477;
	ld.const.u32 	%r479, [%r478];
	shl.b32 	%r481, %r1482, 2;
	add.s32 	%r482, %r26, %r481;
	ld.const.u32 	%r483, [%r482];
	shl.b32 	%r485, %r1483, 2;
	add.s32 	%r486, %r26, %r485;
	ld.const.u32 	%r487, [%r486];
	shl.b32 	%r489, %r1484, 2;
	add.s32 	%r490, %r26, %r489;
	ld.const.u32 	%r491, [%r490];
	shl.b32 	%r493, %r1474, 2;
	add.s32 	%r494, %r43, %r493;
	ld.const.u32 	%r495, [%r494];
	shl.b32 	%r497, %r1475, 2;
	add.s32 	%r498, %r43, %r497;
	ld.const.u32 	%r499, [%r498];
	shl.b32 	%r501, %r1476, 2;
	add.s32 	%r502, %r43, %r501;
	ld.const.u32 	%r503, [%r502];
	shl.b32 	%r505, %r1473, 2;
	add.s32 	%r506, %r43, %r505;
	ld.const.u32 	%r507, [%r506];
	xor.b32  	%r1493, %r479, %r495;
	xor.b32  	%r1494, %r483, %r499;
	xor.b32  	%r1495, %r487, %r503;
	xor.b32  	%r1496, %r491, %r507;
	shl.b32 	%r509, %r1467, 2;
	add.s32 	%r510, %r60, %r509;
	ld.const.u32 	%r511, [%r510];
	shl.b32 	%r513, %r1468, 2;
	add.s32 	%r514, %r60, %r513;
	ld.const.u32 	%r515, [%r514];
	shl.b32 	%r517, %r1465, 2;
	add.s32 	%r518, %r60, %r517;
	ld.const.u32 	%r519, [%r518];
	shl.b32 	%r521, %r1466, 2;
	add.s32 	%r522, %r60, %r521;
	ld.const.u32 	%r523, [%r522];
	xor.b32  	%r1501, %r1493, %r511;
	xor.b32  	%r1502, %r1494, %r515;
	xor.b32  	%r1503, %r1495, %r519;
	xor.b32  	%r1504, %r1496, %r523;
	shl.b32 	%r525, %r1460, 2;
	add.s32 	%r526, %r77, %r525;
	ld.const.u32 	%r527, [%r526];
	shl.b32 	%r529, %r1457, 2;
	add.s32 	%r530, %r77, %r529;
	ld.const.u32 	%r531, [%r530];
	shl.b32 	%r533, %r1458, 2;
	add.s32 	%r534, %r77, %r533;
	ld.const.u32 	%r535, [%r534];
	shl.b32 	%r537, %r1459, 2;
	add.s32 	%r538, %r77, %r537;
	ld.const.u32 	%r539, [%r538];
	xor.b32  	%r1509, %r1501, %r527;
	xor.b32  	%r1510, %r1502, %r531;
	xor.b32  	%r1511, %r1503, %r535;
	xor.b32  	%r1512, %r1504, %r539;
	ld.shared.v4.u32 	{%r1513, %r1514, %r1515, %r1516}, [shr_1_lroundkeys+128];
	xor.b32  	%r1517, %r1509, %r1513;
	xor.b32  	%r1518, %r1510, %r1514;
	xor.b32  	%r1519, %r1511, %r1515;
	xor.b32  	%r1520, %r1512, %r1516;
	and.b32  	%r1521, %r1517, %r22;
	and.b32  	%r1522, %r1518, %r22;
	and.b32  	%r1523, %r1519, %r22;
	and.b32  	%r1524, %r1520, %r22;
	shr.u32 	%r1525, %r1517, %r19;
	shr.u32 	%r1526, %r1518, %r19;
	shr.u32 	%r1527, %r1519, %r19;
	shr.u32 	%r1528, %r1520, %r19;
	and.b32  	%r1529, %r1525, %r22;
	and.b32  	%r1530, %r1526, %r22;
	and.b32  	%r1531, %r1527, %r22;
	and.b32  	%r1532, %r1528, %r22;
	shr.u32 	%r1533, %r1517, %r23;
	shr.u32 	%r1534, %r1518, %r23;
	shr.u32 	%r1535, %r1519, %r23;
	shr.u32 	%r1536, %r1520, %r23;
	and.b32  	%r1537, %r1533, %r22;
	and.b32  	%r1538, %r1534, %r22;
	and.b32  	%r1539, %r1535, %r22;
	and.b32  	%r1540, %r1536, %r22;
	shr.u32 	%r1541, %r1517, %r17;
	shr.u32 	%r1542, %r1518, %r17;
	shr.u32 	%r1543, %r1519, %r17;
	shr.u32 	%r1544, %r1520, %r17;
	and.b32  	%r1545, %r1541, %r22;
	and.b32  	%r1546, %r1542, %r22;
	and.b32  	%r1547, %r1543, %r22;
	and.b32  	%r1548, %r1544, %r22;
	shl.b32 	%r541, %r1545, 2;
	add.s32 	%r542, %r26, %r541;
	ld.const.u32 	%r543, [%r542];
	shl.b32 	%r545, %r1546, 2;
	add.s32 	%r546, %r26, %r545;
	ld.const.u32 	%r547, [%r546];
	shl.b32 	%r549, %r1547, 2;
	add.s32 	%r550, %r26, %r549;
	ld.const.u32 	%r551, [%r550];
	shl.b32 	%r553, %r1548, 2;
	add.s32 	%r554, %r26, %r553;
	ld.const.u32 	%r555, [%r554];
	shl.b32 	%r557, %r1538, 2;
	add.s32 	%r558, %r43, %r557;
	ld.const.u32 	%r559, [%r558];
	shl.b32 	%r561, %r1539, 2;
	add.s32 	%r562, %r43, %r561;
	ld.const.u32 	%r563, [%r562];
	shl.b32 	%r565, %r1540, 2;
	add.s32 	%r566, %r43, %r565;
	ld.const.u32 	%r567, [%r566];
	shl.b32 	%r569, %r1537, 2;
	add.s32 	%r570, %r43, %r569;
	ld.const.u32 	%r571, [%r570];
	xor.b32  	%r1557, %r543, %r559;
	xor.b32  	%r1558, %r547, %r563;
	xor.b32  	%r1559, %r551, %r567;
	xor.b32  	%r1560, %r555, %r571;
	shl.b32 	%r573, %r1531, 2;
	add.s32 	%r574, %r60, %r573;
	ld.const.u32 	%r575, [%r574];
	shl.b32 	%r577, %r1532, 2;
	add.s32 	%r578, %r60, %r577;
	ld.const.u32 	%r579, [%r578];
	shl.b32 	%r581, %r1529, 2;
	add.s32 	%r582, %r60, %r581;
	ld.const.u32 	%r583, [%r582];
	shl.b32 	%r585, %r1530, 2;
	add.s32 	%r586, %r60, %r585;
	ld.const.u32 	%r587, [%r586];
	xor.b32  	%r1565, %r1557, %r575;
	xor.b32  	%r1566, %r1558, %r579;
	xor.b32  	%r1567, %r1559, %r583;
	xor.b32  	%r1568, %r1560, %r587;
	shl.b32 	%r589, %r1524, 2;
	add.s32 	%r590, %r77, %r589;
	ld.const.u32 	%r591, [%r590];
	shl.b32 	%r593, %r1521, 2;
	add.s32 	%r594, %r77, %r593;
	ld.const.u32 	%r595, [%r594];
	shl.b32 	%r597, %r1522, 2;
	add.s32 	%r598, %r77, %r597;
	ld.const.u32 	%r599, [%r598];
	shl.b32 	%r601, %r1523, 2;
	add.s32 	%r602, %r77, %r601;
	ld.const.u32 	%r603, [%r602];
	xor.b32  	%r1573, %r1565, %r591;
	xor.b32  	%r1574, %r1566, %r595;
	xor.b32  	%r1575, %r1567, %r599;
	xor.b32  	%r1576, %r1568, %r603;
	ld.shared.v4.u32 	{%r1577, %r1578, %r1579, %r1580}, [shr_1_lroundkeys+144];
	xor.b32  	%r1581, %r1573, %r1577;
	xor.b32  	%r1582, %r1574, %r1578;
	xor.b32  	%r1583, %r1575, %r1579;
	xor.b32  	%r1584, %r1576, %r1580;
	and.b32  	%r1585, %r1581, %r22;
	and.b32  	%r1586, %r1582, %r22;
	and.b32  	%r1587, %r1583, %r22;
	and.b32  	%r1588, %r1584, %r22;
	shr.u32 	%r1589, %r1581, %r19;
	shr.u32 	%r1590, %r1582, %r19;
	shr.u32 	%r1591, %r1583, %r19;
	shr.u32 	%r1592, %r1584, %r19;
	and.b32  	%r1593, %r1589, %r22;
	and.b32  	%r1594, %r1590, %r22;
	and.b32  	%r1595, %r1591, %r22;
	and.b32  	%r1596, %r1592, %r22;
	shr.u32 	%r1597, %r1581, %r23;
	shr.u32 	%r1598, %r1582, %r23;
	shr.u32 	%r1599, %r1583, %r23;
	shr.u32 	%r1600, %r1584, %r23;
	and.b32  	%r1601, %r1597, %r22;
	and.b32  	%r1602, %r1598, %r22;
	and.b32  	%r1603, %r1599, %r22;
	and.b32  	%r1604, %r1600, %r22;
	shr.u32 	%r1605, %r1581, %r17;
	shr.u32 	%r1606, %r1582, %r17;
	shr.u32 	%r1607, %r1583, %r17;
	shr.u32 	%r1608, %r1584, %r17;
	and.b32  	%r1609, %r1605, %r22;
	and.b32  	%r1610, %r1606, %r22;
	and.b32  	%r1611, %r1607, %r22;
	and.b32  	%r1612, %r1608, %r22;
	shl.b32 	%r605, %r1609, 2;
	add.s32 	%r606, %r26, %r605;
	ld.const.u32 	%r607, [%r606];
	shl.b32 	%r609, %r1610, 2;
	add.s32 	%r610, %r26, %r609;
	ld.const.u32 	%r611, [%r610];
	shl.b32 	%r613, %r1611, 2;
	add.s32 	%r614, %r26, %r613;
	ld.const.u32 	%r615, [%r614];
	shl.b32 	%r617, %r1612, 2;
	add.s32 	%r618, %r26, %r617;
	ld.const.u32 	%r619, [%r618];
	shl.b32 	%r621, %r1602, 2;
	add.s32 	%r622, %r43, %r621;
	ld.const.u32 	%r623, [%r622];
	shl.b32 	%r625, %r1603, 2;
	add.s32 	%r626, %r43, %r625;
	ld.const.u32 	%r627, [%r626];
	shl.b32 	%r629, %r1604, 2;
	add.s32 	%r630, %r43, %r629;
	ld.const.u32 	%r631, [%r630];
	shl.b32 	%r633, %r1601, 2;
	add.s32 	%r634, %r43, %r633;
	ld.const.u32 	%r635, [%r634];
	xor.b32  	%r1621, %r607, %r623;
	xor.b32  	%r1622, %r611, %r627;
	xor.b32  	%r1623, %r615, %r631;
	xor.b32  	%r1624, %r619, %r635;
	shl.b32 	%r637, %r1595, 2;
	add.s32 	%r638, %r60, %r637;
	ld.const.u32 	%r639, [%r638];
	shl.b32 	%r641, %r1596, 2;
	add.s32 	%r642, %r60, %r641;
	ld.const.u32 	%r643, [%r642];
	shl.b32 	%r645, %r1593, 2;
	add.s32 	%r646, %r60, %r645;
	ld.const.u32 	%r647, [%r646];
	shl.b32 	%r649, %r1594, 2;
	add.s32 	%r650, %r60, %r649;
	ld.const.u32 	%r651, [%r650];
	xor.b32  	%r1629, %r1621, %r639;
	xor.b32  	%r1630, %r1622, %r643;
	xor.b32  	%r1631, %r1623, %r647;
	xor.b32  	%r1632, %r1624, %r651;
	shl.b32 	%r653, %r1588, 2;
	add.s32 	%r654, %r77, %r653;
	ld.const.u32 	%r655, [%r654];
	shl.b32 	%r657, %r1585, 2;
	add.s32 	%r658, %r77, %r657;
	ld.const.u32 	%r659, [%r658];
	shl.b32 	%r661, %r1586, 2;
	add.s32 	%r662, %r77, %r661;
	ld.const.u32 	%r663, [%r662];
	shl.b32 	%r665, %r1587, 2;
	add.s32 	%r666, %r77, %r665;
	ld.const.u32 	%r667, [%r666];
	xor.b32  	%r1637, %r1629, %r655;
	xor.b32  	%r1638, %r1630, %r659;
	xor.b32  	%r1639, %r1631, %r663;
	xor.b32  	%r1640, %r1632, %r667;
	ld.shared.v4.u32 	{%r1641, %r1642, %r1643, %r1644}, [shr_1_lroundkeys+160];
	xor.b32  	%r1645, %r1637, %r1641;
	xor.b32  	%r1646, %r1638, %r1642;
	xor.b32  	%r1647, %r1639, %r1643;
	xor.b32  	%r1648, %r1640, %r1644;
	and.b32  	%r1649, %r1645, %r22;
	and.b32  	%r1650, %r1646, %r22;
	and.b32  	%r1651, %r1647, %r22;
	and.b32  	%r1652, %r1648, %r22;
	shr.u32 	%r1653, %r1645, %r19;
	shr.u32 	%r1654, %r1646, %r19;
	shr.u32 	%r1655, %r1647, %r19;
	shr.u32 	%r1656, %r1648, %r19;
	and.b32  	%r1657, %r1653, %r22;
	and.b32  	%r1658, %r1654, %r22;
	and.b32  	%r1659, %r1655, %r22;
	and.b32  	%r1660, %r1656, %r22;
	shr.u32 	%r1661, %r1645, %r23;
	shr.u32 	%r1662, %r1646, %r23;
	shr.u32 	%r1663, %r1647, %r23;
	shr.u32 	%r1664, %r1648, %r23;
	and.b32  	%r1665, %r1661, %r22;
	and.b32  	%r1666, %r1662, %r22;
	and.b32  	%r1667, %r1663, %r22;
	and.b32  	%r1668, %r1664, %r22;
	shr.u32 	%r1669, %r1645, %r17;
	shr.u32 	%r1670, %r1646, %r17;
	shr.u32 	%r1671, %r1647, %r17;
	shr.u32 	%r1672, %r1648, %r17;
	and.b32  	%r1673, %r1669, %r22;
	and.b32  	%r1674, %r1670, %r22;
	and.b32  	%r1675, %r1671, %r22;
	and.b32  	%r1676, %r1672, %r22;
	shl.b32 	%r669, %r1673, 2;
	add.s32 	%r670, %r26, %r669;
	ld.const.u32 	%r671, [%r670];
	shl.b32 	%r673, %r1674, 2;
	add.s32 	%r674, %r26, %r673;
	ld.const.u32 	%r675, [%r674];
	shl.b32 	%r677, %r1675, 2;
	add.s32 	%r678, %r26, %r677;
	ld.const.u32 	%r679, [%r678];
	shl.b32 	%r681, %r1676, 2;
	add.s32 	%r682, %r26, %r681;
	ld.const.u32 	%r683, [%r682];
	shl.b32 	%r685, %r1666, 2;
	add.s32 	%r686, %r43, %r685;
	ld.const.u32 	%r687, [%r686];
	shl.b32 	%r689, %r1667, 2;
	add.s32 	%r690, %r43, %r689;
	ld.const.u32 	%r691, [%r690];
	shl.b32 	%r693, %r1668, 2;
	add.s32 	%r694, %r43, %r693;
	ld.const.u32 	%r695, [%r694];
	shl.b32 	%r697, %r1665, 2;
	add.s32 	%r698, %r43, %r697;
	ld.const.u32 	%r699, [%r698];
	xor.b32  	%r1685, %r671, %r687;
	xor.b32  	%r1686, %r675, %r691;
	xor.b32  	%r1687, %r679, %r695;
	xor.b32  	%r1688, %r683, %r699;
	shl.b32 	%r701, %r1659, 2;
	add.s32 	%r702, %r60, %r701;
	ld.const.u32 	%r703, [%r702];
	shl.b32 	%r705, %r1660, 2;
	add.s32 	%r706, %r60, %r705;
	ld.const.u32 	%r707, [%r706];
	shl.b32 	%r709, %r1657, 2;
	add.s32 	%r710, %r60, %r709;
	ld.const.u32 	%r711, [%r710];
	shl.b32 	%r713, %r1658, 2;
	add.s32 	%r714, %r60, %r713;
	ld.const.u32 	%r715, [%r714];
	xor.b32  	%r1693, %r1685, %r703;
	xor.b32  	%r1694, %r1686, %r707;
	xor.b32  	%r1695, %r1687, %r711;
	xor.b32  	%r1696, %r1688, %r715;
	shl.b32 	%r717, %r1652, 2;
	add.s32 	%r718, %r77, %r717;
	ld.const.u32 	%r719, [%r718];
	shl.b32 	%r721, %r1649, 2;
	add.s32 	%r722, %r77, %r721;
	ld.const.u32 	%r723, [%r722];
	shl.b32 	%r725, %r1650, 2;
	add.s32 	%r726, %r77, %r725;
	ld.const.u32 	%r727, [%r726];
	shl.b32 	%r729, %r1651, 2;
	add.s32 	%r730, %r77, %r729;
	ld.const.u32 	%r731, [%r730];
	xor.b32  	%r1701, %r1693, %r719;
	xor.b32  	%r1702, %r1694, %r723;
	xor.b32  	%r1703, %r1695, %r727;
	xor.b32  	%r1704, %r1696, %r731;
	ld.shared.v4.u32 	{%r1705, %r1706, %r1707, %r1708}, [shr_1_lroundkeys+176];
	xor.b32  	%r1709, %r1701, %r1705;
	xor.b32  	%r1710, %r1702, %r1706;
	xor.b32  	%r1711, %r1703, %r1707;
	xor.b32  	%r1712, %r1704, %r1708;
	and.b32  	%r1713, %r1709, %r22;
	and.b32  	%r1714, %r1710, %r22;
	and.b32  	%r1715, %r1711, %r22;
	and.b32  	%r1716, %r1712, %r22;
	shr.u32 	%r1717, %r1709, %r19;
	shr.u32 	%r1718, %r1710, %r19;
	shr.u32 	%r1719, %r1711, %r19;
	shr.u32 	%r1720, %r1712, %r19;
	and.b32  	%r1721, %r1717, %r22;
	and.b32  	%r1722, %r1718, %r22;
	and.b32  	%r1723, %r1719, %r22;
	and.b32  	%r1724, %r1720, %r22;
	shr.u32 	%r1725, %r1709, %r23;
	shr.u32 	%r1726, %r1710, %r23;
	shr.u32 	%r1727, %r1711, %r23;
	shr.u32 	%r1728, %r1712, %r23;
	and.b32  	%r1729, %r1725, %r22;
	and.b32  	%r1730, %r1726, %r22;
	and.b32  	%r1731, %r1727, %r22;
	and.b32  	%r1732, %r1728, %r22;
	shr.u32 	%r1733, %r1709, %r17;
	shr.u32 	%r1734, %r1710, %r17;
	shr.u32 	%r1735, %r1711, %r17;
	shr.u32 	%r1736, %r1712, %r17;
	and.b32  	%r1737, %r1733, %r22;
	and.b32  	%r1738, %r1734, %r22;
	and.b32  	%r1739, %r1735, %r22;
	and.b32  	%r1740, %r1736, %r22;
	shl.b32 	%r733, %r1737, 2;
	add.s32 	%r734, %r26, %r733;
	ld.const.u32 	%r735, [%r734];
	shl.b32 	%r737, %r1738, 2;
	add.s32 	%r738, %r26, %r737;
	ld.const.u32 	%r739, [%r738];
	shl.b32 	%r741, %r1739, 2;
	add.s32 	%r742, %r26, %r741;
	ld.const.u32 	%r743, [%r742];
	shl.b32 	%r745, %r1740, 2;
	add.s32 	%r746, %r26, %r745;
	ld.const.u32 	%r747, [%r746];
	shl.b32 	%r749, %r1730, 2;
	add.s32 	%r750, %r43, %r749;
	ld.const.u32 	%r751, [%r750];
	shl.b32 	%r753, %r1731, 2;
	add.s32 	%r754, %r43, %r753;
	ld.const.u32 	%r755, [%r754];
	shl.b32 	%r757, %r1732, 2;
	add.s32 	%r758, %r43, %r757;
	ld.const.u32 	%r759, [%r758];
	shl.b32 	%r761, %r1729, 2;
	add.s32 	%r762, %r43, %r761;
	ld.const.u32 	%r763, [%r762];
	xor.b32  	%r1749, %r735, %r751;
	xor.b32  	%r1750, %r739, %r755;
	xor.b32  	%r1751, %r743, %r759;
	xor.b32  	%r1752, %r747, %r763;
	shl.b32 	%r765, %r1723, 2;
	add.s32 	%r766, %r60, %r765;
	ld.const.u32 	%r767, [%r766];
	shl.b32 	%r769, %r1724, 2;
	add.s32 	%r770, %r60, %r769;
	ld.const.u32 	%r771, [%r770];
	shl.b32 	%r773, %r1721, 2;
	add.s32 	%r774, %r60, %r773;
	ld.const.u32 	%r775, [%r774];
	shl.b32 	%r777, %r1722, 2;
	add.s32 	%r778, %r60, %r777;
	ld.const.u32 	%r779, [%r778];
	xor.b32  	%r1757, %r1749, %r767;
	xor.b32  	%r1758, %r1750, %r771;
	xor.b32  	%r1759, %r1751, %r775;
	xor.b32  	%r1760, %r1752, %r779;
	shl.b32 	%r781, %r1716, 2;
	add.s32 	%r782, %r77, %r781;
	ld.const.u32 	%r783, [%r782];
	shl.b32 	%r785, %r1713, 2;
	add.s32 	%r786, %r77, %r785;
	ld.const.u32 	%r787, [%r786];
	shl.b32 	%r789, %r1714, 2;
	add.s32 	%r790, %r77, %r789;
	ld.const.u32 	%r791, [%r790];
	shl.b32 	%r793, %r1715, 2;
	add.s32 	%r794, %r77, %r793;
	ld.const.u32 	%r795, [%r794];
	xor.b32  	%r1765, %r1757, %r783;
	xor.b32  	%r1766, %r1758, %r787;
	xor.b32  	%r1767, %r1759, %r791;
	xor.b32  	%r1768, %r1760, %r795;
	ld.shared.v4.u32 	{%r1769, %r1770, %r1771, %r1772}, [shr_1_lroundkeys+192];
	xor.b32  	%r1773, %r1765, %r1769;
	xor.b32  	%r1774, %r1766, %r1770;
	xor.b32  	%r1775, %r1767, %r1771;
	xor.b32  	%r1776, %r1768, %r1772;
	and.b32  	%r1777, %r1773, %r22;
	and.b32  	%r1778, %r1774, %r22;
	and.b32  	%r1779, %r1775, %r22;
	and.b32  	%r1780, %r1776, %r22;
	shr.u32 	%r1781, %r1773, %r19;
	shr.u32 	%r1782, %r1774, %r19;
	shr.u32 	%r1783, %r1775, %r19;
	shr.u32 	%r1784, %r1776, %r19;
	and.b32  	%r1785, %r1781, %r22;
	and.b32  	%r1786, %r1782, %r22;
	and.b32  	%r1787, %r1783, %r22;
	and.b32  	%r1788, %r1784, %r22;
	shr.u32 	%r1789, %r1773, %r23;
	shr.u32 	%r1790, %r1774, %r23;
	shr.u32 	%r1791, %r1775, %r23;
	shr.u32 	%r1792, %r1776, %r23;
	and.b32  	%r1793, %r1789, %r22;
	and.b32  	%r1794, %r1790, %r22;
	and.b32  	%r1795, %r1791, %r22;
	and.b32  	%r1796, %r1792, %r22;
	shr.u32 	%r1797, %r1773, %r17;
	shr.u32 	%r1798, %r1774, %r17;
	shr.u32 	%r1799, %r1775, %r17;
	shr.u32 	%r1800, %r1776, %r17;
	and.b32  	%r1801, %r1797, %r22;
	and.b32  	%r1802, %r1798, %r22;
	and.b32  	%r1803, %r1799, %r22;
	and.b32  	%r1804, %r1800, %r22;
	shl.b32 	%r797, %r1801, 2;
	add.s32 	%r798, %r26, %r797;
	ld.const.u32 	%r799, [%r798];
	shl.b32 	%r801, %r1802, 2;
	add.s32 	%r802, %r26, %r801;
	ld.const.u32 	%r803, [%r802];
	shl.b32 	%r805, %r1803, 2;
	add.s32 	%r806, %r26, %r805;
	ld.const.u32 	%r807, [%r806];
	shl.b32 	%r809, %r1804, 2;
	add.s32 	%r810, %r26, %r809;
	ld.const.u32 	%r811, [%r810];
	shl.b32 	%r813, %r1794, 2;
	add.s32 	%r814, %r43, %r813;
	ld.const.u32 	%r815, [%r814];
	shl.b32 	%r817, %r1795, 2;
	add.s32 	%r818, %r43, %r817;
	ld.const.u32 	%r819, [%r818];
	shl.b32 	%r821, %r1796, 2;
	add.s32 	%r822, %r43, %r821;
	ld.const.u32 	%r823, [%r822];
	shl.b32 	%r825, %r1793, 2;
	add.s32 	%r826, %r43, %r825;
	ld.const.u32 	%r827, [%r826];
	xor.b32  	%r1813, %r799, %r815;
	xor.b32  	%r1814, %r803, %r819;
	xor.b32  	%r1815, %r807, %r823;
	xor.b32  	%r1816, %r811, %r827;
	shl.b32 	%r829, %r1787, 2;
	add.s32 	%r830, %r60, %r829;
	ld.const.u32 	%r831, [%r830];
	shl.b32 	%r833, %r1788, 2;
	add.s32 	%r834, %r60, %r833;
	ld.const.u32 	%r835, [%r834];
	shl.b32 	%r837, %r1785, 2;
	add.s32 	%r838, %r60, %r837;
	ld.const.u32 	%r839, [%r838];
	shl.b32 	%r841, %r1786, 2;
	add.s32 	%r842, %r60, %r841;
	ld.const.u32 	%r843, [%r842];
	xor.b32  	%r1821, %r1813, %r831;
	xor.b32  	%r1822, %r1814, %r835;
	xor.b32  	%r1823, %r1815, %r839;
	xor.b32  	%r1824, %r1816, %r843;
	shl.b32 	%r845, %r1780, 2;
	add.s32 	%r846, %r77, %r845;
	ld.const.u32 	%r847, [%r846];
	shl.b32 	%r849, %r1777, 2;
	add.s32 	%r850, %r77, %r849;
	ld.const.u32 	%r851, [%r850];
	shl.b32 	%r853, %r1778, 2;
	add.s32 	%r854, %r77, %r853;
	ld.const.u32 	%r855, [%r854];
	shl.b32 	%r857, %r1779, 2;
	add.s32 	%r858, %r77, %r857;
	ld.const.u32 	%r859, [%r858];
	xor.b32  	%r1829, %r1821, %r847;
	xor.b32  	%r1830, %r1822, %r851;
	xor.b32  	%r1831, %r1823, %r855;
	xor.b32  	%r1832, %r1824, %r859;
	ld.shared.v4.u32 	{%r1833, %r1834, %r1835, %r1836}, [shr_1_lroundkeys+208];
	xor.b32  	%r1837, %r1829, %r1833;
	xor.b32  	%r1838, %r1830, %r1834;
	xor.b32  	%r1839, %r1831, %r1835;
	xor.b32  	%r1840, %r1832, %r1836;
	and.b32  	%r1841, %r1837, %r22;
	and.b32  	%r1842, %r1838, %r22;
	and.b32  	%r1843, %r1839, %r22;
	and.b32  	%r1844, %r1840, %r22;
	shr.u32 	%r1845, %r1837, %r19;
	shr.u32 	%r1846, %r1838, %r19;
	shr.u32 	%r1847, %r1839, %r19;
	shr.u32 	%r1848, %r1840, %r19;
	and.b32  	%r1849, %r1845, %r22;
	and.b32  	%r1850, %r1846, %r22;
	and.b32  	%r1851, %r1847, %r22;
	and.b32  	%r1852, %r1848, %r22;
	shr.u32 	%r1853, %r1837, %r23;
	shr.u32 	%r1854, %r1838, %r23;
	shr.u32 	%r1855, %r1839, %r23;
	shr.u32 	%r1856, %r1840, %r23;
	and.b32  	%r1857, %r1853, %r22;
	and.b32  	%r1858, %r1854, %r22;
	and.b32  	%r1859, %r1855, %r22;
	and.b32  	%r1860, %r1856, %r22;
	shr.u32 	%r1861, %r1837, %r17;
	shr.u32 	%r1862, %r1838, %r17;
	shr.u32 	%r1863, %r1839, %r17;
	shr.u32 	%r1864, %r1840, %r17;
	and.b32  	%r1865, %r1861, %r22;
	and.b32  	%r1866, %r1862, %r22;
	and.b32  	%r1867, %r1863, %r22;
	and.b32  	%r1868, %r1864, %r22;
	shl.b32 	%r861, %r1865, 2;
	mov.u32 	%r862, Te4;
	add.s32 	%r863, %r862, %r861;
	ld.const.u32 	%r864, [%r863];
	shl.b32 	%r866, %r1866, 2;
	add.s32 	%r867, %r862, %r866;
	ld.const.u32 	%r868, [%r867];
	shl.b32 	%r870, %r1867, 2;
	add.s32 	%r871, %r862, %r870;
	ld.const.u32 	%r872, [%r871];
	shl.b32 	%r874, %r1868, 2;
	add.s32 	%r875, %r862, %r874;
	ld.const.u32 	%r876, [%r875];
	and.b32  	%r1873, %r864, %r18;
	and.b32  	%r1874, %r868, %r18;
	and.b32  	%r1875, %r872, %r18;
	and.b32  	%r1876, %r876, %r18;
	shl.b32 	%r878, %r1858, 2;
	add.s32 	%r879, %r862, %r878;
	ld.const.u32 	%r880, [%r879];
	shl.b32 	%r882, %r1859, 2;
	add.s32 	%r883, %r862, %r882;
	ld.const.u32 	%r884, [%r883];
	shl.b32 	%r886, %r1860, 2;
	add.s32 	%r887, %r862, %r886;
	ld.const.u32 	%r888, [%r887];
	shl.b32 	%r890, %r1857, 2;
	add.s32 	%r891, %r862, %r890;
	ld.const.u32 	%r892, [%r891];
	and.b32  	%r1881, %r880, %r20;
	and.b32  	%r1882, %r884, %r20;
	and.b32  	%r1883, %r888, %r20;
	and.b32  	%r1884, %r892, %r20;
	or.b32  	%r1885, %r1873, %r1881;
	or.b32  	%r1886, %r1874, %r1882;
	or.b32  	%r1887, %r1875, %r1883;
	or.b32  	%r1888, %r1876, %r1884;
	shl.b32 	%r894, %r1851, 2;
	add.s32 	%r895, %r862, %r894;
	ld.const.u32 	%r896, [%r895];
	shl.b32 	%r898, %r1852, 2;
	add.s32 	%r899, %r862, %r898;
	ld.const.u32 	%r900, [%r899];
	shl.b32 	%r902, %r1849, 2;
	add.s32 	%r903, %r862, %r902;
	ld.const.u32 	%r904, [%r903];
	shl.b32 	%r906, %r1850, 2;
	add.s32 	%r907, %r862, %r906;
	ld.const.u32 	%r908, [%r907];
	and.b32  	%r1893, %r896, %r21;
	and.b32  	%r1894, %r900, %r21;
	and.b32  	%r1895, %r904, %r21;
	and.b32  	%r1896, %r908, %r21;
	or.b32  	%r1897, %r1885, %r1893;
	or.b32  	%r1898, %r1886, %r1894;
	or.b32  	%r1899, %r1887, %r1895;
	or.b32  	%r1900, %r1888, %r1896;
	shl.b32 	%r910, %r1844, 2;
	add.s32 	%r911, %r862, %r910;
	ld.const.u32 	%r912, [%r911];
	shl.b32 	%r914, %r1841, 2;
	add.s32 	%r915, %r862, %r914;
	ld.const.u32 	%r916, [%r915];
	shl.b32 	%r918, %r1842, 2;
	add.s32 	%r919, %r862, %r918;
	ld.const.u32 	%r920, [%r919];
	shl.b32 	%r922, %r1843, 2;
	add.s32 	%r923, %r862, %r922;
	ld.const.u32 	%r924, [%r923];
	and.b32  	%r1905, %r912, %r22;
	and.b32  	%r1906, %r916, %r22;
	and.b32  	%r1907, %r920, %r22;
	and.b32  	%r1908, %r924, %r22;
	or.b32  	%r1909, %r1897, %r1905;
	or.b32  	%r1910, %r1898, %r1906;
	or.b32  	%r1911, %r1899, %r1907;
	or.b32  	%r1912, %r1900, %r1908;
	ld.shared.v4.u32 	{%r1913, %r1914, %r1915, %r1916}, [shr_1_lroundkeys+224];
	xor.b32  	%r1917, %r1909, %r1913;
	xor.b32  	%r1918, %r1910, %r1914;
	xor.b32  	%r1919, %r1911, %r1915;
	xor.b32  	%r1920, %r1912, %r1916;
	shl.b32 	%r1921, %r1917, %r17;
	shl.b32 	%r1922, %r1918, %r17;
	shl.b32 	%r1923, %r1919, %r17;
	shl.b32 	%r1924, %r1920, %r17;
	and.b32  	%r1925, %r1921, %r18;
	and.b32  	%r1926, %r1922, %r18;
	and.b32  	%r1927, %r1923, %r18;
	and.b32  	%r1928, %r1924, %r18;
	shl.b32 	%r1929, %r1917, %r19;
	shl.b32 	%r1930, %r1918, %r19;
	shl.b32 	%r1931, %r1919, %r19;
	shl.b32 	%r1932, %r1920, %r19;
	and.b32  	%r1933, %r1929, %r20;
	and.b32  	%r1934, %r1930, %r20;
	and.b32  	%r1935, %r1931, %r20;
	and.b32  	%r1936, %r1932, %r20;
	or.b32  	%r1937, %r1925, %r1933;
	or.b32  	%r1938, %r1926, %r1934;
	or.b32  	%r1939, %r1927, %r1935;
	or.b32  	%r1940, %r1928, %r1936;
	shr.u32 	%r1941, %r1917, %r19;
	shr.u32 	%r1942, %r1918, %r19;
	shr.u32 	%r1943, %r1919, %r19;
	shr.u32 	%r1944, %r1920, %r19;
	and.b32  	%r1945, %r1941, %r21;
	and.b32  	%r1946, %r1942, %r21;
	and.b32  	%r1947, %r1943, %r21;
	and.b32  	%r1948, %r1944, %r21;
	or.b32  	%r1949, %r1937, %r1945;
	or.b32  	%r1950, %r1938, %r1946;
	or.b32  	%r1951, %r1939, %r1947;
	or.b32  	%r1952, %r1940, %r1948;
	shr.u32 	%r1953, %r1917, %r17;
	shr.u32 	%r1954, %r1918, %r17;
	shr.u32 	%r1955, %r1919, %r17;
	shr.u32 	%r1956, %r1920, %r17;
	and.b32  	%r1957, %r1953, %r22;
	and.b32  	%r1958, %r1954, %r22;
	and.b32  	%r1959, %r1955, %r22;
	and.b32  	%r1960, %r1956, %r22;
	or.b32  	%r1961, %r1949, %r1957;
	or.b32  	%r1962, %r1950, %r1958;
	or.b32  	%r1963, %r1951, %r1959;
	or.b32  	%r1964, %r1952, %r1960;
	st.global.v4.u32 	[%r16], {%r1961, %r1962, %r1963, %r1964};
	ret;
}