1797
2056
2351
1660
1556
1556
1557
1561
1558
1786
2348
2355
2365
2346
2357
2360
2358
2356
2354
2368
2206
1555
1558
1728
2358
2346
2288
1555
1557
1553
1563
2322
2081
2179
1736
2359
2153
1657
1591
1574
1555
1948
2349
2348
2001
1554
1556
1555
1569
1557
1584
1555
1558
1554
1720
1648
2044
2364
1669
1568
1946
1745
1558
1754
2359
2381
2359
2356
2351
2366
2358
2374
2367
2369
2340
2335
2146
1565
1950
2357
2356
1564
1571
1716
2350
1740
1562
1570
1562
1859
2349
2361
2033
2149
2360
2355
2366
2355
2351
2361
2366
2362
2254
2339
1577
1771
2087
2264
1558
1562
1595
2372
1655
1553
1556
1567
1555
1552
1560
1550
1556
2120
1565
1555
1556
1554
1556
1558
2091
2363
2360
1712
2167
2367
2366
2375
2354
2346
2357
2368
2370
2229
2240
2364
2194
1560
1559
1557
1679
1597
1572
1560
1560
1566
1839
1565
1752
2134
1562
2015
1568
1573
1554
1558
1569
1769
1589
1571
2158
2082
1559
1579
1698
2214
1770
2363
1624
1661
2357
2277
1589
1566
2154
1977
2054
2369
1581
1574
1558
2058
1842
1563
1552
1565
1552
1564
1559
1893
2347
1561
1562
1561
1560
1554
1553
1567
1552
1560
1571
1559
1560
1574
1560
2062
2354
2355
1953
2374
1885
1557
1550
1565
1692
2380
1742
1557
1737
1652
1562
1552
1659
2351
2350
2224
2152
1755
2263
2355
1591
1555
1565
1554
1568
1573
1568
2281
2141
2357
1906
1566
1554
1556
1556
1555
1949
2355
