302
197
198
197
254
199
201
199
199
198
200
210
199
198
199
198
200
199
204
197
196
201
199
198
204
201
199
204
200
199
198
198
197
200
197
199
199
196
196
198
196
196
198
197
198
197
196
196
198
198
197
196
195
196
196
194
196
199
207
199
194
195
197
197
199
198
203
195
198
199
198
198
196
198
198
197
198
200
199
198
196
198
198
197
195
197
198
196
196
199
199
199
196
196
197
197
196
202
202
198
196
198
196
197
196
197
195
199
195
198
198
203
200
198
202
197
197
198
195
202
197
196
197
198
199
215
201
198
197
199
199
196
301
302
297
322
310
204
209
223
207
206
197
198
197
198
200
197
197
197
197
196
198
208
200
197
198
195
196
205
198
201
197
205
199
197
195
197
205
199
201
207
204
199
197
195
200
200
197
200
199
225
200
207
196
200
200
197
201
195
196
195
197
199
198
196
196
196
201
196
196
200
201
197
204
197
203
195
197
198
196
197
201
197
195
197
201
200
199
197
198
196
198
195
199
204
198
197
205
201
205
198
201
203
205
197
199
200
197
201
203
205
200
212
197
204
196
198
201
201
197
197
199
200
199
197
