25
23
18
22
18
19
19
24
19
20
19
19
21
19
24
22
13
16
15
14
12
15
12
16
14
16
13
12
13
13
13
12
12
13
13
13
14
13
14
13
14
13
13
12
12
12
13
12
13
12
12
12
12
12
12
12
13
12
13
13
13
14
13
13
13
13
13
12
12
12
13
15
12
12
13
12
12
12
12
13
13
12
12
13
12
13
13
12
13
15
15
15
13
13
12
12
13
12
13
13
13
14
12
14
14
13
12
12
13
14
13
12
13
12
13
13
13
13
13
12
12
13
14
12
14
12
13
13
12
13
13
14
12
13
12
12
13
12
13
12
13
12
13
15
12
13
13
13
13
12
12
12
12
12
12
12
13
13
13
13
13
13
13
12
15
13
13
13
12
13
13
13
13
12
13
15
13
13
12
13
12
12
13
12
12
12
12
13
12
12
13
15
12
13
12
12
12
12
12
12
12
13
13
12
12
12
13
13
14
12
14
12
12
12
13
12
13
12
15
12
12
13
12
14
12
12
12
13
13
12
13
12
12
13
16
13
13
13
13
12
13
12
12
12
12
12
13
13
12
13
15
12
13
13
12
13
