3338
3124
4534
3322
4461
3670
3523
3104
3109
3132
4237
3116
4605
3123
3126
4297
4712
3131
3111
3515
4017
4380
3116
4181
4398
4145
4163
3116
4289
3124
4309
3845
4068
3122
3110
3119
4168
4143
3122
3119
3129
3111
3121
4379
4736
4065
4726
4700
4259
3113
3119
3118
3887
4247
4704
4392
4702
3108
3119
4185
4246
3349
4715
4722
4547
3784
3904
3996
3105
3114
3115
3114
3838
4734
4698
4717
3446
3112
4128
4413
4746
3344
3350
4704
4399
3117
3843
3124
3113
3109
3112
3395
3623
4532
4074
3148
4702
4009
3110
4038
4701
3501
4179
3139
3114
3332
4327
3118
3599
3662
3658
3171
4259
3567
3102
3301
3544
3106
3595
4345
4252
3281
3721
3838
4511
4705
4708
4043
3105
3112
3293
4698
3133
3117
3787
3117
3113
4426
3396
3112
3111
3126
3126
3121
4308
4700
3929
3109
3121
4106
4706
4714
3623
3107
3393
3113
3158
3128
4197
4042
4705
3373
3112
3111
3115
4475
3128
3657
3105
3122
3584
4302
4313
4707
3112
3981
4080
3155
3265
3400
3284
3512
3544
3748
3399
3208
3397
3312
3174
3270
3154
3134
3124
3116
3125
3139
4025
3128
3476
3115
3109
3112
3166
3314
4165
3179
3209
3155
3364
3999
3113
3156
3130
3142
3122
3132
3121
4084
4786
3304
3364
3130
3116
3890
3160
3137
3161
3126
3144
3152
3157
3155
3141
4106
3113
3149
4534
3812
3187
3124
3183
3150
3132
3544
3112
3121
3165
3137
3139
3732
4716
3133
3114
3134
3135
3129
