611
636
395
396
398
399
402
392
394
394
393
394
397
399
391
391
391
390
392
393
395
392
391
390
393
390
394
395
394
397
390
393
400
393
393
393
396
396
439
595
607
591
595
599
604
592
591
597
609
597
594
593
592
597
591
590
586
417
390
392
396
390
392
394
392
396
392
407
396
391
394
391
392
497
587
598
595
587
493
392
391
391
394
390
391
390
390
394
428
592
584
584
584
586
587
586
586
595
592
585
588
590
587
583
598
587
590
585
588
590
585
590
592
590
588
583
592
593
585
588
592
592
587
433
387
390
387
389
387
387
390
389
389
388
391
390
389
387
394
396
391
392
388
387
390
389
392
392
389
471
557
386
388
389
389
388
387
389
390
387
389
388
390
389
393
387
388
425
583
587
588
586
588
589
590
597
588
584
591
587
588
596
586
439
387
387
388
390
388
386
391
386
387
389
407
386
386
389
388
389
390
388
388
394
395
387
386
387
386
387
386
389
390
388
386
400
400
388
387
388
391
386
387
388
387
388
390
408
391
431
585
584
586
588
584
584
588
588
585
587
589
586
584
586
591
592
505
386
386
386
385
387
389
386
388
387
