81
74
75
75
84
82
84
81
52
51
53
49
50
63
70
53
50
49
52
53
50
51
49
49
50
51
51
50
49
49
51
51
49
50
52
49
51
50
50
49
52
51
50
49
50
48
49
50
49
50
52
51
49
50
49
49
53
49
50
49
48
49
50
49
55
49
51
53
50
49
50
50
51
49
50
49
50
50
49
49
49
49
52
49
49
49
50
50
51
49
50
50
50
54
54
52
51
52
55
50
55
51
50
53
53
50
49
49
50
49
51
49
49
49
53
50
53
50
50
50
50
48
50
51
50
50
50
49
50
51
53
50
53
50
53
54
50
49
49
50
49
49
50
49
50
53
52
54
53
49
56
50
51
49
50
49
50
50
50
48
49
49
50
51
50
50
50
50
49
49
50
50
51
50
49
51
49
50
52
50
51
49
52
50
51
50
50
50
49
49
49
49
50
49
51
50
49
49
51
50
49
48
50
48
50
49
50
49
50
49
49
50
49
49
50
50
49
50
50
49
50
49
49
49
51
49
50
58
50
50
51
50
51
50
50
49
51
50
49
49
50
49
50
55
52
51
49
50
49
49
50
52
49
49
50
51
