7496
7862
6912
6466
7411
6944
7524
8259
6404
6354
8872
8639
8061
8885
6340
6306
8010
7202
8511
9137
8851
7704
7253
7822
6500
6381
6289
8860
6324
6292
6866
6494
8698
6772
9587
8423
6687
9447
9502
8227
6588
8310
6308
8777
8504
6337
8043
8825
9068
8340
8683
6348
8365
9301
7718
8209
7560
6940
8105
6339
6503
6331
7973
6382
8488
6291
7855
8081
9101
8343
8343
8561
6305
7166
6340
6769
6387
7413
7839
6318
6328
7417
9440
6638
6283
7852
8980
8404
6355
9587
6325
7485
6328
8789
8481
7537
8324
8508
7572
6312
6345
6494
6370
7666
8632
6566
8101
7494
6319
7908
6569
6332
7623
8848
8036
9123
8810
6304
6818
6348
6382
7467
6758
7881
6317
6802
8411
7528
8617
6898
8732
6558
6362
8648
9333
9402
6352
7204
6348
6372
7760
8098
7503
9288
8052
6314
6846
7653
6306
9079
6355
6805
6685
8249
8034
9279
7567
6535
9318
8390
9388
8533
9152
6935
6309
6301
8299
6338
7652
8826
6791
9032
6317
7498
6363
9248
6352
6301
6904
8490
6853
6790
6331
6903
8200
7854
8383
7532
7829
7487
8639
7721
9449
9206
6944
7213
8402
8159
6945
6294
7021
8897
8183
9011
7449
9274
6750
8985
6365
7362
6292
6342
7386
8881
6296
8264
8309
8256
8022
7413
7917
8053
7270
8715
8575
9255
8259
9273
8347
8724
7723
7263
9588
8996
8400
6935
9397
6346
8347
7309
7141
7576
8115
8956
6389
7027
8076
6621
9254
6905
6346
9121
6978
7208
7027
6314
