777
895
864
1189
1196
1181
1179
1179
1178
1189
1188
1176
1178
1172
982
777
786
779
780
774
775
773
780
784
902
1178
1184
1194
848
783
781
794
1027
973
1187
1174
1190
1067
1178
1181
1181
1192
1173
1176
1171
1182
1178
1174
1179
1110
776
776
774
778
776
778
780
777
778
776
780
777
780
780
969
1171
887
782
807
949
1183
1174
1176
800
985
1177
1181
1182
1174
1189
917
773
980
1176
941
936
1183
1177
1183
862
780
781
784
783
888
1166
1177
1175
1190
830
773
775
781
773
779
776
774
781
898
1181
1173
813
783
776
777
776
775
776
781
775
777
783
995
1177
1171
1174
885
775
784
778
779
783
782
1028
1173
1178
1168
1172
1173
1174
777
780
776
774
775
780
775
773
782
775
787
774
775
779
778
779
865
1171
1177
1178
1236
1167
1172
1178
1145
778
786
1019
774
776
782
1009
1180
1196
1172
1172
1177
1191
1187
1172
1175
1185
1181
1174
1189
1172
1180
1176
1180
1168
1167
1163
774
780
1047
1176
1172
846
774
778
791
775
773
775
775
776
1003
1168
852
785
777
786
986
1174
1177
1177
1186
1176
1171
1176
1178
1180
1172
1180
876
778
786
779
964
1176
1172
1175
1184
1176
1173
1206
1175
1174
1182
1177
1190
1172
1168
1242
1190
825
776
775
774
779
789
854
1177
1176
1176
929
