158
148
151
155
150
150
198
113
102
100
101
102
98
99
99
106
99
99
99
102
98
100
100
98
103
102
100
104
102
100
99
102
99
100
106
107
101
98
99
99
98
100
100
100
101
102
100
102
101
115
124
107
110
154
110
104
98
100
98
99
99
104
98
100
98
99
101
98
98
99
100
97
98
100
99
101
98
99
100
99
97
98
101
98
102
98
100
101
102
99
98
98
100
99
99
101
99
99
99
100
101
100
98
101
100
100
97
99
99
98
98
98
99
99
101
99
98
98
98
98
99
98
99
98
100
98
100
102
98
100
99
100
99
99
99
98
99
98
98
99
98
99
98
98
99
99
99
99
100
101
98
100
99
99
98
99
100
104
99
99
99
103
99
99
104
147
104
99
97
102
99
97
98
99
98
99
97
99
101
99
99
98
99
100
98
103
99
97
98
98
98
108
101
101
103
101
99
100
99
100
99
102
99
100
98
98
99
98
99
100
98
98
98
97
98
97
99
99
98
98
99
100
100
101
99
101
100
101
98
98
98
97
97
98
99
103
99
98
100
99
99
100
108
99
98
99
97
99
99
99
98
102
101
99
99
100
