//
// Generated by NVIDIA NVVM Compiler
// Compiler built on Tue May 15 08:50:53 2012 (1337064653)
// Driver 
//

.version 3.0
.target sm_11, texmode_independent
.address_size 32

.visible .const .align 4 .u32 timestamp = 1347021586;
.visible .const .align 4 .b8 Te0[1024] = {165, 99, 99, 198, 132, 124, 124, 248, 153, 119, 119, 238, 141, 123, 123, 246, 13, 242, 242, 255, 189, 107, 107, 214, 177, 111, 111, 222, 84, 197, 197, 145, 80, 48, 48, 96, 3, 1, 1, 2, 169, 103, 103, 206, 125, 43, 43, 86, 25, 254, 254, 231, 98, 215, 215, 181, 230, 171, 171, 77, 154, 118, 118, 236, 69, 202, 202, 143, 157, 130, 130, 31, 64, 201, 201, 137, 135, 125, 125, 250, 21, 250, 250, 239, 235, 89, 89, 178, 201, 71, 71, 142, 11, 240, 240, 251, 236, 173, 173, 65, 103, 212, 212, 179, 253, 162, 162, 95, 234, 175, 175, 69, 191, 156, 156, 35, 247, 164, 164, 83, 150, 114, 114, 228, 91, 192, 192, 155, 194, 183, 183, 117, 28, 253, 253, 225, 174, 147, 147, 61, 106, 38, 38, 76, 90, 54, 54, 108, 65, 63, 63, 126, 2, 247, 247, 245, 79, 204, 204, 131, 92, 52, 52, 104, 244, 165, 165, 81, 52, 229, 229, 209, 8, 241, 241, 249, 147, 113, 113, 226, 115, 216, 216, 171, 83, 49, 49, 98, 63, 21, 21, 42, 12, 4, 4, 8, 82, 199, 199, 149, 101, 35, 35, 70, 94, 195, 195, 157, 40, 24, 24, 48, 161, 150, 150, 55, 15, 5, 5, 10, 181, 154, 154, 47, 9, 7, 7, 14, 54, 18, 18, 36, 155, 128, 128, 27, 61, 226, 226, 223, 38, 235, 235, 205, 105, 39, 39, 78, 205, 178, 178, 127, 159, 117, 117, 234, 27, 9, 9, 18, 158, 131, 131, 29, 116, 44, 44, 88, 46, 26, 26, 52, 45, 27, 27, 54, 178, 110, 110, 220, 238, 90, 90, 180, 251, 160, 160, 91, 246, 82, 82, 164, 77, 59, 59, 118, 97, 214, 214, 183, 206, 179, 179, 125, 123, 41, 41, 82, 62, 227, 227, 221, 113, 47, 47, 94, 151, 132, 132, 19, 245, 83, 83, 166, 104, 209, 209, 185, 0, 0, 0, 0, 44, 237, 237, 193, 96, 32, 32, 64, 31, 252, 252, 227, 200, 177, 177, 121, 237, 91, 91, 182, 190, 106, 106, 212, 70, 203, 203, 141, 217, 190, 190, 103, 75, 57, 57, 114, 222, 74, 74, 148, 212, 76, 76, 152, 232, 88, 88, 176, 74, 207, 207, 133, 107, 208, 208, 187, 42, 239, 239, 197, 229, 170, 170, 79, 22, 251, 251, 237, 197, 67, 67, 134, 215, 77, 77, 154, 85, 51, 51, 102, 148, 133, 133, 17, 207, 69, 69, 138, 16, 249, 249, 233, 6, 2, 2, 4, 129, 127, 127, 254, 240, 80, 80, 160, 68, 60, 60, 120, 186, 159, 159, 37, 227, 168, 168, 75, 243, 81, 81, 162, 254, 163, 163, 93, 192, 64, 64, 128, 138, 143, 143, 5, 173, 146, 146, 63, 188, 157, 157, 33, 72, 56, 56, 112, 4, 245, 245, 241, 223, 188, 188, 99, 193, 182, 182, 119, 117, 218, 218, 175, 99, 33, 33, 66, 48, 16, 16, 32, 26, 255, 255, 229, 14, 243, 243, 253, 109, 210, 210, 191, 76, 205, 205, 129, 20, 12, 12, 24, 53, 19, 19, 38, 47, 236, 236, 195, 225, 95, 95, 190, 162, 151, 151, 53, 204, 68, 68, 136, 57, 23, 23, 46, 87, 196, 196, 147, 242, 167, 167, 85, 130, 126, 126, 252, 71, 61, 61, 122, 172, 100, 100, 200, 231, 93, 93, 186, 43, 25, 25, 50, 149, 115, 115, 230, 160, 96, 96, 192, 152, 129, 129, 25, 209, 79, 79, 158, 127, 220, 220, 163, 102, 34, 34, 68, 126, 42, 42, 84, 171, 144, 144, 59, 131, 136, 136, 11, 202, 70, 70, 140, 41, 238, 238, 199, 211, 184, 184, 107, 60, 20, 20, 40, 121, 222, 222, 167, 226, 94, 94, 188, 29, 11, 11, 22, 118, 219, 219, 173, 59, 224, 224, 219, 86, 50, 50, 100, 78, 58, 58, 116, 30, 10, 10, 20, 219, 73, 73, 146, 10, 6, 6, 12, 108, 36, 36, 72, 228, 92, 92, 184, 93, 194, 194, 159, 110, 211, 211, 189, 239, 172, 172, 67, 166, 98, 98, 196, 168, 145, 145, 57, 164, 149, 149, 49, 55, 228, 228, 211, 139, 121, 121, 242, 50, 231, 231, 213, 67, 200, 200, 139, 89, 55, 55, 110, 183, 109, 109, 218, 140, 141, 141, 1, 100, 213, 213, 177, 210, 78, 78, 156, 224, 169, 169, 73, 180, 108, 108, 216, 250, 86, 86, 172, 7, 244, 244, 243, 37, 234, 234, 207, 175, 101, 101, 202, 142, 122, 122, 244, 233, 174, 174, 71, 24, 8, 8, 16, 213, 186, 186, 111, 136, 120, 120, 240, 111, 37, 37, 74, 114, 46, 46, 92, 36, 28, 28, 56, 241, 166, 166, 87, 199, 180, 180, 115, 81, 198, 198, 151, 35, 232, 232, 203, 124, 221, 221, 161, 156, 116, 116, 232, 33, 31, 31, 62, 221, 75, 75, 150, 220, 189, 189, 97, 134, 139, 139, 13, 133, 138, 138, 15, 144, 112, 112, 224, 66, 62, 62, 124, 196, 181, 181, 113, 170, 102, 102, 204, 216, 72, 72, 144, 5, 3, 3, 6, 1, 246, 246, 247, 18, 14, 14, 28, 163, 97, 97, 194, 95, 53, 53, 106, 249, 87, 87, 174, 208, 185, 185, 105, 145, 134, 134, 23, 88, 193, 193, 153, 39, 29, 29, 58, 185, 158, 158, 39, 56, 225, 225, 217, 19, 248, 248, 235, 179, 152, 152, 43, 51, 17, 17, 34, 187, 105, 105, 210, 112, 217, 217, 169, 137, 142, 142, 7, 167, 148, 148, 51, 182, 155, 155, 45, 34, 30, 30, 60, 146, 135, 135, 21, 32, 233, 233, 201, 73, 206, 206, 135, 255, 85, 85, 170, 120, 40, 40, 80, 122, 223, 223, 165, 143, 140, 140, 3, 248, 161, 161, 89, 128, 137, 137, 9, 23, 13, 13, 26, 218, 191, 191, 101, 49, 230, 230, 215, 198, 66, 66, 132, 184, 104, 104, 208, 195, 65, 65, 130, 176, 153, 153, 41, 119, 45, 45, 90, 17, 15, 15, 30, 203, 176, 176, 123, 252, 84, 84, 168, 214, 187, 187, 109, 58, 22, 22, 44};
.visible .const .align 4 .b8 Te1[1024] = {99, 99, 198, 165, 124, 124, 248, 132, 119, 119, 238, 153, 123, 123, 246, 141, 242, 242, 255, 13, 107, 107, 214, 189, 111, 111, 222, 177, 197, 197, 145, 84, 48, 48, 96, 80, 1, 1, 2, 3, 103, 103, 206, 169, 43, 43, 86, 125, 254, 254, 231, 25, 215, 215, 181, 98, 171, 171, 77, 230, 118, 118, 236, 154, 202, 202, 143, 69, 130, 130, 31, 157, 201, 201, 137, 64, 125, 125, 250, 135, 250, 250, 239, 21, 89, 89, 178, 235, 71, 71, 142, 201, 240, 240, 251, 11, 173, 173, 65, 236, 212, 212, 179, 103, 162, 162, 95, 253, 175, 175, 69, 234, 156, 156, 35, 191, 164, 164, 83, 247, 114, 114, 228, 150, 192, 192, 155, 91, 183, 183, 117, 194, 253, 253, 225, 28, 147, 147, 61, 174, 38, 38, 76, 106, 54, 54, 108, 90, 63, 63, 126, 65, 247, 247, 245, 2, 204, 204, 131, 79, 52, 52, 104, 92, 165, 165, 81, 244, 229, 229, 209, 52, 241, 241, 249, 8, 113, 113, 226, 147, 216, 216, 171, 115, 49, 49, 98, 83, 21, 21, 42, 63, 4, 4, 8, 12, 199, 199, 149, 82, 35, 35, 70, 101, 195, 195, 157, 94, 24, 24, 48, 40, 150, 150, 55, 161, 5, 5, 10, 15, 154, 154, 47, 181, 7, 7, 14, 9, 18, 18, 36, 54, 128, 128, 27, 155, 226, 226, 223, 61, 235, 235, 205, 38, 39, 39, 78, 105, 178, 178, 127, 205, 117, 117, 234, 159, 9, 9, 18, 27, 131, 131, 29, 158, 44, 44, 88, 116, 26, 26, 52, 46, 27, 27, 54, 45, 110, 110, 220, 178, 90, 90, 180, 238, 160, 160, 91, 251, 82, 82, 164, 246, 59, 59, 118, 77, 214, 214, 183, 97, 179, 179, 125, 206, 41, 41, 82, 123, 227, 227, 221, 62, 47, 47, 94, 113, 132, 132, 19, 151, 83, 83, 166, 245, 209, 209, 185, 104, 0, 0, 0, 0, 237, 237, 193, 44, 32, 32, 64, 96, 252, 252, 227, 31, 177, 177, 121, 200, 91, 91, 182, 237, 106, 106, 212, 190, 203, 203, 141, 70, 190, 190, 103, 217, 57, 57, 114, 75, 74, 74, 148, 222, 76, 76, 152, 212, 88, 88, 176, 232, 207, 207, 133, 74, 208, 208, 187, 107, 239, 239, 197, 42, 170, 170, 79, 229, 251, 251, 237, 22, 67, 67, 134, 197, 77, 77, 154, 215, 51, 51, 102, 85, 133, 133, 17, 148, 69, 69, 138, 207, 249, 249, 233, 16, 2, 2, 4, 6, 127, 127, 254, 129, 80, 80, 160, 240, 60, 60, 120, 68, 159, 159, 37, 186, 168, 168, 75, 227, 81, 81, 162, 243, 163, 163, 93, 254, 64, 64, 128, 192, 143, 143, 5, 138, 146, 146, 63, 173, 157, 157, 33, 188, 56, 56, 112, 72, 245, 245, 241, 4, 188, 188, 99, 223, 182, 182, 119, 193, 218, 218, 175, 117, 33, 33, 66, 99, 16, 16, 32, 48, 255, 255, 229, 26, 243, 243, 253, 14, 210, 210, 191, 109, 205, 205, 129, 76, 12, 12, 24, 20, 19, 19, 38, 53, 236, 236, 195, 47, 95, 95, 190, 225, 151, 151, 53, 162, 68, 68, 136, 204, 23, 23, 46, 57, 196, 196, 147, 87, 167, 167, 85, 242, 126, 126, 252, 130, 61, 61, 122, 71, 100, 100, 200, 172, 93, 93, 186, 231, 25, 25, 50, 43, 115, 115, 230, 149, 96, 96, 192, 160, 129, 129, 25, 152, 79, 79, 158, 209, 220, 220, 163, 127, 34, 34, 68, 102, 42, 42, 84, 126, 144, 144, 59, 171, 136, 136, 11, 131, 70, 70, 140, 202, 238, 238, 199, 41, 184, 184, 107, 211, 20, 20, 40, 60, 222, 222, 167, 121, 94, 94, 188, 226, 11, 11, 22, 29, 219, 219, 173, 118, 224, 224, 219, 59, 50, 50, 100, 86, 58, 58, 116, 78, 10, 10, 20, 30, 73, 73, 146, 219, 6, 6, 12, 10, 36, 36, 72, 108, 92, 92, 184, 228, 194, 194, 159, 93, 211, 211, 189, 110, 172, 172, 67, 239, 98, 98, 196, 166, 145, 145, 57, 168, 149, 149, 49, 164, 228, 228, 211, 55, 121, 121, 242, 139, 231, 231, 213, 50, 200, 200, 139, 67, 55, 55, 110, 89, 109, 109, 218, 183, 141, 141, 1, 140, 213, 213, 177, 100, 78, 78, 156, 210, 169, 169, 73, 224, 108, 108, 216, 180, 86, 86, 172, 250, 244, 244, 243, 7, 234, 234, 207, 37, 101, 101, 202, 175, 122, 122, 244, 142, 174, 174, 71, 233, 8, 8, 16, 24, 186, 186, 111, 213, 120, 120, 240, 136, 37, 37, 74, 111, 46, 46, 92, 114, 28, 28, 56, 36, 166, 166, 87, 241, 180, 180, 115, 199, 198, 198, 151, 81, 232, 232, 203, 35, 221, 221, 161, 124, 116, 116, 232, 156, 31, 31, 62, 33, 75, 75, 150, 221, 189, 189, 97, 220, 139, 139, 13, 134, 138, 138, 15, 133, 112, 112, 224, 144, 62, 62, 124, 66, 181, 181, 113, 196, 102, 102, 204, 170, 72, 72, 144, 216, 3, 3, 6, 5, 246, 246, 247, 1, 14, 14, 28, 18, 97, 97, 194, 163, 53, 53, 106, 95, 87, 87, 174, 249, 185, 185, 105, 208, 134, 134, 23, 145, 193, 193, 153, 88, 29, 29, 58, 39, 158, 158, 39, 185, 225, 225, 217, 56, 248, 248, 235, 19, 152, 152, 43, 179, 17, 17, 34, 51, 105, 105, 210, 187, 217, 217, 169, 112, 142, 142, 7, 137, 148, 148, 51, 167, 155, 155, 45, 182, 30, 30, 60, 34, 135, 135, 21, 146, 233, 233, 201, 32, 206, 206, 135, 73, 85, 85, 170, 255, 40, 40, 80, 120, 223, 223, 165, 122, 140, 140, 3, 143, 161, 161, 89, 248, 137, 137, 9, 128, 13, 13, 26, 23, 191, 191, 101, 218, 230, 230, 215, 49, 66, 66, 132, 198, 104, 104, 208, 184, 65, 65, 130, 195, 153, 153, 41, 176, 45, 45, 90, 119, 15, 15, 30, 17, 176, 176, 123, 203, 84, 84, 168, 252, 187, 187, 109, 214, 22, 22, 44, 58};
.visible .const .align 4 .b8 Te2[1024] = {99, 198, 165, 99, 124, 248, 132, 124, 119, 238, 153, 119, 123, 246, 141, 123, 242, 255, 13, 242, 107, 214, 189, 107, 111, 222, 177, 111, 197, 145, 84, 197, 48, 96, 80, 48, 1, 2, 3, 1, 103, 206, 169, 103, 43, 86, 125, 43, 254, 231, 25, 254, 215, 181, 98, 215, 171, 77, 230, 171, 118, 236, 154, 118, 202, 143, 69, 202, 130, 31, 157, 130, 201, 137, 64, 201, 125, 250, 135, 125, 250, 239, 21, 250, 89, 178, 235, 89, 71, 142, 201, 71, 240, 251, 11, 240, 173, 65, 236, 173, 212, 179, 103, 212, 162, 95, 253, 162, 175, 69, 234, 175, 156, 35, 191, 156, 164, 83, 247, 164, 114, 228, 150, 114, 192, 155, 91, 192, 183, 117, 194, 183, 253, 225, 28, 253, 147, 61, 174, 147, 38, 76, 106, 38, 54, 108, 90, 54, 63, 126, 65, 63, 247, 245, 2, 247, 204, 131, 79, 204, 52, 104, 92, 52, 165, 81, 244, 165, 229, 209, 52, 229, 241, 249, 8, 241, 113, 226, 147, 113, 216, 171, 115, 216, 49, 98, 83, 49, 21, 42, 63, 21, 4, 8, 12, 4, 199, 149, 82, 199, 35, 70, 101, 35, 195, 157, 94, 195, 24, 48, 40, 24, 150, 55, 161, 150, 5, 10, 15, 5, 154, 47, 181, 154, 7, 14, 9, 7, 18, 36, 54, 18, 128, 27, 155, 128, 226, 223, 61, 226, 235, 205, 38, 235, 39, 78, 105, 39, 178, 127, 205, 178, 117, 234, 159, 117, 9, 18, 27, 9, 131, 29, 158, 131, 44, 88, 116, 44, 26, 52, 46, 26, 27, 54, 45, 27, 110, 220, 178, 110, 90, 180, 238, 90, 160, 91, 251, 160, 82, 164, 246, 82, 59, 118, 77, 59, 214, 183, 97, 214, 179, 125, 206, 179, 41, 82, 123, 41, 227, 221, 62, 227, 47, 94, 113, 47, 132, 19, 151, 132, 83, 166, 245, 83, 209, 185, 104, 209, 0, 0, 0, 0, 237, 193, 44, 237, 32, 64, 96, 32, 252, 227, 31, 252, 177, 121, 200, 177, 91, 182, 237, 91, 106, 212, 190, 106, 203, 141, 70, 203, 190, 103, 217, 190, 57, 114, 75, 57, 74, 148, 222, 74, 76, 152, 212, 76, 88, 176, 232, 88, 207, 133, 74, 207, 208, 187, 107, 208, 239, 197, 42, 239, 170, 79, 229, 170, 251, 237, 22, 251, 67, 134, 197, 67, 77, 154, 215, 77, 51, 102, 85, 51, 133, 17, 148, 133, 69, 138, 207, 69, 249, 233, 16, 249, 2, 4, 6, 2, 127, 254, 129, 127, 80, 160, 240, 80, 60, 120, 68, 60, 159, 37, 186, 159, 168, 75, 227, 168, 81, 162, 243, 81, 163, 93, 254, 163, 64, 128, 192, 64, 143, 5, 138, 143, 146, 63, 173, 146, 157, 33, 188, 157, 56, 112, 72, 56, 245, 241, 4, 245, 188, 99, 223, 188, 182, 119, 193, 182, 218, 175, 117, 218, 33, 66, 99, 33, 16, 32, 48, 16, 255, 229, 26, 255, 243, 253, 14, 243, 210, 191, 109, 210, 205, 129, 76, 205, 12, 24, 20, 12, 19, 38, 53, 19, 236, 195, 47, 236, 95, 190, 225, 95, 151, 53, 162, 151, 68, 136, 204, 68, 23, 46, 57, 23, 196, 147, 87, 196, 167, 85, 242, 167, 126, 252, 130, 126, 61, 122, 71, 61, 100, 200, 172, 100, 93, 186, 231, 93, 25, 50, 43, 25, 115, 230, 149, 115, 96, 192, 160, 96, 129, 25, 152, 129, 79, 158, 209, 79, 220, 163, 127, 220, 34, 68, 102, 34, 42, 84, 126, 42, 144, 59, 171, 144, 136, 11, 131, 136, 70, 140, 202, 70, 238, 199, 41, 238, 184, 107, 211, 184, 20, 40, 60, 20, 222, 167, 121, 222, 94, 188, 226, 94, 11, 22, 29, 11, 219, 173, 118, 219, 224, 219, 59, 224, 50, 100, 86, 50, 58, 116, 78, 58, 10, 20, 30, 10, 73, 146, 219, 73, 6, 12, 10, 6, 36, 72, 108, 36, 92, 184, 228, 92, 194, 159, 93, 194, 211, 189, 110, 211, 172, 67, 239, 172, 98, 196, 166, 98, 145, 57, 168, 145, 149, 49, 164, 149, 228, 211, 55, 228, 121, 242, 139, 121, 231, 213, 50, 231, 200, 139, 67, 200, 55, 110, 89, 55, 109, 218, 183, 109, 141, 1, 140, 141, 213, 177, 100, 213, 78, 156, 210, 78, 169, 73, 224, 169, 108, 216, 180, 108, 86, 172, 250, 86, 244, 243, 7, 244, 234, 207, 37, 234, 101, 202, 175, 101, 122, 244, 142, 122, 174, 71, 233, 174, 8, 16, 24, 8, 186, 111, 213, 186, 120, 240, 136, 120, 37, 74, 111, 37, 46, 92, 114, 46, 28, 56, 36, 28, 166, 87, 241, 166, 180, 115, 199, 180, 198, 151, 81, 198, 232, 203, 35, 232, 221, 161, 124, 221, 116, 232, 156, 116, 31, 62, 33, 31, 75, 150, 221, 75, 189, 97, 220, 189, 139, 13, 134, 139, 138, 15, 133, 138, 112, 224, 144, 112, 62, 124, 66, 62, 181, 113, 196, 181, 102, 204, 170, 102, 72, 144, 216, 72, 3, 6, 5, 3, 246, 247, 1, 246, 14, 28, 18, 14, 97, 194, 163, 97, 53, 106, 95, 53, 87, 174, 249, 87, 185, 105, 208, 185, 134, 23, 145, 134, 193, 153, 88, 193, 29, 58, 39, 29, 158, 39, 185, 158, 225, 217, 56, 225, 248, 235, 19, 248, 152, 43, 179, 152, 17, 34, 51, 17, 105, 210, 187, 105, 217, 169, 112, 217, 142, 7, 137, 142, 148, 51, 167, 148, 155, 45, 182, 155, 30, 60, 34, 30, 135, 21, 146, 135, 233, 201, 32, 233, 206, 135, 73, 206, 85, 170, 255, 85, 40, 80, 120, 40, 223, 165, 122, 223, 140, 3, 143, 140, 161, 89, 248, 161, 137, 9, 128, 137, 13, 26, 23, 13, 191, 101, 218, 191, 230, 215, 49, 230, 66, 132, 198, 66, 104, 208, 184, 104, 65, 130, 195, 65, 153, 41, 176, 153, 45, 90, 119, 45, 15, 30, 17, 15, 176, 123, 203, 176, 84, 168, 252, 84, 187, 109, 214, 187, 22, 44, 58, 22};
.visible .const .align 4 .b8 Te3[1024] = {198, 165, 99, 99, 248, 132, 124, 124, 238, 153, 119, 119, 246, 141, 123, 123, 255, 13, 242, 242, 214, 189, 107, 107, 222, 177, 111, 111, 145, 84, 197, 197, 96, 80, 48, 48, 2, 3, 1, 1, 206, 169, 103, 103, 86, 125, 43, 43, 231, 25, 254, 254, 181, 98, 215, 215, 77, 230, 171, 171, 236, 154, 118, 118, 143, 69, 202, 202, 31, 157, 130, 130, 137, 64, 201, 201, 250, 135, 125, 125, 239, 21, 250, 250, 178, 235, 89, 89, 142, 201, 71, 71, 251, 11, 240, 240, 65, 236, 173, 173, 179, 103, 212, 212, 95, 253, 162, 162, 69, 234, 175, 175, 35, 191, 156, 156, 83, 247, 164, 164, 228, 150, 114, 114, 155, 91, 192, 192, 117, 194, 183, 183, 225, 28, 253, 253, 61, 174, 147, 147, 76, 106, 38, 38, 108, 90, 54, 54, 126, 65, 63, 63, 245, 2, 247, 247, 131, 79, 204, 204, 104, 92, 52, 52, 81, 244, 165, 165, 209, 52, 229, 229, 249, 8, 241, 241, 226, 147, 113, 113, 171, 115, 216, 216, 98, 83, 49, 49, 42, 63, 21, 21, 8, 12, 4, 4, 149, 82, 199, 199, 70, 101, 35, 35, 157, 94, 195, 195, 48, 40, 24, 24, 55, 161, 150, 150, 10, 15, 5, 5, 47, 181, 154, 154, 14, 9, 7, 7, 36, 54, 18, 18, 27, 155, 128, 128, 223, 61, 226, 226, 205, 38, 235, 235, 78, 105, 39, 39, 127, 205, 178, 178, 234, 159, 117, 117, 18, 27, 9, 9, 29, 158, 131, 131, 88, 116, 44, 44, 52, 46, 26, 26, 54, 45, 27, 27, 220, 178, 110, 110, 180, 238, 90, 90, 91, 251, 160, 160, 164, 246, 82, 82, 118, 77, 59, 59, 183, 97, 214, 214, 125, 206, 179, 179, 82, 123, 41, 41, 221, 62, 227, 227, 94, 113, 47, 47, 19, 151, 132, 132, 166, 245, 83, 83, 185, 104, 209, 209, 0, 0, 0, 0, 193, 44, 237, 237, 64, 96, 32, 32, 227, 31, 252, 252, 121, 200, 177, 177, 182, 237, 91, 91, 212, 190, 106, 106, 141, 70, 203, 203, 103, 217, 190, 190, 114, 75, 57, 57, 148, 222, 74, 74, 152, 212, 76, 76, 176, 232, 88, 88, 133, 74, 207, 207, 187, 107, 208, 208, 197, 42, 239, 239, 79, 229, 170, 170, 237, 22, 251, 251, 134, 197, 67, 67, 154, 215, 77, 77, 102, 85, 51, 51, 17, 148, 133, 133, 138, 207, 69, 69, 233, 16, 249, 249, 4, 6, 2, 2, 254, 129, 127, 127, 160, 240, 80, 80, 120, 68, 60, 60, 37, 186, 159, 159, 75, 227, 168, 168, 162, 243, 81, 81, 93, 254, 163, 163, 128, 192, 64, 64, 5, 138, 143, 143, 63, 173, 146, 146, 33, 188, 157, 157, 112, 72, 56, 56, 241, 4, 245, 245, 99, 223, 188, 188, 119, 193, 182, 182, 175, 117, 218, 218, 66, 99, 33, 33, 32, 48, 16, 16, 229, 26, 255, 255, 253, 14, 243, 243, 191, 109, 210, 210, 129, 76, 205, 205, 24, 20, 12, 12, 38, 53, 19, 19, 195, 47, 236, 236, 190, 225, 95, 95, 53, 162, 151, 151, 136, 204, 68, 68, 46, 57, 23, 23, 147, 87, 196, 196, 85, 242, 167, 167, 252, 130, 126, 126, 122, 71, 61, 61, 200, 172, 100, 100, 186, 231, 93, 93, 50, 43, 25, 25, 230, 149, 115, 115, 192, 160, 96, 96, 25, 152, 129, 129, 158, 209, 79, 79, 163, 127, 220, 220, 68, 102, 34, 34, 84, 126, 42, 42, 59, 171, 144, 144, 11, 131, 136, 136, 140, 202, 70, 70, 199, 41, 238, 238, 107, 211, 184, 184, 40, 60, 20, 20, 167, 121, 222, 222, 188, 226, 94, 94, 22, 29, 11, 11, 173, 118, 219, 219, 219, 59, 224, 224, 100, 86, 50, 50, 116, 78, 58, 58, 20, 30, 10, 10, 146, 219, 73, 73, 12, 10, 6, 6, 72, 108, 36, 36, 184, 228, 92, 92, 159, 93, 194, 194, 189, 110, 211, 211, 67, 239, 172, 172, 196, 166, 98, 98, 57, 168, 145, 145, 49, 164, 149, 149, 211, 55, 228, 228, 242, 139, 121, 121, 213, 50, 231, 231, 139, 67, 200, 200, 110, 89, 55, 55, 218, 183, 109, 109, 1, 140, 141, 141, 177, 100, 213, 213, 156, 210, 78, 78, 73, 224, 169, 169, 216, 180, 108, 108, 172, 250, 86, 86, 243, 7, 244, 244, 207, 37, 234, 234, 202, 175, 101, 101, 244, 142, 122, 122, 71, 233, 174, 174, 16, 24, 8, 8, 111, 213, 186, 186, 240, 136, 120, 120, 74, 111, 37, 37, 92, 114, 46, 46, 56, 36, 28, 28, 87, 241, 166, 166, 115, 199, 180, 180, 151, 81, 198, 198, 203, 35, 232, 232, 161, 124, 221, 221, 232, 156, 116, 116, 62, 33, 31, 31, 150, 221, 75, 75, 97, 220, 189, 189, 13, 134, 139, 139, 15, 133, 138, 138, 224, 144, 112, 112, 124, 66, 62, 62, 113, 196, 181, 181, 204, 170, 102, 102, 144, 216, 72, 72, 6, 5, 3, 3, 247, 1, 246, 246, 28, 18, 14, 14, 194, 163, 97, 97, 106, 95, 53, 53, 174, 249, 87, 87, 105, 208, 185, 185, 23, 145, 134, 134, 153, 88, 193, 193, 58, 39, 29, 29, 39, 185, 158, 158, 217, 56, 225, 225, 235, 19, 248, 248, 43, 179, 152, 152, 34, 51, 17, 17, 210, 187, 105, 105, 169, 112, 217, 217, 7, 137, 142, 142, 51, 167, 148, 148, 45, 182, 155, 155, 60, 34, 30, 30, 21, 146, 135, 135, 201, 32, 233, 233, 135, 73, 206, 206, 170, 255, 85, 85, 80, 120, 40, 40, 165, 122, 223, 223, 3, 143, 140, 140, 89, 248, 161, 161, 9, 128, 137, 137, 26, 23, 13, 13, 101, 218, 191, 191, 215, 49, 230, 230, 132, 198, 66, 66, 208, 184, 104, 104, 130, 195, 65, 65, 41, 176, 153, 153, 90, 119, 45, 45, 30, 17, 15, 15, 123, 203, 176, 176, 168, 252, 84, 84, 109, 214, 187, 187, 44, 58, 22, 22};
.visible .const .align 4 .b8 Te4[1024] = {99, 99, 99, 99, 124, 124, 124, 124, 119, 119, 119, 119, 123, 123, 123, 123, 242, 242, 242, 242, 107, 107, 107, 107, 111, 111, 111, 111, 197, 197, 197, 197, 48, 48, 48, 48, 1, 1, 1, 1, 103, 103, 103, 103, 43, 43, 43, 43, 254, 254, 254, 254, 215, 215, 215, 215, 171, 171, 171, 171, 118, 118, 118, 118, 202, 202, 202, 202, 130, 130, 130, 130, 201, 201, 201, 201, 125, 125, 125, 125, 250, 250, 250, 250, 89, 89, 89, 89, 71, 71, 71, 71, 240, 240, 240, 240, 173, 173, 173, 173, 212, 212, 212, 212, 162, 162, 162, 162, 175, 175, 175, 175, 156, 156, 156, 156, 164, 164, 164, 164, 114, 114, 114, 114, 192, 192, 192, 192, 183, 183, 183, 183, 253, 253, 253, 253, 147, 147, 147, 147, 38, 38, 38, 38, 54, 54, 54, 54, 63, 63, 63, 63, 247, 247, 247, 247, 204, 204, 204, 204, 52, 52, 52, 52, 165, 165, 165, 165, 229, 229, 229, 229, 241, 241, 241, 241, 113, 113, 113, 113, 216, 216, 216, 216, 49, 49, 49, 49, 21, 21, 21, 21, 4, 4, 4, 4, 199, 199, 199, 199, 35, 35, 35, 35, 195, 195, 195, 195, 24, 24, 24, 24, 150, 150, 150, 150, 5, 5, 5, 5, 154, 154, 154, 154, 7, 7, 7, 7, 18, 18, 18, 18, 128, 128, 128, 128, 226, 226, 226, 226, 235, 235, 235, 235, 39, 39, 39, 39, 178, 178, 178, 178, 117, 117, 117, 117, 9, 9, 9, 9, 131, 131, 131, 131, 44, 44, 44, 44, 26, 26, 26, 26, 27, 27, 27, 27, 110, 110, 110, 110, 90, 90, 90, 90, 160, 160, 160, 160, 82, 82, 82, 82, 59, 59, 59, 59, 214, 214, 214, 214, 179, 179, 179, 179, 41, 41, 41, 41, 227, 227, 227, 227, 47, 47, 47, 47, 132, 132, 132, 132, 83, 83, 83, 83, 209, 209, 209, 209, 0, 0, 0, 0, 237, 237, 237, 237, 32, 32, 32, 32, 252, 252, 252, 252, 177, 177, 177, 177, 91, 91, 91, 91, 106, 106, 106, 106, 203, 203, 203, 203, 190, 190, 190, 190, 57, 57, 57, 57, 74, 74, 74, 74, 76, 76, 76, 76, 88, 88, 88, 88, 207, 207, 207, 207, 208, 208, 208, 208, 239, 239, 239, 239, 170, 170, 170, 170, 251, 251, 251, 251, 67, 67, 67, 67, 77, 77, 77, 77, 51, 51, 51, 51, 133, 133, 133, 133, 69, 69, 69, 69, 249, 249, 249, 249, 2, 2, 2, 2, 127, 127, 127, 127, 80, 80, 80, 80, 60, 60, 60, 60, 159, 159, 159, 159, 168, 168, 168, 168, 81, 81, 81, 81, 163, 163, 163, 163, 64, 64, 64, 64, 143, 143, 143, 143, 146, 146, 146, 146, 157, 157, 157, 157, 56, 56, 56, 56, 245, 245, 245, 245, 188, 188, 188, 188, 182, 182, 182, 182, 218, 218, 218, 218, 33, 33, 33, 33, 16, 16, 16, 16, 255, 255, 255, 255, 243, 243, 243, 243, 210, 210, 210, 210, 205, 205, 205, 205, 12, 12, 12, 12, 19, 19, 19, 19, 236, 236, 236, 236, 95, 95, 95, 95, 151, 151, 151, 151, 68, 68, 68, 68, 23, 23, 23, 23, 196, 196, 196, 196, 167, 167, 167, 167, 126, 126, 126, 126, 61, 61, 61, 61, 100, 100, 100, 100, 93, 93, 93, 93, 25, 25, 25, 25, 115, 115, 115, 115, 96, 96, 96, 96, 129, 129, 129, 129, 79, 79, 79, 79, 220, 220, 220, 220, 34, 34, 34, 34, 42, 42, 42, 42, 144, 144, 144, 144, 136, 136, 136, 136, 70, 70, 70, 70, 238, 238, 238, 238, 184, 184, 184, 184, 20, 20, 20, 20, 222, 222, 222, 222, 94, 94, 94, 94, 11, 11, 11, 11, 219, 219, 219, 219, 224, 224, 224, 224, 50, 50, 50, 50, 58, 58, 58, 58, 10, 10, 10, 10, 73, 73, 73, 73, 6, 6, 6, 6, 36, 36, 36, 36, 92, 92, 92, 92, 194, 194, 194, 194, 211, 211, 211, 211, 172, 172, 172, 172, 98, 98, 98, 98, 145, 145, 145, 145, 149, 149, 149, 149, 228, 228, 228, 228, 121, 121, 121, 121, 231, 231, 231, 231, 200, 200, 200, 200, 55, 55, 55, 55, 109, 109, 109, 109, 141, 141, 141, 141, 213, 213, 213, 213, 78, 78, 78, 78, 169, 169, 169, 169, 108, 108, 108, 108, 86, 86, 86, 86, 244, 244, 244, 244, 234, 234, 234, 234, 101, 101, 101, 101, 122, 122, 122, 122, 174, 174, 174, 174, 8, 8, 8, 8, 186, 186, 186, 186, 120, 120, 120, 120, 37, 37, 37, 37, 46, 46, 46, 46, 28, 28, 28, 28, 166, 166, 166, 166, 180, 180, 180, 180, 198, 198, 198, 198, 232, 232, 232, 232, 221, 221, 221, 221, 116, 116, 116, 116, 31, 31, 31, 31, 75, 75, 75, 75, 189, 189, 189, 189, 139, 139, 139, 139, 138, 138, 138, 138, 112, 112, 112, 112, 62, 62, 62, 62, 181, 181, 181, 181, 102, 102, 102, 102, 72, 72, 72, 72, 3, 3, 3, 3, 246, 246, 246, 246, 14, 14, 14, 14, 97, 97, 97, 97, 53, 53, 53, 53, 87, 87, 87, 87, 185, 185, 185, 185, 134, 134, 134, 134, 193, 193, 193, 193, 29, 29, 29, 29, 158, 158, 158, 158, 225, 225, 225, 225, 248, 248, 248, 248, 152, 152, 152, 152, 17, 17, 17, 17, 105, 105, 105, 105, 217, 217, 217, 217, 142, 142, 142, 142, 148, 148, 148, 148, 155, 155, 155, 155, 30, 30, 30, 30, 135, 135, 135, 135, 233, 233, 233, 233, 206, 206, 206, 206, 85, 85, 85, 85, 40, 40, 40, 40, 223, 223, 223, 223, 140, 140, 140, 140, 161, 161, 161, 161, 137, 137, 137, 137, 13, 13, 13, 13, 191, 191, 191, 191, 230, 230, 230, 230, 66, 66, 66, 66, 104, 104, 104, 104, 65, 65, 65, 65, 153, 153, 153, 153, 45, 45, 45, 45, 15, 15, 15, 15, 176, 176, 176, 176, 84, 84, 84, 84, 187, 187, 187, 187, 22, 22, 22, 22};
.extern .shared .align 16 .b8 shr_1_lroundkeys[240];

.entry aes_vector_unroll_local_roundkeys(
	.param .u32 .ptr .global .align 16 aes_vector_unroll_local_roundkeys_param_0,
	.param .u32 .ptr .global .align 16 aes_vector_unroll_local_roundkeys_param_1
)
{
	.reg .s32 	%r<1973>;


	ld.param.u32 	%r8, [aes_vector_unroll_local_roundkeys_param_1];
	// inline asm
	mov.u32 	%r3, %envreg3;
	// inline asm
	// inline asm
	mov.u32 	%r4, %ntid.x;
	// inline asm
	// inline asm
	mov.u32 	%r5, %ctaid.x;
	// inline asm
	// inline asm
	mov.u32 	%r6, %tid.x;
	// inline asm
	add.s32 	%r9, %r6, %r3;
	mad.lo.s32 	%r2, %r5, %r4, %r9;
	// inline asm
	mov.u32 	%r7, %tid.x;
	// inline asm
	mul.hi.u32 	%r10, %r7, -2004318071;
	shr.u32 	%r11, %r10, 3;
	mul.lo.s32 	%r12, %r11, 15;
	sub.s32 	%r13, %r7, %r12;
	shl.b32 	%r14, %r13, 4;
	add.s32 	%r15, %r8, %r14;
	mov.u32 	%r16, shr_1_lroundkeys;
	add.s32 	%r17, %r16, %r14;
	ld.global.v4.u32 	{%r1968, %r1969, %r1970, %r1971}, [%r15];
	st.shared.v4.u32 	[%r17], {%r1968, %r1969, %r1970, %r1971};
	bar.sync 	0;
	shl.b32 	%r18, %r2, 4;
	ld.param.u32 	%r1972, [aes_vector_unroll_local_roundkeys_param_0];
	add.s32 	%r19, %r1972, %r18;
	ld.global.v4.u32 	{%r928, %r929, %r930, %r931}, [%r19];
	mov.u32 	%r20, 24;
	shl.b32 	%r936, %r928, %r20;
	shl.b32 	%r937, %r929, %r20;
	shl.b32 	%r938, %r930, %r20;
	shl.b32 	%r939, %r931, %r20;
	mov.u32 	%r21, -16777216;
	and.b32  	%r944, %r936, %r21;
	and.b32  	%r945, %r937, %r21;
	and.b32  	%r946, %r938, %r21;
	and.b32  	%r947, %r939, %r21;
	mov.u32 	%r22, 8;
	shl.b32 	%r952, %r928, %r22;
	shl.b32 	%r953, %r929, %r22;
	shl.b32 	%r954, %r930, %r22;
	shl.b32 	%r955, %r931, %r22;
	mov.u32 	%r23, 16711680;
	and.b32  	%r960, %r952, %r23;
	and.b32  	%r961, %r953, %r23;
	and.b32  	%r962, %r954, %r23;
	and.b32  	%r963, %r955, %r23;
	or.b32  	%r964, %r944, %r960;
	or.b32  	%r965, %r945, %r961;
	or.b32  	%r966, %r946, %r962;
	or.b32  	%r967, %r947, %r963;
	shr.u32 	%r968, %r928, %r22;
	shr.u32 	%r969, %r929, %r22;
	shr.u32 	%r970, %r930, %r22;
	shr.u32 	%r971, %r931, %r22;
	mov.u32 	%r24, 65280;
	and.b32  	%r976, %r968, %r24;
	and.b32  	%r977, %r969, %r24;
	and.b32  	%r978, %r970, %r24;
	and.b32  	%r979, %r971, %r24;
	or.b32  	%r980, %r964, %r976;
	or.b32  	%r981, %r965, %r977;
	or.b32  	%r982, %r966, %r978;
	or.b32  	%r983, %r967, %r979;
	shr.u32 	%r984, %r928, %r20;
	shr.u32 	%r985, %r929, %r20;
	shr.u32 	%r986, %r930, %r20;
	shr.u32 	%r987, %r931, %r20;
	mov.u32 	%r25, 255;
	and.b32  	%r992, %r984, %r25;
	and.b32  	%r993, %r985, %r25;
	and.b32  	%r994, %r986, %r25;
	and.b32  	%r995, %r987, %r25;
	or.b32  	%r996, %r980, %r992;
	or.b32  	%r997, %r981, %r993;
	or.b32  	%r998, %r982, %r994;
	or.b32  	%r999, %r983, %r995;
	ld.shared.v4.u32 	{%r1000, %r1001, %r1002, %r1003}, [shr_1_lroundkeys];
	xor.b32  	%r1004, %r996, %r1000;
	xor.b32  	%r1005, %r997, %r1001;
	xor.b32  	%r1006, %r998, %r1002;
	xor.b32  	%r1007, %r999, %r1003;
	and.b32  	%r1008, %r1004, %r25;
	and.b32  	%r1009, %r1005, %r25;
	and.b32  	%r1010, %r1006, %r25;
	and.b32  	%r1011, %r1007, %r25;
	shr.u32 	%r1012, %r1004, %r22;
	shr.u32 	%r1013, %r1005, %r22;
	shr.u32 	%r1014, %r1006, %r22;
	shr.u32 	%r1015, %r1007, %r22;
	and.b32  	%r1016, %r1012, %r25;
	and.b32  	%r1017, %r1013, %r25;
	and.b32  	%r1018, %r1014, %r25;
	and.b32  	%r1019, %r1015, %r25;
	mov.u32 	%r26, 16;
	shr.u32 	%r1024, %r1004, %r26;
	shr.u32 	%r1025, %r1005, %r26;
	shr.u32 	%r1026, %r1006, %r26;
	shr.u32 	%r1027, %r1007, %r26;
	and.b32  	%r1028, %r1024, %r25;
	and.b32  	%r1029, %r1025, %r25;
	and.b32  	%r1030, %r1026, %r25;
	and.b32  	%r1031, %r1027, %r25;
	shr.u32 	%r1032, %r1004, %r20;
	shr.u32 	%r1033, %r1005, %r20;
	shr.u32 	%r1034, %r1006, %r20;
	shr.u32 	%r1035, %r1007, %r20;
	and.b32  	%r1036, %r1032, %r25;
	and.b32  	%r1037, %r1033, %r25;
	and.b32  	%r1038, %r1034, %r25;
	and.b32  	%r1039, %r1035, %r25;
	shl.b32 	%r28, %r1036, 2;
	mov.u32 	%r29, Te0;
	add.s32 	%r30, %r29, %r28;
	ld.const.u32 	%r31, [%r30];
	shl.b32 	%r33, %r1037, 2;
	add.s32 	%r34, %r29, %r33;
	ld.const.u32 	%r35, [%r34];
	shl.b32 	%r37, %r1038, 2;
	add.s32 	%r38, %r29, %r37;
	ld.const.u32 	%r39, [%r38];
	shl.b32 	%r41, %r1039, 2;
	add.s32 	%r42, %r29, %r41;
	ld.const.u32 	%r43, [%r42];
	shl.b32 	%r45, %r1029, 2;
	mov.u32 	%r46, Te1;
	add.s32 	%r47, %r46, %r45;
	ld.const.u32 	%r48, [%r47];
	shl.b32 	%r50, %r1030, 2;
	add.s32 	%r51, %r46, %r50;
	ld.const.u32 	%r52, [%r51];
	shl.b32 	%r54, %r1031, 2;
	add.s32 	%r55, %r46, %r54;
	ld.const.u32 	%r56, [%r55];
	shl.b32 	%r58, %r1028, 2;
	add.s32 	%r59, %r46, %r58;
	ld.const.u32 	%r60, [%r59];
	xor.b32  	%r1048, %r31, %r48;
	xor.b32  	%r1049, %r35, %r52;
	xor.b32  	%r1050, %r39, %r56;
	xor.b32  	%r1051, %r43, %r60;
	shl.b32 	%r62, %r1018, 2;
	mov.u32 	%r63, Te2;
	add.s32 	%r64, %r63, %r62;
	ld.const.u32 	%r65, [%r64];
	shl.b32 	%r67, %r1019, 2;
	add.s32 	%r68, %r63, %r67;
	ld.const.u32 	%r69, [%r68];
	shl.b32 	%r71, %r1016, 2;
	add.s32 	%r72, %r63, %r71;
	ld.const.u32 	%r73, [%r72];
	shl.b32 	%r75, %r1017, 2;
	add.s32 	%r76, %r63, %r75;
	ld.const.u32 	%r77, [%r76];
	xor.b32  	%r1056, %r1048, %r65;
	xor.b32  	%r1057, %r1049, %r69;
	xor.b32  	%r1058, %r1050, %r73;
	xor.b32  	%r1059, %r1051, %r77;
	shl.b32 	%r79, %r1011, 2;
	mov.u32 	%r80, Te3;
	add.s32 	%r81, %r80, %r79;
	ld.const.u32 	%r82, [%r81];
	shl.b32 	%r84, %r1008, 2;
	add.s32 	%r85, %r80, %r84;
	ld.const.u32 	%r86, [%r85];
	shl.b32 	%r88, %r1009, 2;
	add.s32 	%r89, %r80, %r88;
	ld.const.u32 	%r90, [%r89];
	shl.b32 	%r92, %r1010, 2;
	add.s32 	%r93, %r80, %r92;
	ld.const.u32 	%r94, [%r93];
	xor.b32  	%r1064, %r1056, %r82;
	xor.b32  	%r1065, %r1057, %r86;
	xor.b32  	%r1066, %r1058, %r90;
	xor.b32  	%r1067, %r1059, %r94;
	ld.shared.v4.u32 	{%r1068, %r1069, %r1070, %r1071}, [shr_1_lroundkeys+16];
	xor.b32  	%r1072, %r1064, %r1068;
	xor.b32  	%r1073, %r1065, %r1069;
	xor.b32  	%r1074, %r1066, %r1070;
	xor.b32  	%r1075, %r1067, %r1071;
	and.b32  	%r1076, %r1072, %r25;
	and.b32  	%r1077, %r1073, %r25;
	and.b32  	%r1078, %r1074, %r25;
	and.b32  	%r1079, %r1075, %r25;
	shr.u32 	%r1080, %r1072, %r22;
	shr.u32 	%r1081, %r1073, %r22;
	shr.u32 	%r1082, %r1074, %r22;
	shr.u32 	%r1083, %r1075, %r22;
	and.b32  	%r1084, %r1080, %r25;
	and.b32  	%r1085, %r1081, %r25;
	and.b32  	%r1086, %r1082, %r25;
	and.b32  	%r1087, %r1083, %r25;
	shr.u32 	%r1088, %r1072, %r26;
	shr.u32 	%r1089, %r1073, %r26;
	shr.u32 	%r1090, %r1074, %r26;
	shr.u32 	%r1091, %r1075, %r26;
	and.b32  	%r1092, %r1088, %r25;
	and.b32  	%r1093, %r1089, %r25;
	and.b32  	%r1094, %r1090, %r25;
	and.b32  	%r1095, %r1091, %r25;
	shr.u32 	%r1096, %r1072, %r20;
	shr.u32 	%r1097, %r1073, %r20;
	shr.u32 	%r1098, %r1074, %r20;
	shr.u32 	%r1099, %r1075, %r20;
	and.b32  	%r1100, %r1096, %r25;
	and.b32  	%r1101, %r1097, %r25;
	and.b32  	%r1102, %r1098, %r25;
	and.b32  	%r1103, %r1099, %r25;
	shl.b32 	%r96, %r1100, 2;
	add.s32 	%r97, %r29, %r96;
	ld.const.u32 	%r98, [%r97];
	shl.b32 	%r100, %r1101, 2;
	add.s32 	%r101, %r29, %r100;
	ld.const.u32 	%r102, [%r101];
	shl.b32 	%r104, %r1102, 2;
	add.s32 	%r105, %r29, %r104;
	ld.const.u32 	%r106, [%r105];
	shl.b32 	%r108, %r1103, 2;
	add.s32 	%r109, %r29, %r108;
	ld.const.u32 	%r110, [%r109];
	shl.b32 	%r112, %r1093, 2;
	add.s32 	%r113, %r46, %r112;
	ld.const.u32 	%r114, [%r113];
	shl.b32 	%r116, %r1094, 2;
	add.s32 	%r117, %r46, %r116;
	ld.const.u32 	%r118, [%r117];
	shl.b32 	%r120, %r1095, 2;
	add.s32 	%r121, %r46, %r120;
	ld.const.u32 	%r122, [%r121];
	shl.b32 	%r124, %r1092, 2;
	add.s32 	%r125, %r46, %r124;
	ld.const.u32 	%r126, [%r125];
	xor.b32  	%r1112, %r98, %r114;
	xor.b32  	%r1113, %r102, %r118;
	xor.b32  	%r1114, %r106, %r122;
	xor.b32  	%r1115, %r110, %r126;
	shl.b32 	%r128, %r1086, 2;
	add.s32 	%r129, %r63, %r128;
	ld.const.u32 	%r130, [%r129];
	shl.b32 	%r132, %r1087, 2;
	add.s32 	%r133, %r63, %r132;
	ld.const.u32 	%r134, [%r133];
	shl.b32 	%r136, %r1084, 2;
	add.s32 	%r137, %r63, %r136;
	ld.const.u32 	%r138, [%r137];
	shl.b32 	%r140, %r1085, 2;
	add.s32 	%r141, %r63, %r140;
	ld.const.u32 	%r142, [%r141];
	xor.b32  	%r1120, %r1112, %r130;
	xor.b32  	%r1121, %r1113, %r134;
	xor.b32  	%r1122, %r1114, %r138;
	xor.b32  	%r1123, %r1115, %r142;
	shl.b32 	%r144, %r1079, 2;
	add.s32 	%r145, %r80, %r144;
	ld.const.u32 	%r146, [%r145];
	shl.b32 	%r148, %r1076, 2;
	add.s32 	%r149, %r80, %r148;
	ld.const.u32 	%r150, [%r149];
	shl.b32 	%r152, %r1077, 2;
	add.s32 	%r153, %r80, %r152;
	ld.const.u32 	%r154, [%r153];
	shl.b32 	%r156, %r1078, 2;
	add.s32 	%r157, %r80, %r156;
	ld.const.u32 	%r158, [%r157];
	xor.b32  	%r1128, %r1120, %r146;
	xor.b32  	%r1129, %r1121, %r150;
	xor.b32  	%r1130, %r1122, %r154;
	xor.b32  	%r1131, %r1123, %r158;
	ld.shared.v4.u32 	{%r1132, %r1133, %r1134, %r1135}, [shr_1_lroundkeys+32];
	xor.b32  	%r1136, %r1128, %r1132;
	xor.b32  	%r1137, %r1129, %r1133;
	xor.b32  	%r1138, %r1130, %r1134;
	xor.b32  	%r1139, %r1131, %r1135;
	and.b32  	%r1140, %r1136, %r25;
	and.b32  	%r1141, %r1137, %r25;
	and.b32  	%r1142, %r1138, %r25;
	and.b32  	%r1143, %r1139, %r25;
	shr.u32 	%r1144, %r1136, %r22;
	shr.u32 	%r1145, %r1137, %r22;
	shr.u32 	%r1146, %r1138, %r22;
	shr.u32 	%r1147, %r1139, %r22;
	and.b32  	%r1148, %r1144, %r25;
	and.b32  	%r1149, %r1145, %r25;
	and.b32  	%r1150, %r1146, %r25;
	and.b32  	%r1151, %r1147, %r25;
	shr.u32 	%r1152, %r1136, %r26;
	shr.u32 	%r1153, %r1137, %r26;
	shr.u32 	%r1154, %r1138, %r26;
	shr.u32 	%r1155, %r1139, %r26;
	and.b32  	%r1156, %r1152, %r25;
	and.b32  	%r1157, %r1153, %r25;
	and.b32  	%r1158, %r1154, %r25;
	and.b32  	%r1159, %r1155, %r25;
	shr.u32 	%r1160, %r1136, %r20;
	shr.u32 	%r1161, %r1137, %r20;
	shr.u32 	%r1162, %r1138, %r20;
	shr.u32 	%r1163, %r1139, %r20;
	and.b32  	%r1164, %r1160, %r25;
	and.b32  	%r1165, %r1161, %r25;
	and.b32  	%r1166, %r1162, %r25;
	and.b32  	%r1167, %r1163, %r25;
	shl.b32 	%r160, %r1164, 2;
	add.s32 	%r161, %r29, %r160;
	ld.const.u32 	%r162, [%r161];
	shl.b32 	%r164, %r1165, 2;
	add.s32 	%r165, %r29, %r164;
	ld.const.u32 	%r166, [%r165];
	shl.b32 	%r168, %r1166, 2;
	add.s32 	%r169, %r29, %r168;
	ld.const.u32 	%r170, [%r169];
	shl.b32 	%r172, %r1167, 2;
	add.s32 	%r173, %r29, %r172;
	ld.const.u32 	%r174, [%r173];
	shl.b32 	%r176, %r1157, 2;
	add.s32 	%r177, %r46, %r176;
	ld.const.u32 	%r178, [%r177];
	shl.b32 	%r180, %r1158, 2;
	add.s32 	%r181, %r46, %r180;
	ld.const.u32 	%r182, [%r181];
	shl.b32 	%r184, %r1159, 2;
	add.s32 	%r185, %r46, %r184;
	ld.const.u32 	%r186, [%r185];
	shl.b32 	%r188, %r1156, 2;
	add.s32 	%r189, %r46, %r188;
	ld.const.u32 	%r190, [%r189];
	xor.b32  	%r1176, %r162, %r178;
	xor.b32  	%r1177, %r166, %r182;
	xor.b32  	%r1178, %r170, %r186;
	xor.b32  	%r1179, %r174, %r190;
	shl.b32 	%r192, %r1150, 2;
	add.s32 	%r193, %r63, %r192;
	ld.const.u32 	%r194, [%r193];
	shl.b32 	%r196, %r1151, 2;
	add.s32 	%r197, %r63, %r196;
	ld.const.u32 	%r198, [%r197];
	shl.b32 	%r200, %r1148, 2;
	add.s32 	%r201, %r63, %r200;
	ld.const.u32 	%r202, [%r201];
	shl.b32 	%r204, %r1149, 2;
	add.s32 	%r205, %r63, %r204;
	ld.const.u32 	%r206, [%r205];
	xor.b32  	%r1184, %r1176, %r194;
	xor.b32  	%r1185, %r1177, %r198;
	xor.b32  	%r1186, %r1178, %r202;
	xor.b32  	%r1187, %r1179, %r206;
	shl.b32 	%r208, %r1143, 2;
	add.s32 	%r209, %r80, %r208;
	ld.const.u32 	%r210, [%r209];
	shl.b32 	%r212, %r1140, 2;
	add.s32 	%r213, %r80, %r212;
	ld.const.u32 	%r214, [%r213];
	shl.b32 	%r216, %r1141, 2;
	add.s32 	%r217, %r80, %r216;
	ld.const.u32 	%r218, [%r217];
	shl.b32 	%r220, %r1142, 2;
	add.s32 	%r221, %r80, %r220;
	ld.const.u32 	%r222, [%r221];
	xor.b32  	%r1192, %r1184, %r210;
	xor.b32  	%r1193, %r1185, %r214;
	xor.b32  	%r1194, %r1186, %r218;
	xor.b32  	%r1195, %r1187, %r222;
	ld.shared.v4.u32 	{%r1196, %r1197, %r1198, %r1199}, [shr_1_lroundkeys+48];
	xor.b32  	%r1200, %r1192, %r1196;
	xor.b32  	%r1201, %r1193, %r1197;
	xor.b32  	%r1202, %r1194, %r1198;
	xor.b32  	%r1203, %r1195, %r1199;
	and.b32  	%r1204, %r1200, %r25;
	and.b32  	%r1205, %r1201, %r25;
	and.b32  	%r1206, %r1202, %r25;
	and.b32  	%r1207, %r1203, %r25;
	shr.u32 	%r1208, %r1200, %r22;
	shr.u32 	%r1209, %r1201, %r22;
	shr.u32 	%r1210, %r1202, %r22;
	shr.u32 	%r1211, %r1203, %r22;
	and.b32  	%r1212, %r1208, %r25;
	and.b32  	%r1213, %r1209, %r25;
	and.b32  	%r1214, %r1210, %r25;
	and.b32  	%r1215, %r1211, %r25;
	shr.u32 	%r1216, %r1200, %r26;
	shr.u32 	%r1217, %r1201, %r26;
	shr.u32 	%r1218, %r1202, %r26;
	shr.u32 	%r1219, %r1203, %r26;
	and.b32  	%r1220, %r1216, %r25;
	and.b32  	%r1221, %r1217, %r25;
	and.b32  	%r1222, %r1218, %r25;
	and.b32  	%r1223, %r1219, %r25;
	shr.u32 	%r1224, %r1200, %r20;
	shr.u32 	%r1225, %r1201, %r20;
	shr.u32 	%r1226, %r1202, %r20;
	shr.u32 	%r1227, %r1203, %r20;
	and.b32  	%r1228, %r1224, %r25;
	and.b32  	%r1229, %r1225, %r25;
	and.b32  	%r1230, %r1226, %r25;
	and.b32  	%r1231, %r1227, %r25;
	shl.b32 	%r224, %r1228, 2;
	add.s32 	%r225, %r29, %r224;
	ld.const.u32 	%r226, [%r225];
	shl.b32 	%r228, %r1229, 2;
	add.s32 	%r229, %r29, %r228;
	ld.const.u32 	%r230, [%r229];
	shl.b32 	%r232, %r1230, 2;
	add.s32 	%r233, %r29, %r232;
	ld.const.u32 	%r234, [%r233];
	shl.b32 	%r236, %r1231, 2;
	add.s32 	%r237, %r29, %r236;
	ld.const.u32 	%r238, [%r237];
	shl.b32 	%r240, %r1221, 2;
	add.s32 	%r241, %r46, %r240;
	ld.const.u32 	%r242, [%r241];
	shl.b32 	%r244, %r1222, 2;
	add.s32 	%r245, %r46, %r244;
	ld.const.u32 	%r246, [%r245];
	shl.b32 	%r248, %r1223, 2;
	add.s32 	%r249, %r46, %r248;
	ld.const.u32 	%r250, [%r249];
	shl.b32 	%r252, %r1220, 2;
	add.s32 	%r253, %r46, %r252;
	ld.const.u32 	%r254, [%r253];
	xor.b32  	%r1240, %r226, %r242;
	xor.b32  	%r1241, %r230, %r246;
	xor.b32  	%r1242, %r234, %r250;
	xor.b32  	%r1243, %r238, %r254;
	shl.b32 	%r256, %r1214, 2;
	add.s32 	%r257, %r63, %r256;
	ld.const.u32 	%r258, [%r257];
	shl.b32 	%r260, %r1215, 2;
	add.s32 	%r261, %r63, %r260;
	ld.const.u32 	%r262, [%r261];
	shl.b32 	%r264, %r1212, 2;
	add.s32 	%r265, %r63, %r264;
	ld.const.u32 	%r266, [%r265];
	shl.b32 	%r268, %r1213, 2;
	add.s32 	%r269, %r63, %r268;
	ld.const.u32 	%r270, [%r269];
	xor.b32  	%r1248, %r1240, %r258;
	xor.b32  	%r1249, %r1241, %r262;
	xor.b32  	%r1250, %r1242, %r266;
	xor.b32  	%r1251, %r1243, %r270;
	shl.b32 	%r272, %r1207, 2;
	add.s32 	%r273, %r80, %r272;
	ld.const.u32 	%r274, [%r273];
	shl.b32 	%r276, %r1204, 2;
	add.s32 	%r277, %r80, %r276;
	ld.const.u32 	%r278, [%r277];
	shl.b32 	%r280, %r1205, 2;
	add.s32 	%r281, %r80, %r280;
	ld.const.u32 	%r282, [%r281];
	shl.b32 	%r284, %r1206, 2;
	add.s32 	%r285, %r80, %r284;
	ld.const.u32 	%r286, [%r285];
	xor.b32  	%r1256, %r1248, %r274;
	xor.b32  	%r1257, %r1249, %r278;
	xor.b32  	%r1258, %r1250, %r282;
	xor.b32  	%r1259, %r1251, %r286;
	ld.shared.v4.u32 	{%r1260, %r1261, %r1262, %r1263}, [shr_1_lroundkeys+64];
	xor.b32  	%r1264, %r1256, %r1260;
	xor.b32  	%r1265, %r1257, %r1261;
	xor.b32  	%r1266, %r1258, %r1262;
	xor.b32  	%r1267, %r1259, %r1263;
	and.b32  	%r1268, %r1264, %r25;
	and.b32  	%r1269, %r1265, %r25;
	and.b32  	%r1270, %r1266, %r25;
	and.b32  	%r1271, %r1267, %r25;
	shr.u32 	%r1272, %r1264, %r22;
	shr.u32 	%r1273, %r1265, %r22;
	shr.u32 	%r1274, %r1266, %r22;
	shr.u32 	%r1275, %r1267, %r22;
	and.b32  	%r1276, %r1272, %r25;
	and.b32  	%r1277, %r1273, %r25;
	and.b32  	%r1278, %r1274, %r25;
	and.b32  	%r1279, %r1275, %r25;
	shr.u32 	%r1280, %r1264, %r26;
	shr.u32 	%r1281, %r1265, %r26;
	shr.u32 	%r1282, %r1266, %r26;
	shr.u32 	%r1283, %r1267, %r26;
	and.b32  	%r1284, %r1280, %r25;
	and.b32  	%r1285, %r1281, %r25;
	and.b32  	%r1286, %r1282, %r25;
	and.b32  	%r1287, %r1283, %r25;
	shr.u32 	%r1288, %r1264, %r20;
	shr.u32 	%r1289, %r1265, %r20;
	shr.u32 	%r1290, %r1266, %r20;
	shr.u32 	%r1291, %r1267, %r20;
	and.b32  	%r1292, %r1288, %r25;
	and.b32  	%r1293, %r1289, %r25;
	and.b32  	%r1294, %r1290, %r25;
	and.b32  	%r1295, %r1291, %r25;
	shl.b32 	%r288, %r1292, 2;
	add.s32 	%r289, %r29, %r288;
	ld.const.u32 	%r290, [%r289];
	shl.b32 	%r292, %r1293, 2;
	add.s32 	%r293, %r29, %r292;
	ld.const.u32 	%r294, [%r293];
	shl.b32 	%r296, %r1294, 2;
	add.s32 	%r297, %r29, %r296;
	ld.const.u32 	%r298, [%r297];
	shl.b32 	%r300, %r1295, 2;
	add.s32 	%r301, %r29, %r300;
	ld.const.u32 	%r302, [%r301];
	shl.b32 	%r304, %r1285, 2;
	add.s32 	%r305, %r46, %r304;
	ld.const.u32 	%r306, [%r305];
	shl.b32 	%r308, %r1286, 2;
	add.s32 	%r309, %r46, %r308;
	ld.const.u32 	%r310, [%r309];
	shl.b32 	%r312, %r1287, 2;
	add.s32 	%r313, %r46, %r312;
	ld.const.u32 	%r314, [%r313];
	shl.b32 	%r316, %r1284, 2;
	add.s32 	%r317, %r46, %r316;
	ld.const.u32 	%r318, [%r317];
	xor.b32  	%r1304, %r290, %r306;
	xor.b32  	%r1305, %r294, %r310;
	xor.b32  	%r1306, %r298, %r314;
	xor.b32  	%r1307, %r302, %r318;
	shl.b32 	%r320, %r1278, 2;
	add.s32 	%r321, %r63, %r320;
	ld.const.u32 	%r322, [%r321];
	shl.b32 	%r324, %r1279, 2;
	add.s32 	%r325, %r63, %r324;
	ld.const.u32 	%r326, [%r325];
	shl.b32 	%r328, %r1276, 2;
	add.s32 	%r329, %r63, %r328;
	ld.const.u32 	%r330, [%r329];
	shl.b32 	%r332, %r1277, 2;
	add.s32 	%r333, %r63, %r332;
	ld.const.u32 	%r334, [%r333];
	xor.b32  	%r1312, %r1304, %r322;
	xor.b32  	%r1313, %r1305, %r326;
	xor.b32  	%r1314, %r1306, %r330;
	xor.b32  	%r1315, %r1307, %r334;
	shl.b32 	%r336, %r1271, 2;
	add.s32 	%r337, %r80, %r336;
	ld.const.u32 	%r338, [%r337];
	shl.b32 	%r340, %r1268, 2;
	add.s32 	%r341, %r80, %r340;
	ld.const.u32 	%r342, [%r341];
	shl.b32 	%r344, %r1269, 2;
	add.s32 	%r345, %r80, %r344;
	ld.const.u32 	%r346, [%r345];
	shl.b32 	%r348, %r1270, 2;
	add.s32 	%r349, %r80, %r348;
	ld.const.u32 	%r350, [%r349];
	xor.b32  	%r1320, %r1312, %r338;
	xor.b32  	%r1321, %r1313, %r342;
	xor.b32  	%r1322, %r1314, %r346;
	xor.b32  	%r1323, %r1315, %r350;
	ld.shared.v4.u32 	{%r1324, %r1325, %r1326, %r1327}, [shr_1_lroundkeys+80];
	xor.b32  	%r1328, %r1320, %r1324;
	xor.b32  	%r1329, %r1321, %r1325;
	xor.b32  	%r1330, %r1322, %r1326;
	xor.b32  	%r1331, %r1323, %r1327;
	and.b32  	%r1332, %r1328, %r25;
	and.b32  	%r1333, %r1329, %r25;
	and.b32  	%r1334, %r1330, %r25;
	and.b32  	%r1335, %r1331, %r25;
	shr.u32 	%r1336, %r1328, %r22;
	shr.u32 	%r1337, %r1329, %r22;
	shr.u32 	%r1338, %r1330, %r22;
	shr.u32 	%r1339, %r1331, %r22;
	and.b32  	%r1340, %r1336, %r25;
	and.b32  	%r1341, %r1337, %r25;
	and.b32  	%r1342, %r1338, %r25;
	and.b32  	%r1343, %r1339, %r25;
	shr.u32 	%r1344, %r1328, %r26;
	shr.u32 	%r1345, %r1329, %r26;
	shr.u32 	%r1346, %r1330, %r26;
	shr.u32 	%r1347, %r1331, %r26;
	and.b32  	%r1348, %r1344, %r25;
	and.b32  	%r1349, %r1345, %r25;
	and.b32  	%r1350, %r1346, %r25;
	and.b32  	%r1351, %r1347, %r25;
	shr.u32 	%r1352, %r1328, %r20;
	shr.u32 	%r1353, %r1329, %r20;
	shr.u32 	%r1354, %r1330, %r20;
	shr.u32 	%r1355, %r1331, %r20;
	and.b32  	%r1356, %r1352, %r25;
	and.b32  	%r1357, %r1353, %r25;
	and.b32  	%r1358, %r1354, %r25;
	and.b32  	%r1359, %r1355, %r25;
	shl.b32 	%r352, %r1356, 2;
	add.s32 	%r353, %r29, %r352;
	ld.const.u32 	%r354, [%r353];
	shl.b32 	%r356, %r1357, 2;
	add.s32 	%r357, %r29, %r356;
	ld.const.u32 	%r358, [%r357];
	shl.b32 	%r360, %r1358, 2;
	add.s32 	%r361, %r29, %r360;
	ld.const.u32 	%r362, [%r361];
	shl.b32 	%r364, %r1359, 2;
	add.s32 	%r365, %r29, %r364;
	ld.const.u32 	%r366, [%r365];
	shl.b32 	%r368, %r1349, 2;
	add.s32 	%r369, %r46, %r368;
	ld.const.u32 	%r370, [%r369];
	shl.b32 	%r372, %r1350, 2;
	add.s32 	%r373, %r46, %r372;
	ld.const.u32 	%r374, [%r373];
	shl.b32 	%r376, %r1351, 2;
	add.s32 	%r377, %r46, %r376;
	ld.const.u32 	%r378, [%r377];
	shl.b32 	%r380, %r1348, 2;
	add.s32 	%r381, %r46, %r380;
	ld.const.u32 	%r382, [%r381];
	xor.b32  	%r1368, %r354, %r370;
	xor.b32  	%r1369, %r358, %r374;
	xor.b32  	%r1370, %r362, %r378;
	xor.b32  	%r1371, %r366, %r382;
	shl.b32 	%r384, %r1342, 2;
	add.s32 	%r385, %r63, %r384;
	ld.const.u32 	%r386, [%r385];
	shl.b32 	%r388, %r1343, 2;
	add.s32 	%r389, %r63, %r388;
	ld.const.u32 	%r390, [%r389];
	shl.b32 	%r392, %r1340, 2;
	add.s32 	%r393, %r63, %r392;
	ld.const.u32 	%r394, [%r393];
	shl.b32 	%r396, %r1341, 2;
	add.s32 	%r397, %r63, %r396;
	ld.const.u32 	%r398, [%r397];
	xor.b32  	%r1376, %r1368, %r386;
	xor.b32  	%r1377, %r1369, %r390;
	xor.b32  	%r1378, %r1370, %r394;
	xor.b32  	%r1379, %r1371, %r398;
	shl.b32 	%r400, %r1335, 2;
	add.s32 	%r401, %r80, %r400;
	ld.const.u32 	%r402, [%r401];
	shl.b32 	%r404, %r1332, 2;
	add.s32 	%r405, %r80, %r404;
	ld.const.u32 	%r406, [%r405];
	shl.b32 	%r408, %r1333, 2;
	add.s32 	%r409, %r80, %r408;
	ld.const.u32 	%r410, [%r409];
	shl.b32 	%r412, %r1334, 2;
	add.s32 	%r413, %r80, %r412;
	ld.const.u32 	%r414, [%r413];
	xor.b32  	%r1384, %r1376, %r402;
	xor.b32  	%r1385, %r1377, %r406;
	xor.b32  	%r1386, %r1378, %r410;
	xor.b32  	%r1387, %r1379, %r414;
	ld.shared.v4.u32 	{%r1388, %r1389, %r1390, %r1391}, [shr_1_lroundkeys+96];
	xor.b32  	%r1392, %r1384, %r1388;
	xor.b32  	%r1393, %r1385, %r1389;
	xor.b32  	%r1394, %r1386, %r1390;
	xor.b32  	%r1395, %r1387, %r1391;
	and.b32  	%r1396, %r1392, %r25;
	and.b32  	%r1397, %r1393, %r25;
	and.b32  	%r1398, %r1394, %r25;
	and.b32  	%r1399, %r1395, %r25;
	shr.u32 	%r1400, %r1392, %r22;
	shr.u32 	%r1401, %r1393, %r22;
	shr.u32 	%r1402, %r1394, %r22;
	shr.u32 	%r1403, %r1395, %r22;
	and.b32  	%r1404, %r1400, %r25;
	and.b32  	%r1405, %r1401, %r25;
	and.b32  	%r1406, %r1402, %r25;
	and.b32  	%r1407, %r1403, %r25;
	shr.u32 	%r1408, %r1392, %r26;
	shr.u32 	%r1409, %r1393, %r26;
	shr.u32 	%r1410, %r1394, %r26;
	shr.u32 	%r1411, %r1395, %r26;
	and.b32  	%r1412, %r1408, %r25;
	and.b32  	%r1413, %r1409, %r25;
	and.b32  	%r1414, %r1410, %r25;
	and.b32  	%r1415, %r1411, %r25;
	shr.u32 	%r1416, %r1392, %r20;
	shr.u32 	%r1417, %r1393, %r20;
	shr.u32 	%r1418, %r1394, %r20;
	shr.u32 	%r1419, %r1395, %r20;
	and.b32  	%r1420, %r1416, %r25;
	and.b32  	%r1421, %r1417, %r25;
	and.b32  	%r1422, %r1418, %r25;
	and.b32  	%r1423, %r1419, %r25;
	shl.b32 	%r416, %r1420, 2;
	add.s32 	%r417, %r29, %r416;
	ld.const.u32 	%r418, [%r417];
	shl.b32 	%r420, %r1421, 2;
	add.s32 	%r421, %r29, %r420;
	ld.const.u32 	%r422, [%r421];
	shl.b32 	%r424, %r1422, 2;
	add.s32 	%r425, %r29, %r424;
	ld.const.u32 	%r426, [%r425];
	shl.b32 	%r428, %r1423, 2;
	add.s32 	%r429, %r29, %r428;
	ld.const.u32 	%r430, [%r429];
	shl.b32 	%r432, %r1413, 2;
	add.s32 	%r433, %r46, %r432;
	ld.const.u32 	%r434, [%r433];
	shl.b32 	%r436, %r1414, 2;
	add.s32 	%r437, %r46, %r436;
	ld.const.u32 	%r438, [%r437];
	shl.b32 	%r440, %r1415, 2;
	add.s32 	%r441, %r46, %r440;
	ld.const.u32 	%r442, [%r441];
	shl.b32 	%r444, %r1412, 2;
	add.s32 	%r445, %r46, %r444;
	ld.const.u32 	%r446, [%r445];
	xor.b32  	%r1432, %r418, %r434;
	xor.b32  	%r1433, %r422, %r438;
	xor.b32  	%r1434, %r426, %r442;
	xor.b32  	%r1435, %r430, %r446;
	shl.b32 	%r448, %r1406, 2;
	add.s32 	%r449, %r63, %r448;
	ld.const.u32 	%r450, [%r449];
	shl.b32 	%r452, %r1407, 2;
	add.s32 	%r453, %r63, %r452;
	ld.const.u32 	%r454, [%r453];
	shl.b32 	%r456, %r1404, 2;
	add.s32 	%r457, %r63, %r456;
	ld.const.u32 	%r458, [%r457];
	shl.b32 	%r460, %r1405, 2;
	add.s32 	%r461, %r63, %r460;
	ld.const.u32 	%r462, [%r461];
	xor.b32  	%r1440, %r1432, %r450;
	xor.b32  	%r1441, %r1433, %r454;
	xor.b32  	%r1442, %r1434, %r458;
	xor.b32  	%r1443, %r1435, %r462;
	shl.b32 	%r464, %r1399, 2;
	add.s32 	%r465, %r80, %r464;
	ld.const.u32 	%r466, [%r465];
	shl.b32 	%r468, %r1396, 2;
	add.s32 	%r469, %r80, %r468;
	ld.const.u32 	%r470, [%r469];
	shl.b32 	%r472, %r1397, 2;
	add.s32 	%r473, %r80, %r472;
	ld.const.u32 	%r474, [%r473];
	shl.b32 	%r476, %r1398, 2;
	add.s32 	%r477, %r80, %r476;
	ld.const.u32 	%r478, [%r477];
	xor.b32  	%r1448, %r1440, %r466;
	xor.b32  	%r1449, %r1441, %r470;
	xor.b32  	%r1450, %r1442, %r474;
	xor.b32  	%r1451, %r1443, %r478;
	ld.shared.v4.u32 	{%r1452, %r1453, %r1454, %r1455}, [shr_1_lroundkeys+112];
	xor.b32  	%r1456, %r1448, %r1452;
	xor.b32  	%r1457, %r1449, %r1453;
	xor.b32  	%r1458, %r1450, %r1454;
	xor.b32  	%r1459, %r1451, %r1455;
	and.b32  	%r1460, %r1456, %r25;
	and.b32  	%r1461, %r1457, %r25;
	and.b32  	%r1462, %r1458, %r25;
	and.b32  	%r1463, %r1459, %r25;
	shr.u32 	%r1464, %r1456, %r22;
	shr.u32 	%r1465, %r1457, %r22;
	shr.u32 	%r1466, %r1458, %r22;
	shr.u32 	%r1467, %r1459, %r22;
	and.b32  	%r1468, %r1464, %r25;
	and.b32  	%r1469, %r1465, %r25;
	and.b32  	%r1470, %r1466, %r25;
	and.b32  	%r1471, %r1467, %r25;
	shr.u32 	%r1472, %r1456, %r26;
	shr.u32 	%r1473, %r1457, %r26;
	shr.u32 	%r1474, %r1458, %r26;
	shr.u32 	%r1475, %r1459, %r26;
	and.b32  	%r1476, %r1472, %r25;
	and.b32  	%r1477, %r1473, %r25;
	and.b32  	%r1478, %r1474, %r25;
	and.b32  	%r1479, %r1475, %r25;
	shr.u32 	%r1480, %r1456, %r20;
	shr.u32 	%r1481, %r1457, %r20;
	shr.u32 	%r1482, %r1458, %r20;
	shr.u32 	%r1483, %r1459, %r20;
	and.b32  	%r1484, %r1480, %r25;
	and.b32  	%r1485, %r1481, %r25;
	and.b32  	%r1486, %r1482, %r25;
	and.b32  	%r1487, %r1483, %r25;
	shl.b32 	%r480, %r1484, 2;
	add.s32 	%r481, %r29, %r480;
	ld.const.u32 	%r482, [%r481];
	shl.b32 	%r484, %r1485, 2;
	add.s32 	%r485, %r29, %r484;
	ld.const.u32 	%r486, [%r485];
	shl.b32 	%r488, %r1486, 2;
	add.s32 	%r489, %r29, %r488;
	ld.const.u32 	%r490, [%r489];
	shl.b32 	%r492, %r1487, 2;
	add.s32 	%r493, %r29, %r492;
	ld.const.u32 	%r494, [%r493];
	shl.b32 	%r496, %r1477, 2;
	add.s32 	%r497, %r46, %r496;
	ld.const.u32 	%r498, [%r497];
	shl.b32 	%r500, %r1478, 2;
	add.s32 	%r501, %r46, %r500;
	ld.const.u32 	%r502, [%r501];
	shl.b32 	%r504, %r1479, 2;
	add.s32 	%r505, %r46, %r504;
	ld.const.u32 	%r506, [%r505];
	shl.b32 	%r508, %r1476, 2;
	add.s32 	%r509, %r46, %r508;
	ld.const.u32 	%r510, [%r509];
	xor.b32  	%r1496, %r482, %r498;
	xor.b32  	%r1497, %r486, %r502;
	xor.b32  	%r1498, %r490, %r506;
	xor.b32  	%r1499, %r494, %r510;
	shl.b32 	%r512, %r1470, 2;
	add.s32 	%r513, %r63, %r512;
	ld.const.u32 	%r514, [%r513];
	shl.b32 	%r516, %r1471, 2;
	add.s32 	%r517, %r63, %r516;
	ld.const.u32 	%r518, [%r517];
	shl.b32 	%r520, %r1468, 2;
	add.s32 	%r521, %r63, %r520;
	ld.const.u32 	%r522, [%r521];
	shl.b32 	%r524, %r1469, 2;
	add.s32 	%r525, %r63, %r524;
	ld.const.u32 	%r526, [%r525];
	xor.b32  	%r1504, %r1496, %r514;
	xor.b32  	%r1505, %r1497, %r518;
	xor.b32  	%r1506, %r1498, %r522;
	xor.b32  	%r1507, %r1499, %r526;
	shl.b32 	%r528, %r1463, 2;
	add.s32 	%r529, %r80, %r528;
	ld.const.u32 	%r530, [%r529];
	shl.b32 	%r532, %r1460, 2;
	add.s32 	%r533, %r80, %r532;
	ld.const.u32 	%r534, [%r533];
	shl.b32 	%r536, %r1461, 2;
	add.s32 	%r537, %r80, %r536;
	ld.const.u32 	%r538, [%r537];
	shl.b32 	%r540, %r1462, 2;
	add.s32 	%r541, %r80, %r540;
	ld.const.u32 	%r542, [%r541];
	xor.b32  	%r1512, %r1504, %r530;
	xor.b32  	%r1513, %r1505, %r534;
	xor.b32  	%r1514, %r1506, %r538;
	xor.b32  	%r1515, %r1507, %r542;
	ld.shared.v4.u32 	{%r1516, %r1517, %r1518, %r1519}, [shr_1_lroundkeys+128];
	xor.b32  	%r1520, %r1512, %r1516;
	xor.b32  	%r1521, %r1513, %r1517;
	xor.b32  	%r1522, %r1514, %r1518;
	xor.b32  	%r1523, %r1515, %r1519;
	and.b32  	%r1524, %r1520, %r25;
	and.b32  	%r1525, %r1521, %r25;
	and.b32  	%r1526, %r1522, %r25;
	and.b32  	%r1527, %r1523, %r25;
	shr.u32 	%r1528, %r1520, %r22;
	shr.u32 	%r1529, %r1521, %r22;
	shr.u32 	%r1530, %r1522, %r22;
	shr.u32 	%r1531, %r1523, %r22;
	and.b32  	%r1532, %r1528, %r25;
	and.b32  	%r1533, %r1529, %r25;
	and.b32  	%r1534, %r1530, %r25;
	and.b32  	%r1535, %r1531, %r25;
	shr.u32 	%r1536, %r1520, %r26;
	shr.u32 	%r1537, %r1521, %r26;
	shr.u32 	%r1538, %r1522, %r26;
	shr.u32 	%r1539, %r1523, %r26;
	and.b32  	%r1540, %r1536, %r25;
	and.b32  	%r1541, %r1537, %r25;
	and.b32  	%r1542, %r1538, %r25;
	and.b32  	%r1543, %r1539, %r25;
	shr.u32 	%r1544, %r1520, %r20;
	shr.u32 	%r1545, %r1521, %r20;
	shr.u32 	%r1546, %r1522, %r20;
	shr.u32 	%r1547, %r1523, %r20;
	and.b32  	%r1548, %r1544, %r25;
	and.b32  	%r1549, %r1545, %r25;
	and.b32  	%r1550, %r1546, %r25;
	and.b32  	%r1551, %r1547, %r25;
	shl.b32 	%r544, %r1548, 2;
	add.s32 	%r545, %r29, %r544;
	ld.const.u32 	%r546, [%r545];
	shl.b32 	%r548, %r1549, 2;
	add.s32 	%r549, %r29, %r548;
	ld.const.u32 	%r550, [%r549];
	shl.b32 	%r552, %r1550, 2;
	add.s32 	%r553, %r29, %r552;
	ld.const.u32 	%r554, [%r553];
	shl.b32 	%r556, %r1551, 2;
	add.s32 	%r557, %r29, %r556;
	ld.const.u32 	%r558, [%r557];
	shl.b32 	%r560, %r1541, 2;
	add.s32 	%r561, %r46, %r560;
	ld.const.u32 	%r562, [%r561];
	shl.b32 	%r564, %r1542, 2;
	add.s32 	%r565, %r46, %r564;
	ld.const.u32 	%r566, [%r565];
	shl.b32 	%r568, %r1543, 2;
	add.s32 	%r569, %r46, %r568;
	ld.const.u32 	%r570, [%r569];
	shl.b32 	%r572, %r1540, 2;
	add.s32 	%r573, %r46, %r572;
	ld.const.u32 	%r574, [%r573];
	xor.b32  	%r1560, %r546, %r562;
	xor.b32  	%r1561, %r550, %r566;
	xor.b32  	%r1562, %r554, %r570;
	xor.b32  	%r1563, %r558, %r574;
	shl.b32 	%r576, %r1534, 2;
	add.s32 	%r577, %r63, %r576;
	ld.const.u32 	%r578, [%r577];
	shl.b32 	%r580, %r1535, 2;
	add.s32 	%r581, %r63, %r580;
	ld.const.u32 	%r582, [%r581];
	shl.b32 	%r584, %r1532, 2;
	add.s32 	%r585, %r63, %r584;
	ld.const.u32 	%r586, [%r585];
	shl.b32 	%r588, %r1533, 2;
	add.s32 	%r589, %r63, %r588;
	ld.const.u32 	%r590, [%r589];
	xor.b32  	%r1568, %r1560, %r578;
	xor.b32  	%r1569, %r1561, %r582;
	xor.b32  	%r1570, %r1562, %r586;
	xor.b32  	%r1571, %r1563, %r590;
	shl.b32 	%r592, %r1527, 2;
	add.s32 	%r593, %r80, %r592;
	ld.const.u32 	%r594, [%r593];
	shl.b32 	%r596, %r1524, 2;
	add.s32 	%r597, %r80, %r596;
	ld.const.u32 	%r598, [%r597];
	shl.b32 	%r600, %r1525, 2;
	add.s32 	%r601, %r80, %r600;
	ld.const.u32 	%r602, [%r601];
	shl.b32 	%r604, %r1526, 2;
	add.s32 	%r605, %r80, %r604;
	ld.const.u32 	%r606, [%r605];
	xor.b32  	%r1576, %r1568, %r594;
	xor.b32  	%r1577, %r1569, %r598;
	xor.b32  	%r1578, %r1570, %r602;
	xor.b32  	%r1579, %r1571, %r606;
	ld.shared.v4.u32 	{%r1580, %r1581, %r1582, %r1583}, [shr_1_lroundkeys+144];
	xor.b32  	%r1584, %r1576, %r1580;
	xor.b32  	%r1585, %r1577, %r1581;
	xor.b32  	%r1586, %r1578, %r1582;
	xor.b32  	%r1587, %r1579, %r1583;
	and.b32  	%r1588, %r1584, %r25;
	and.b32  	%r1589, %r1585, %r25;
	and.b32  	%r1590, %r1586, %r25;
	and.b32  	%r1591, %r1587, %r25;
	shr.u32 	%r1592, %r1584, %r22;
	shr.u32 	%r1593, %r1585, %r22;
	shr.u32 	%r1594, %r1586, %r22;
	shr.u32 	%r1595, %r1587, %r22;
	and.b32  	%r1596, %r1592, %r25;
	and.b32  	%r1597, %r1593, %r25;
	and.b32  	%r1598, %r1594, %r25;
	and.b32  	%r1599, %r1595, %r25;
	shr.u32 	%r1600, %r1584, %r26;
	shr.u32 	%r1601, %r1585, %r26;
	shr.u32 	%r1602, %r1586, %r26;
	shr.u32 	%r1603, %r1587, %r26;
	and.b32  	%r1604, %r1600, %r25;
	and.b32  	%r1605, %r1601, %r25;
	and.b32  	%r1606, %r1602, %r25;
	and.b32  	%r1607, %r1603, %r25;
	shr.u32 	%r1608, %r1584, %r20;
	shr.u32 	%r1609, %r1585, %r20;
	shr.u32 	%r1610, %r1586, %r20;
	shr.u32 	%r1611, %r1587, %r20;
	and.b32  	%r1612, %r1608, %r25;
	and.b32  	%r1613, %r1609, %r25;
	and.b32  	%r1614, %r1610, %r25;
	and.b32  	%r1615, %r1611, %r25;
	shl.b32 	%r608, %r1612, 2;
	add.s32 	%r609, %r29, %r608;
	ld.const.u32 	%r610, [%r609];
	shl.b32 	%r612, %r1613, 2;
	add.s32 	%r613, %r29, %r612;
	ld.const.u32 	%r614, [%r613];
	shl.b32 	%r616, %r1614, 2;
	add.s32 	%r617, %r29, %r616;
	ld.const.u32 	%r618, [%r617];
	shl.b32 	%r620, %r1615, 2;
	add.s32 	%r621, %r29, %r620;
	ld.const.u32 	%r622, [%r621];
	shl.b32 	%r624, %r1605, 2;
	add.s32 	%r625, %r46, %r624;
	ld.const.u32 	%r626, [%r625];
	shl.b32 	%r628, %r1606, 2;
	add.s32 	%r629, %r46, %r628;
	ld.const.u32 	%r630, [%r629];
	shl.b32 	%r632, %r1607, 2;
	add.s32 	%r633, %r46, %r632;
	ld.const.u32 	%r634, [%r633];
	shl.b32 	%r636, %r1604, 2;
	add.s32 	%r637, %r46, %r636;
	ld.const.u32 	%r638, [%r637];
	xor.b32  	%r1624, %r610, %r626;
	xor.b32  	%r1625, %r614, %r630;
	xor.b32  	%r1626, %r618, %r634;
	xor.b32  	%r1627, %r622, %r638;
	shl.b32 	%r640, %r1598, 2;
	add.s32 	%r641, %r63, %r640;
	ld.const.u32 	%r642, [%r641];
	shl.b32 	%r644, %r1599, 2;
	add.s32 	%r645, %r63, %r644;
	ld.const.u32 	%r646, [%r645];
	shl.b32 	%r648, %r1596, 2;
	add.s32 	%r649, %r63, %r648;
	ld.const.u32 	%r650, [%r649];
	shl.b32 	%r652, %r1597, 2;
	add.s32 	%r653, %r63, %r652;
	ld.const.u32 	%r654, [%r653];
	xor.b32  	%r1632, %r1624, %r642;
	xor.b32  	%r1633, %r1625, %r646;
	xor.b32  	%r1634, %r1626, %r650;
	xor.b32  	%r1635, %r1627, %r654;
	shl.b32 	%r656, %r1591, 2;
	add.s32 	%r657, %r80, %r656;
	ld.const.u32 	%r658, [%r657];
	shl.b32 	%r660, %r1588, 2;
	add.s32 	%r661, %r80, %r660;
	ld.const.u32 	%r662, [%r661];
	shl.b32 	%r664, %r1589, 2;
	add.s32 	%r665, %r80, %r664;
	ld.const.u32 	%r666, [%r665];
	shl.b32 	%r668, %r1590, 2;
	add.s32 	%r669, %r80, %r668;
	ld.const.u32 	%r670, [%r669];
	xor.b32  	%r1640, %r1632, %r658;
	xor.b32  	%r1641, %r1633, %r662;
	xor.b32  	%r1642, %r1634, %r666;
	xor.b32  	%r1643, %r1635, %r670;
	ld.shared.v4.u32 	{%r1644, %r1645, %r1646, %r1647}, [shr_1_lroundkeys+160];
	xor.b32  	%r1648, %r1640, %r1644;
	xor.b32  	%r1649, %r1641, %r1645;
	xor.b32  	%r1650, %r1642, %r1646;
	xor.b32  	%r1651, %r1643, %r1647;
	and.b32  	%r1652, %r1648, %r25;
	and.b32  	%r1653, %r1649, %r25;
	and.b32  	%r1654, %r1650, %r25;
	and.b32  	%r1655, %r1651, %r25;
	shr.u32 	%r1656, %r1648, %r22;
	shr.u32 	%r1657, %r1649, %r22;
	shr.u32 	%r1658, %r1650, %r22;
	shr.u32 	%r1659, %r1651, %r22;
	and.b32  	%r1660, %r1656, %r25;
	and.b32  	%r1661, %r1657, %r25;
	and.b32  	%r1662, %r1658, %r25;
	and.b32  	%r1663, %r1659, %r25;
	shr.u32 	%r1664, %r1648, %r26;
	shr.u32 	%r1665, %r1649, %r26;
	shr.u32 	%r1666, %r1650, %r26;
	shr.u32 	%r1667, %r1651, %r26;
	and.b32  	%r1668, %r1664, %r25;
	and.b32  	%r1669, %r1665, %r25;
	and.b32  	%r1670, %r1666, %r25;
	and.b32  	%r1671, %r1667, %r25;
	shr.u32 	%r1672, %r1648, %r20;
	shr.u32 	%r1673, %r1649, %r20;
	shr.u32 	%r1674, %r1650, %r20;
	shr.u32 	%r1675, %r1651, %r20;
	and.b32  	%r1676, %r1672, %r25;
	and.b32  	%r1677, %r1673, %r25;
	and.b32  	%r1678, %r1674, %r25;
	and.b32  	%r1679, %r1675, %r25;
	shl.b32 	%r672, %r1676, 2;
	add.s32 	%r673, %r29, %r672;
	ld.const.u32 	%r674, [%r673];
	shl.b32 	%r676, %r1677, 2;
	add.s32 	%r677, %r29, %r676;
	ld.const.u32 	%r678, [%r677];
	shl.b32 	%r680, %r1678, 2;
	add.s32 	%r681, %r29, %r680;
	ld.const.u32 	%r682, [%r681];
	shl.b32 	%r684, %r1679, 2;
	add.s32 	%r685, %r29, %r684;
	ld.const.u32 	%r686, [%r685];
	shl.b32 	%r688, %r1669, 2;
	add.s32 	%r689, %r46, %r688;
	ld.const.u32 	%r690, [%r689];
	shl.b32 	%r692, %r1670, 2;
	add.s32 	%r693, %r46, %r692;
	ld.const.u32 	%r694, [%r693];
	shl.b32 	%r696, %r1671, 2;
	add.s32 	%r697, %r46, %r696;
	ld.const.u32 	%r698, [%r697];
	shl.b32 	%r700, %r1668, 2;
	add.s32 	%r701, %r46, %r700;
	ld.const.u32 	%r702, [%r701];
	xor.b32  	%r1688, %r674, %r690;
	xor.b32  	%r1689, %r678, %r694;
	xor.b32  	%r1690, %r682, %r698;
	xor.b32  	%r1691, %r686, %r702;
	shl.b32 	%r704, %r1662, 2;
	add.s32 	%r705, %r63, %r704;
	ld.const.u32 	%r706, [%r705];
	shl.b32 	%r708, %r1663, 2;
	add.s32 	%r709, %r63, %r708;
	ld.const.u32 	%r710, [%r709];
	shl.b32 	%r712, %r1660, 2;
	add.s32 	%r713, %r63, %r712;
	ld.const.u32 	%r714, [%r713];
	shl.b32 	%r716, %r1661, 2;
	add.s32 	%r717, %r63, %r716;
	ld.const.u32 	%r718, [%r717];
	xor.b32  	%r1696, %r1688, %r706;
	xor.b32  	%r1697, %r1689, %r710;
	xor.b32  	%r1698, %r1690, %r714;
	xor.b32  	%r1699, %r1691, %r718;
	shl.b32 	%r720, %r1655, 2;
	add.s32 	%r721, %r80, %r720;
	ld.const.u32 	%r722, [%r721];
	shl.b32 	%r724, %r1652, 2;
	add.s32 	%r725, %r80, %r724;
	ld.const.u32 	%r726, [%r725];
	shl.b32 	%r728, %r1653, 2;
	add.s32 	%r729, %r80, %r728;
	ld.const.u32 	%r730, [%r729];
	shl.b32 	%r732, %r1654, 2;
	add.s32 	%r733, %r80, %r732;
	ld.const.u32 	%r734, [%r733];
	xor.b32  	%r1704, %r1696, %r722;
	xor.b32  	%r1705, %r1697, %r726;
	xor.b32  	%r1706, %r1698, %r730;
	xor.b32  	%r1707, %r1699, %r734;
	ld.shared.v4.u32 	{%r1708, %r1709, %r1710, %r1711}, [shr_1_lroundkeys+176];
	xor.b32  	%r1712, %r1704, %r1708;
	xor.b32  	%r1713, %r1705, %r1709;
	xor.b32  	%r1714, %r1706, %r1710;
	xor.b32  	%r1715, %r1707, %r1711;
	and.b32  	%r1716, %r1712, %r25;
	and.b32  	%r1717, %r1713, %r25;
	and.b32  	%r1718, %r1714, %r25;
	and.b32  	%r1719, %r1715, %r25;
	shr.u32 	%r1720, %r1712, %r22;
	shr.u32 	%r1721, %r1713, %r22;
	shr.u32 	%r1722, %r1714, %r22;
	shr.u32 	%r1723, %r1715, %r22;
	and.b32  	%r1724, %r1720, %r25;
	and.b32  	%r1725, %r1721, %r25;
	and.b32  	%r1726, %r1722, %r25;
	and.b32  	%r1727, %r1723, %r25;
	shr.u32 	%r1728, %r1712, %r26;
	shr.u32 	%r1729, %r1713, %r26;
	shr.u32 	%r1730, %r1714, %r26;
	shr.u32 	%r1731, %r1715, %r26;
	and.b32  	%r1732, %r1728, %r25;
	and.b32  	%r1733, %r1729, %r25;
	and.b32  	%r1734, %r1730, %r25;
	and.b32  	%r1735, %r1731, %r25;
	shr.u32 	%r1736, %r1712, %r20;
	shr.u32 	%r1737, %r1713, %r20;
	shr.u32 	%r1738, %r1714, %r20;
	shr.u32 	%r1739, %r1715, %r20;
	and.b32  	%r1740, %r1736, %r25;
	and.b32  	%r1741, %r1737, %r25;
	and.b32  	%r1742, %r1738, %r25;
	and.b32  	%r1743, %r1739, %r25;
	shl.b32 	%r736, %r1740, 2;
	add.s32 	%r737, %r29, %r736;
	ld.const.u32 	%r738, [%r737];
	shl.b32 	%r740, %r1741, 2;
	add.s32 	%r741, %r29, %r740;
	ld.const.u32 	%r742, [%r741];
	shl.b32 	%r744, %r1742, 2;
	add.s32 	%r745, %r29, %r744;
	ld.const.u32 	%r746, [%r745];
	shl.b32 	%r748, %r1743, 2;
	add.s32 	%r749, %r29, %r748;
	ld.const.u32 	%r750, [%r749];
	shl.b32 	%r752, %r1733, 2;
	add.s32 	%r753, %r46, %r752;
	ld.const.u32 	%r754, [%r753];
	shl.b32 	%r756, %r1734, 2;
	add.s32 	%r757, %r46, %r756;
	ld.const.u32 	%r758, [%r757];
	shl.b32 	%r760, %r1735, 2;
	add.s32 	%r761, %r46, %r760;
	ld.const.u32 	%r762, [%r761];
	shl.b32 	%r764, %r1732, 2;
	add.s32 	%r765, %r46, %r764;
	ld.const.u32 	%r766, [%r765];
	xor.b32  	%r1752, %r738, %r754;
	xor.b32  	%r1753, %r742, %r758;
	xor.b32  	%r1754, %r746, %r762;
	xor.b32  	%r1755, %r750, %r766;
	shl.b32 	%r768, %r1726, 2;
	add.s32 	%r769, %r63, %r768;
	ld.const.u32 	%r770, [%r769];
	shl.b32 	%r772, %r1727, 2;
	add.s32 	%r773, %r63, %r772;
	ld.const.u32 	%r774, [%r773];
	shl.b32 	%r776, %r1724, 2;
	add.s32 	%r777, %r63, %r776;
	ld.const.u32 	%r778, [%r777];
	shl.b32 	%r780, %r1725, 2;
	add.s32 	%r781, %r63, %r780;
	ld.const.u32 	%r782, [%r781];
	xor.b32  	%r1760, %r1752, %r770;
	xor.b32  	%r1761, %r1753, %r774;
	xor.b32  	%r1762, %r1754, %r778;
	xor.b32  	%r1763, %r1755, %r782;
	shl.b32 	%r784, %r1719, 2;
	add.s32 	%r785, %r80, %r784;
	ld.const.u32 	%r786, [%r785];
	shl.b32 	%r788, %r1716, 2;
	add.s32 	%r789, %r80, %r788;
	ld.const.u32 	%r790, [%r789];
	shl.b32 	%r792, %r1717, 2;
	add.s32 	%r793, %r80, %r792;
	ld.const.u32 	%r794, [%r793];
	shl.b32 	%r796, %r1718, 2;
	add.s32 	%r797, %r80, %r796;
	ld.const.u32 	%r798, [%r797];
	xor.b32  	%r1768, %r1760, %r786;
	xor.b32  	%r1769, %r1761, %r790;
	xor.b32  	%r1770, %r1762, %r794;
	xor.b32  	%r1771, %r1763, %r798;
	ld.shared.v4.u32 	{%r1772, %r1773, %r1774, %r1775}, [shr_1_lroundkeys+192];
	xor.b32  	%r1776, %r1768, %r1772;
	xor.b32  	%r1777, %r1769, %r1773;
	xor.b32  	%r1778, %r1770, %r1774;
	xor.b32  	%r1779, %r1771, %r1775;
	and.b32  	%r1780, %r1776, %r25;
	and.b32  	%r1781, %r1777, %r25;
	and.b32  	%r1782, %r1778, %r25;
	and.b32  	%r1783, %r1779, %r25;
	shr.u32 	%r1784, %r1776, %r22;
	shr.u32 	%r1785, %r1777, %r22;
	shr.u32 	%r1786, %r1778, %r22;
	shr.u32 	%r1787, %r1779, %r22;
	and.b32  	%r1788, %r1784, %r25;
	and.b32  	%r1789, %r1785, %r25;
	and.b32  	%r1790, %r1786, %r25;
	and.b32  	%r1791, %r1787, %r25;
	shr.u32 	%r1792, %r1776, %r26;
	shr.u32 	%r1793, %r1777, %r26;
	shr.u32 	%r1794, %r1778, %r26;
	shr.u32 	%r1795, %r1779, %r26;
	and.b32  	%r1796, %r1792, %r25;
	and.b32  	%r1797, %r1793, %r25;
	and.b32  	%r1798, %r1794, %r25;
	and.b32  	%r1799, %r1795, %r25;
	shr.u32 	%r1800, %r1776, %r20;
	shr.u32 	%r1801, %r1777, %r20;
	shr.u32 	%r1802, %r1778, %r20;
	shr.u32 	%r1803, %r1779, %r20;
	and.b32  	%r1804, %r1800, %r25;
	and.b32  	%r1805, %r1801, %r25;
	and.b32  	%r1806, %r1802, %r25;
	and.b32  	%r1807, %r1803, %r25;
	shl.b32 	%r800, %r1804, 2;
	add.s32 	%r801, %r29, %r800;
	ld.const.u32 	%r802, [%r801];
	shl.b32 	%r804, %r1805, 2;
	add.s32 	%r805, %r29, %r804;
	ld.const.u32 	%r806, [%r805];
	shl.b32 	%r808, %r1806, 2;
	add.s32 	%r809, %r29, %r808;
	ld.const.u32 	%r810, [%r809];
	shl.b32 	%r812, %r1807, 2;
	add.s32 	%r813, %r29, %r812;
	ld.const.u32 	%r814, [%r813];
	shl.b32 	%r816, %r1797, 2;
	add.s32 	%r817, %r46, %r816;
	ld.const.u32 	%r818, [%r817];
	shl.b32 	%r820, %r1798, 2;
	add.s32 	%r821, %r46, %r820;
	ld.const.u32 	%r822, [%r821];
	shl.b32 	%r824, %r1799, 2;
	add.s32 	%r825, %r46, %r824;
	ld.const.u32 	%r826, [%r825];
	shl.b32 	%r828, %r1796, 2;
	add.s32 	%r829, %r46, %r828;
	ld.const.u32 	%r830, [%r829];
	xor.b32  	%r1816, %r802, %r818;
	xor.b32  	%r1817, %r806, %r822;
	xor.b32  	%r1818, %r810, %r826;
	xor.b32  	%r1819, %r814, %r830;
	shl.b32 	%r832, %r1790, 2;
	add.s32 	%r833, %r63, %r832;
	ld.const.u32 	%r834, [%r833];
	shl.b32 	%r836, %r1791, 2;
	add.s32 	%r837, %r63, %r836;
	ld.const.u32 	%r838, [%r837];
	shl.b32 	%r840, %r1788, 2;
	add.s32 	%r841, %r63, %r840;
	ld.const.u32 	%r842, [%r841];
	shl.b32 	%r844, %r1789, 2;
	add.s32 	%r845, %r63, %r844;
	ld.const.u32 	%r846, [%r845];
	xor.b32  	%r1824, %r1816, %r834;
	xor.b32  	%r1825, %r1817, %r838;
	xor.b32  	%r1826, %r1818, %r842;
	xor.b32  	%r1827, %r1819, %r846;
	shl.b32 	%r848, %r1783, 2;
	add.s32 	%r849, %r80, %r848;
	ld.const.u32 	%r850, [%r849];
	shl.b32 	%r852, %r1780, 2;
	add.s32 	%r853, %r80, %r852;
	ld.const.u32 	%r854, [%r853];
	shl.b32 	%r856, %r1781, 2;
	add.s32 	%r857, %r80, %r856;
	ld.const.u32 	%r858, [%r857];
	shl.b32 	%r860, %r1782, 2;
	add.s32 	%r861, %r80, %r860;
	ld.const.u32 	%r862, [%r861];
	xor.b32  	%r1832, %r1824, %r850;
	xor.b32  	%r1833, %r1825, %r854;
	xor.b32  	%r1834, %r1826, %r858;
	xor.b32  	%r1835, %r1827, %r862;
	ld.shared.v4.u32 	{%r1836, %r1837, %r1838, %r1839}, [shr_1_lroundkeys+208];
	xor.b32  	%r1840, %r1832, %r1836;
	xor.b32  	%r1841, %r1833, %r1837;
	xor.b32  	%r1842, %r1834, %r1838;
	xor.b32  	%r1843, %r1835, %r1839;
	and.b32  	%r1844, %r1840, %r25;
	and.b32  	%r1845, %r1841, %r25;
	and.b32  	%r1846, %r1842, %r25;
	and.b32  	%r1847, %r1843, %r25;
	shr.u32 	%r1848, %r1840, %r22;
	shr.u32 	%r1849, %r1841, %r22;
	shr.u32 	%r1850, %r1842, %r22;
	shr.u32 	%r1851, %r1843, %r22;
	and.b32  	%r1852, %r1848, %r25;
	and.b32  	%r1853, %r1849, %r25;
	and.b32  	%r1854, %r1850, %r25;
	and.b32  	%r1855, %r1851, %r25;
	shr.u32 	%r1856, %r1840, %r26;
	shr.u32 	%r1857, %r1841, %r26;
	shr.u32 	%r1858, %r1842, %r26;
	shr.u32 	%r1859, %r1843, %r26;
	and.b32  	%r1860, %r1856, %r25;
	and.b32  	%r1861, %r1857, %r25;
	and.b32  	%r1862, %r1858, %r25;
	and.b32  	%r1863, %r1859, %r25;
	shr.u32 	%r1864, %r1840, %r20;
	shr.u32 	%r1865, %r1841, %r20;
	shr.u32 	%r1866, %r1842, %r20;
	shr.u32 	%r1867, %r1843, %r20;
	and.b32  	%r1868, %r1864, %r25;
	and.b32  	%r1869, %r1865, %r25;
	and.b32  	%r1870, %r1866, %r25;
	and.b32  	%r1871, %r1867, %r25;
	shl.b32 	%r864, %r1868, 2;
	mov.u32 	%r865, Te4;
	add.s32 	%r866, %r865, %r864;
	ld.const.u32 	%r867, [%r866];
	shl.b32 	%r869, %r1869, 2;
	add.s32 	%r870, %r865, %r869;
	ld.const.u32 	%r871, [%r870];
	shl.b32 	%r873, %r1870, 2;
	add.s32 	%r874, %r865, %r873;
	ld.const.u32 	%r875, [%r874];
	shl.b32 	%r877, %r1871, 2;
	add.s32 	%r878, %r865, %r877;
	ld.const.u32 	%r879, [%r878];
	and.b32  	%r1876, %r867, %r21;
	and.b32  	%r1877, %r871, %r21;
	and.b32  	%r1878, %r875, %r21;
	and.b32  	%r1879, %r879, %r21;
	shl.b32 	%r881, %r1861, 2;
	add.s32 	%r882, %r865, %r881;
	ld.const.u32 	%r883, [%r882];
	shl.b32 	%r885, %r1862, 2;
	add.s32 	%r886, %r865, %r885;
	ld.const.u32 	%r887, [%r886];
	shl.b32 	%r889, %r1863, 2;
	add.s32 	%r890, %r865, %r889;
	ld.const.u32 	%r891, [%r890];
	shl.b32 	%r893, %r1860, 2;
	add.s32 	%r894, %r865, %r893;
	ld.const.u32 	%r895, [%r894];
	and.b32  	%r1884, %r883, %r23;
	and.b32  	%r1885, %r887, %r23;
	and.b32  	%r1886, %r891, %r23;
	and.b32  	%r1887, %r895, %r23;
	or.b32  	%r1888, %r1876, %r1884;
	or.b32  	%r1889, %r1877, %r1885;
	or.b32  	%r1890, %r1878, %r1886;
	or.b32  	%r1891, %r1879, %r1887;
	shl.b32 	%r897, %r1854, 2;
	add.s32 	%r898, %r865, %r897;
	ld.const.u32 	%r899, [%r898];
	shl.b32 	%r901, %r1855, 2;
	add.s32 	%r902, %r865, %r901;
	ld.const.u32 	%r903, [%r902];
	shl.b32 	%r905, %r1852, 2;
	add.s32 	%r906, %r865, %r905;
	ld.const.u32 	%r907, [%r906];
	shl.b32 	%r909, %r1853, 2;
	add.s32 	%r910, %r865, %r909;
	ld.const.u32 	%r911, [%r910];
	and.b32  	%r1896, %r899, %r24;
	and.b32  	%r1897, %r903, %r24;
	and.b32  	%r1898, %r907, %r24;
	and.b32  	%r1899, %r911, %r24;
	or.b32  	%r1900, %r1888, %r1896;
	or.b32  	%r1901, %r1889, %r1897;
	or.b32  	%r1902, %r1890, %r1898;
	or.b32  	%r1903, %r1891, %r1899;
	shl.b32 	%r913, %r1847, 2;
	add.s32 	%r914, %r865, %r913;
	ld.const.u32 	%r915, [%r914];
	shl.b32 	%r917, %r1844, 2;
	add.s32 	%r918, %r865, %r917;
	ld.const.u32 	%r919, [%r918];
	shl.b32 	%r921, %r1845, 2;
	add.s32 	%r922, %r865, %r921;
	ld.const.u32 	%r923, [%r922];
	shl.b32 	%r925, %r1846, 2;
	add.s32 	%r926, %r865, %r925;
	ld.const.u32 	%r927, [%r926];
	and.b32  	%r1908, %r915, %r25;
	and.b32  	%r1909, %r919, %r25;
	and.b32  	%r1910, %r923, %r25;
	and.b32  	%r1911, %r927, %r25;
	or.b32  	%r1912, %r1900, %r1908;
	or.b32  	%r1913, %r1901, %r1909;
	or.b32  	%r1914, %r1902, %r1910;
	or.b32  	%r1915, %r1903, %r1911;
	ld.shared.v4.u32 	{%r1916, %r1917, %r1918, %r1919}, [shr_1_lroundkeys+224];
	xor.b32  	%r1920, %r1912, %r1916;
	xor.b32  	%r1921, %r1913, %r1917;
	xor.b32  	%r1922, %r1914, %r1918;
	xor.b32  	%r1923, %r1915, %r1919;
	shl.b32 	%r1924, %r1920, %r20;
	shl.b32 	%r1925, %r1921, %r20;
	shl.b32 	%r1926, %r1922, %r20;
	shl.b32 	%r1927, %r1923, %r20;
	and.b32  	%r1928, %r1924, %r21;
	and.b32  	%r1929, %r1925, %r21;
	and.b32  	%r1930, %r1926, %r21;
	and.b32  	%r1931, %r1927, %r21;
	shl.b32 	%r1932, %r1920, %r22;
	shl.b32 	%r1933, %r1921, %r22;
	shl.b32 	%r1934, %r1922, %r22;
	shl.b32 	%r1935, %r1923, %r22;
	and.b32  	%r1936, %r1932, %r23;
	and.b32  	%r1937, %r1933, %r23;
	and.b32  	%r1938, %r1934, %r23;
	and.b32  	%r1939, %r1935, %r23;
	or.b32  	%r1940, %r1928, %r1936;
	or.b32  	%r1941, %r1929, %r1937;
	or.b32  	%r1942, %r1930, %r1938;
	or.b32  	%r1943, %r1931, %r1939;
	shr.u32 	%r1944, %r1920, %r22;
	shr.u32 	%r1945, %r1921, %r22;
	shr.u32 	%r1946, %r1922, %r22;
	shr.u32 	%r1947, %r1923, %r22;
	and.b32  	%r1948, %r1944, %r24;
	and.b32  	%r1949, %r1945, %r24;
	and.b32  	%r1950, %r1946, %r24;
	and.b32  	%r1951, %r1947, %r24;
	or.b32  	%r1952, %r1940, %r1948;
	or.b32  	%r1953, %r1941, %r1949;
	or.b32  	%r1954, %r1942, %r1950;
	or.b32  	%r1955, %r1943, %r1951;
	shr.u32 	%r1956, %r1920, %r20;
	shr.u32 	%r1957, %r1921, %r20;
	shr.u32 	%r1958, %r1922, %r20;
	shr.u32 	%r1959, %r1923, %r20;
	and.b32  	%r1960, %r1956, %r25;
	and.b32  	%r1961, %r1957, %r25;
	and.b32  	%r1962, %r1958, %r25;
	and.b32  	%r1963, %r1959, %r25;
	or.b32  	%r1964, %r1952, %r1960;
	or.b32  	%r1965, %r1953, %r1961;
	or.b32  	%r1966, %r1954, %r1962;
	or.b32  	%r1967, %r1955, %r1963;
	st.global.v4.u32 	[%r19], {%r1964, %r1965, %r1966, %r1967};
	ret;
}