//
// Generated by NVIDIA NVVM Compiler
// Compiler built on Tue May 15 08:50:53 2012 (1337064653)
// Driver 
//

.version 3.0
.target sm_11, texmode_independent
.address_size 32

.visible .const .align 4 .u32 timestamp = 1347021589;
.visible .const .align 4 .b8 Te0[1024] = {165, 99, 99, 198, 132, 124, 124, 248, 153, 119, 119, 238, 141, 123, 123, 246, 13, 242, 242, 255, 189, 107, 107, 214, 177, 111, 111, 222, 84, 197, 197, 145, 80, 48, 48, 96, 3, 1, 1, 2, 169, 103, 103, 206, 125, 43, 43, 86, 25, 254, 254, 231, 98, 215, 215, 181, 230, 171, 171, 77, 154, 118, 118, 236, 69, 202, 202, 143, 157, 130, 130, 31, 64, 201, 201, 137, 135, 125, 125, 250, 21, 250, 250, 239, 235, 89, 89, 178, 201, 71, 71, 142, 11, 240, 240, 251, 236, 173, 173, 65, 103, 212, 212, 179, 253, 162, 162, 95, 234, 175, 175, 69, 191, 156, 156, 35, 247, 164, 164, 83, 150, 114, 114, 228, 91, 192, 192, 155, 194, 183, 183, 117, 28, 253, 253, 225, 174, 147, 147, 61, 106, 38, 38, 76, 90, 54, 54, 108, 65, 63, 63, 126, 2, 247, 247, 245, 79, 204, 204, 131, 92, 52, 52, 104, 244, 165, 165, 81, 52, 229, 229, 209, 8, 241, 241, 249, 147, 113, 113, 226, 115, 216, 216, 171, 83, 49, 49, 98, 63, 21, 21, 42, 12, 4, 4, 8, 82, 199, 199, 149, 101, 35, 35, 70, 94, 195, 195, 157, 40, 24, 24, 48, 161, 150, 150, 55, 15, 5, 5, 10, 181, 154, 154, 47, 9, 7, 7, 14, 54, 18, 18, 36, 155, 128, 128, 27, 61, 226, 226, 223, 38, 235, 235, 205, 105, 39, 39, 78, 205, 178, 178, 127, 159, 117, 117, 234, 27, 9, 9, 18, 158, 131, 131, 29, 116, 44, 44, 88, 46, 26, 26, 52, 45, 27, 27, 54, 178, 110, 110, 220, 238, 90, 90, 180, 251, 160, 160, 91, 246, 82, 82, 164, 77, 59, 59, 118, 97, 214, 214, 183, 206, 179, 179, 125, 123, 41, 41, 82, 62, 227, 227, 221, 113, 47, 47, 94, 151, 132, 132, 19, 245, 83, 83, 166, 104, 209, 209, 185, 0, 0, 0, 0, 44, 237, 237, 193, 96, 32, 32, 64, 31, 252, 252, 227, 200, 177, 177, 121, 237, 91, 91, 182, 190, 106, 106, 212, 70, 203, 203, 141, 217, 190, 190, 103, 75, 57, 57, 114, 222, 74, 74, 148, 212, 76, 76, 152, 232, 88, 88, 176, 74, 207, 207, 133, 107, 208, 208, 187, 42, 239, 239, 197, 229, 170, 170, 79, 22, 251, 251, 237, 197, 67, 67, 134, 215, 77, 77, 154, 85, 51, 51, 102, 148, 133, 133, 17, 207, 69, 69, 138, 16, 249, 249, 233, 6, 2, 2, 4, 129, 127, 127, 254, 240, 80, 80, 160, 68, 60, 60, 120, 186, 159, 159, 37, 227, 168, 168, 75, 243, 81, 81, 162, 254, 163, 163, 93, 192, 64, 64, 128, 138, 143, 143, 5, 173, 146, 146, 63, 188, 157, 157, 33, 72, 56, 56, 112, 4, 245, 245, 241, 223, 188, 188, 99, 193, 182, 182, 119, 117, 218, 218, 175, 99, 33, 33, 66, 48, 16, 16, 32, 26, 255, 255, 229, 14, 243, 243, 253, 109, 210, 210, 191, 76, 205, 205, 129, 20, 12, 12, 24, 53, 19, 19, 38, 47, 236, 236, 195, 225, 95, 95, 190, 162, 151, 151, 53, 204, 68, 68, 136, 57, 23, 23, 46, 87, 196, 196, 147, 242, 167, 167, 85, 130, 126, 126, 252, 71, 61, 61, 122, 172, 100, 100, 200, 231, 93, 93, 186, 43, 25, 25, 50, 149, 115, 115, 230, 160, 96, 96, 192, 152, 129, 129, 25, 209, 79, 79, 158, 127, 220, 220, 163, 102, 34, 34, 68, 126, 42, 42, 84, 171, 144, 144, 59, 131, 136, 136, 11, 202, 70, 70, 140, 41, 238, 238, 199, 211, 184, 184, 107, 60, 20, 20, 40, 121, 222, 222, 167, 226, 94, 94, 188, 29, 11, 11, 22, 118, 219, 219, 173, 59, 224, 224, 219, 86, 50, 50, 100, 78, 58, 58, 116, 30, 10, 10, 20, 219, 73, 73, 146, 10, 6, 6, 12, 108, 36, 36, 72, 228, 92, 92, 184, 93, 194, 194, 159, 110, 211, 211, 189, 239, 172, 172, 67, 166, 98, 98, 196, 168, 145, 145, 57, 164, 149, 149, 49, 55, 228, 228, 211, 139, 121, 121, 242, 50, 231, 231, 213, 67, 200, 200, 139, 89, 55, 55, 110, 183, 109, 109, 218, 140, 141, 141, 1, 100, 213, 213, 177, 210, 78, 78, 156, 224, 169, 169, 73, 180, 108, 108, 216, 250, 86, 86, 172, 7, 244, 244, 243, 37, 234, 234, 207, 175, 101, 101, 202, 142, 122, 122, 244, 233, 174, 174, 71, 24, 8, 8, 16, 213, 186, 186, 111, 136, 120, 120, 240, 111, 37, 37, 74, 114, 46, 46, 92, 36, 28, 28, 56, 241, 166, 166, 87, 199, 180, 180, 115, 81, 198, 198, 151, 35, 232, 232, 203, 124, 221, 221, 161, 156, 116, 116, 232, 33, 31, 31, 62, 221, 75, 75, 150, 220, 189, 189, 97, 134, 139, 139, 13, 133, 138, 138, 15, 144, 112, 112, 224, 66, 62, 62, 124, 196, 181, 181, 113, 170, 102, 102, 204, 216, 72, 72, 144, 5, 3, 3, 6, 1, 246, 246, 247, 18, 14, 14, 28, 163, 97, 97, 194, 95, 53, 53, 106, 249, 87, 87, 174, 208, 185, 185, 105, 145, 134, 134, 23, 88, 193, 193, 153, 39, 29, 29, 58, 185, 158, 158, 39, 56, 225, 225, 217, 19, 248, 248, 235, 179, 152, 152, 43, 51, 17, 17, 34, 187, 105, 105, 210, 112, 217, 217, 169, 137, 142, 142, 7, 167, 148, 148, 51, 182, 155, 155, 45, 34, 30, 30, 60, 146, 135, 135, 21, 32, 233, 233, 201, 73, 206, 206, 135, 255, 85, 85, 170, 120, 40, 40, 80, 122, 223, 223, 165, 143, 140, 140, 3, 248, 161, 161, 89, 128, 137, 137, 9, 23, 13, 13, 26, 218, 191, 191, 101, 49, 230, 230, 215, 198, 66, 66, 132, 184, 104, 104, 208, 195, 65, 65, 130, 176, 153, 153, 41, 119, 45, 45, 90, 17, 15, 15, 30, 203, 176, 176, 123, 252, 84, 84, 168, 214, 187, 187, 109, 58, 22, 22, 44};
.visible .const .align 4 .b8 Te1[1024] = {99, 99, 198, 165, 124, 124, 248, 132, 119, 119, 238, 153, 123, 123, 246, 141, 242, 242, 255, 13, 107, 107, 214, 189, 111, 111, 222, 177, 197, 197, 145, 84, 48, 48, 96, 80, 1, 1, 2, 3, 103, 103, 206, 169, 43, 43, 86, 125, 254, 254, 231, 25, 215, 215, 181, 98, 171, 171, 77, 230, 118, 118, 236, 154, 202, 202, 143, 69, 130, 130, 31, 157, 201, 201, 137, 64, 125, 125, 250, 135, 250, 250, 239, 21, 89, 89, 178, 235, 71, 71, 142, 201, 240, 240, 251, 11, 173, 173, 65, 236, 212, 212, 179, 103, 162, 162, 95, 253, 175, 175, 69, 234, 156, 156, 35, 191, 164, 164, 83, 247, 114, 114, 228, 150, 192, 192, 155, 91, 183, 183, 117, 194, 253, 253, 225, 28, 147, 147, 61, 174, 38, 38, 76, 106, 54, 54, 108, 90, 63, 63, 126, 65, 247, 247, 245, 2, 204, 204, 131, 79, 52, 52, 104, 92, 165, 165, 81, 244, 229, 229, 209, 52, 241, 241, 249, 8, 113, 113, 226, 147, 216, 216, 171, 115, 49, 49, 98, 83, 21, 21, 42, 63, 4, 4, 8, 12, 199, 199, 149, 82, 35, 35, 70, 101, 195, 195, 157, 94, 24, 24, 48, 40, 150, 150, 55, 161, 5, 5, 10, 15, 154, 154, 47, 181, 7, 7, 14, 9, 18, 18, 36, 54, 128, 128, 27, 155, 226, 226, 223, 61, 235, 235, 205, 38, 39, 39, 78, 105, 178, 178, 127, 205, 117, 117, 234, 159, 9, 9, 18, 27, 131, 131, 29, 158, 44, 44, 88, 116, 26, 26, 52, 46, 27, 27, 54, 45, 110, 110, 220, 178, 90, 90, 180, 238, 160, 160, 91, 251, 82, 82, 164, 246, 59, 59, 118, 77, 214, 214, 183, 97, 179, 179, 125, 206, 41, 41, 82, 123, 227, 227, 221, 62, 47, 47, 94, 113, 132, 132, 19, 151, 83, 83, 166, 245, 209, 209, 185, 104, 0, 0, 0, 0, 237, 237, 193, 44, 32, 32, 64, 96, 252, 252, 227, 31, 177, 177, 121, 200, 91, 91, 182, 237, 106, 106, 212, 190, 203, 203, 141, 70, 190, 190, 103, 217, 57, 57, 114, 75, 74, 74, 148, 222, 76, 76, 152, 212, 88, 88, 176, 232, 207, 207, 133, 74, 208, 208, 187, 107, 239, 239, 197, 42, 170, 170, 79, 229, 251, 251, 237, 22, 67, 67, 134, 197, 77, 77, 154, 215, 51, 51, 102, 85, 133, 133, 17, 148, 69, 69, 138, 207, 249, 249, 233, 16, 2, 2, 4, 6, 127, 127, 254, 129, 80, 80, 160, 240, 60, 60, 120, 68, 159, 159, 37, 186, 168, 168, 75, 227, 81, 81, 162, 243, 163, 163, 93, 254, 64, 64, 128, 192, 143, 143, 5, 138, 146, 146, 63, 173, 157, 157, 33, 188, 56, 56, 112, 72, 245, 245, 241, 4, 188, 188, 99, 223, 182, 182, 119, 193, 218, 218, 175, 117, 33, 33, 66, 99, 16, 16, 32, 48, 255, 255, 229, 26, 243, 243, 253, 14, 210, 210, 191, 109, 205, 205, 129, 76, 12, 12, 24, 20, 19, 19, 38, 53, 236, 236, 195, 47, 95, 95, 190, 225, 151, 151, 53, 162, 68, 68, 136, 204, 23, 23, 46, 57, 196, 196, 147, 87, 167, 167, 85, 242, 126, 126, 252, 130, 61, 61, 122, 71, 100, 100, 200, 172, 93, 93, 186, 231, 25, 25, 50, 43, 115, 115, 230, 149, 96, 96, 192, 160, 129, 129, 25, 152, 79, 79, 158, 209, 220, 220, 163, 127, 34, 34, 68, 102, 42, 42, 84, 126, 144, 144, 59, 171, 136, 136, 11, 131, 70, 70, 140, 202, 238, 238, 199, 41, 184, 184, 107, 211, 20, 20, 40, 60, 222, 222, 167, 121, 94, 94, 188, 226, 11, 11, 22, 29, 219, 219, 173, 118, 224, 224, 219, 59, 50, 50, 100, 86, 58, 58, 116, 78, 10, 10, 20, 30, 73, 73, 146, 219, 6, 6, 12, 10, 36, 36, 72, 108, 92, 92, 184, 228, 194, 194, 159, 93, 211, 211, 189, 110, 172, 172, 67, 239, 98, 98, 196, 166, 145, 145, 57, 168, 149, 149, 49, 164, 228, 228, 211, 55, 121, 121, 242, 139, 231, 231, 213, 50, 200, 200, 139, 67, 55, 55, 110, 89, 109, 109, 218, 183, 141, 141, 1, 140, 213, 213, 177, 100, 78, 78, 156, 210, 169, 169, 73, 224, 108, 108, 216, 180, 86, 86, 172, 250, 244, 244, 243, 7, 234, 234, 207, 37, 101, 101, 202, 175, 122, 122, 244, 142, 174, 174, 71, 233, 8, 8, 16, 24, 186, 186, 111, 213, 120, 120, 240, 136, 37, 37, 74, 111, 46, 46, 92, 114, 28, 28, 56, 36, 166, 166, 87, 241, 180, 180, 115, 199, 198, 198, 151, 81, 232, 232, 203, 35, 221, 221, 161, 124, 116, 116, 232, 156, 31, 31, 62, 33, 75, 75, 150, 221, 189, 189, 97, 220, 139, 139, 13, 134, 138, 138, 15, 133, 112, 112, 224, 144, 62, 62, 124, 66, 181, 181, 113, 196, 102, 102, 204, 170, 72, 72, 144, 216, 3, 3, 6, 5, 246, 246, 247, 1, 14, 14, 28, 18, 97, 97, 194, 163, 53, 53, 106, 95, 87, 87, 174, 249, 185, 185, 105, 208, 134, 134, 23, 145, 193, 193, 153, 88, 29, 29, 58, 39, 158, 158, 39, 185, 225, 225, 217, 56, 248, 248, 235, 19, 152, 152, 43, 179, 17, 17, 34, 51, 105, 105, 210, 187, 217, 217, 169, 112, 142, 142, 7, 137, 148, 148, 51, 167, 155, 155, 45, 182, 30, 30, 60, 34, 135, 135, 21, 146, 233, 233, 201, 32, 206, 206, 135, 73, 85, 85, 170, 255, 40, 40, 80, 120, 223, 223, 165, 122, 140, 140, 3, 143, 161, 161, 89, 248, 137, 137, 9, 128, 13, 13, 26, 23, 191, 191, 101, 218, 230, 230, 215, 49, 66, 66, 132, 198, 104, 104, 208, 184, 65, 65, 130, 195, 153, 153, 41, 176, 45, 45, 90, 119, 15, 15, 30, 17, 176, 176, 123, 203, 84, 84, 168, 252, 187, 187, 109, 214, 22, 22, 44, 58};
.visible .const .align 4 .b8 Te2[1024] = {99, 198, 165, 99, 124, 248, 132, 124, 119, 238, 153, 119, 123, 246, 141, 123, 242, 255, 13, 242, 107, 214, 189, 107, 111, 222, 177, 111, 197, 145, 84, 197, 48, 96, 80, 48, 1, 2, 3, 1, 103, 206, 169, 103, 43, 86, 125, 43, 254, 231, 25, 254, 215, 181, 98, 215, 171, 77, 230, 171, 118, 236, 154, 118, 202, 143, 69, 202, 130, 31, 157, 130, 201, 137, 64, 201, 125, 250, 135, 125, 250, 239, 21, 250, 89, 178, 235, 89, 71, 142, 201, 71, 240, 251, 11, 240, 173, 65, 236, 173, 212, 179, 103, 212, 162, 95, 253, 162, 175, 69, 234, 175, 156, 35, 191, 156, 164, 83, 247, 164, 114, 228, 150, 114, 192, 155, 91, 192, 183, 117, 194, 183, 253, 225, 28, 253, 147, 61, 174, 147, 38, 76, 106, 38, 54, 108, 90, 54, 63, 126, 65, 63, 247, 245, 2, 247, 204, 131, 79, 204, 52, 104, 92, 52, 165, 81, 244, 165, 229, 209, 52, 229, 241, 249, 8, 241, 113, 226, 147, 113, 216, 171, 115, 216, 49, 98, 83, 49, 21, 42, 63, 21, 4, 8, 12, 4, 199, 149, 82, 199, 35, 70, 101, 35, 195, 157, 94, 195, 24, 48, 40, 24, 150, 55, 161, 150, 5, 10, 15, 5, 154, 47, 181, 154, 7, 14, 9, 7, 18, 36, 54, 18, 128, 27, 155, 128, 226, 223, 61, 226, 235, 205, 38, 235, 39, 78, 105, 39, 178, 127, 205, 178, 117, 234, 159, 117, 9, 18, 27, 9, 131, 29, 158, 131, 44, 88, 116, 44, 26, 52, 46, 26, 27, 54, 45, 27, 110, 220, 178, 110, 90, 180, 238, 90, 160, 91, 251, 160, 82, 164, 246, 82, 59, 118, 77, 59, 214, 183, 97, 214, 179, 125, 206, 179, 41, 82, 123, 41, 227, 221, 62, 227, 47, 94, 113, 47, 132, 19, 151, 132, 83, 166, 245, 83, 209, 185, 104, 209, 0, 0, 0, 0, 237, 193, 44, 237, 32, 64, 96, 32, 252, 227, 31, 252, 177, 121, 200, 177, 91, 182, 237, 91, 106, 212, 190, 106, 203, 141, 70, 203, 190, 103, 217, 190, 57, 114, 75, 57, 74, 148, 222, 74, 76, 152, 212, 76, 88, 176, 232, 88, 207, 133, 74, 207, 208, 187, 107, 208, 239, 197, 42, 239, 170, 79, 229, 170, 251, 237, 22, 251, 67, 134, 197, 67, 77, 154, 215, 77, 51, 102, 85, 51, 133, 17, 148, 133, 69, 138, 207, 69, 249, 233, 16, 249, 2, 4, 6, 2, 127, 254, 129, 127, 80, 160, 240, 80, 60, 120, 68, 60, 159, 37, 186, 159, 168, 75, 227, 168, 81, 162, 243, 81, 163, 93, 254, 163, 64, 128, 192, 64, 143, 5, 138, 143, 146, 63, 173, 146, 157, 33, 188, 157, 56, 112, 72, 56, 245, 241, 4, 245, 188, 99, 223, 188, 182, 119, 193, 182, 218, 175, 117, 218, 33, 66, 99, 33, 16, 32, 48, 16, 255, 229, 26, 255, 243, 253, 14, 243, 210, 191, 109, 210, 205, 129, 76, 205, 12, 24, 20, 12, 19, 38, 53, 19, 236, 195, 47, 236, 95, 190, 225, 95, 151, 53, 162, 151, 68, 136, 204, 68, 23, 46, 57, 23, 196, 147, 87, 196, 167, 85, 242, 167, 126, 252, 130, 126, 61, 122, 71, 61, 100, 200, 172, 100, 93, 186, 231, 93, 25, 50, 43, 25, 115, 230, 149, 115, 96, 192, 160, 96, 129, 25, 152, 129, 79, 158, 209, 79, 220, 163, 127, 220, 34, 68, 102, 34, 42, 84, 126, 42, 144, 59, 171, 144, 136, 11, 131, 136, 70, 140, 202, 70, 238, 199, 41, 238, 184, 107, 211, 184, 20, 40, 60, 20, 222, 167, 121, 222, 94, 188, 226, 94, 11, 22, 29, 11, 219, 173, 118, 219, 224, 219, 59, 224, 50, 100, 86, 50, 58, 116, 78, 58, 10, 20, 30, 10, 73, 146, 219, 73, 6, 12, 10, 6, 36, 72, 108, 36, 92, 184, 228, 92, 194, 159, 93, 194, 211, 189, 110, 211, 172, 67, 239, 172, 98, 196, 166, 98, 145, 57, 168, 145, 149, 49, 164, 149, 228, 211, 55, 228, 121, 242, 139, 121, 231, 213, 50, 231, 200, 139, 67, 200, 55, 110, 89, 55, 109, 218, 183, 109, 141, 1, 140, 141, 213, 177, 100, 213, 78, 156, 210, 78, 169, 73, 224, 169, 108, 216, 180, 108, 86, 172, 250, 86, 244, 243, 7, 244, 234, 207, 37, 234, 101, 202, 175, 101, 122, 244, 142, 122, 174, 71, 233, 174, 8, 16, 24, 8, 186, 111, 213, 186, 120, 240, 136, 120, 37, 74, 111, 37, 46, 92, 114, 46, 28, 56, 36, 28, 166, 87, 241, 166, 180, 115, 199, 180, 198, 151, 81, 198, 232, 203, 35, 232, 221, 161, 124, 221, 116, 232, 156, 116, 31, 62, 33, 31, 75, 150, 221, 75, 189, 97, 220, 189, 139, 13, 134, 139, 138, 15, 133, 138, 112, 224, 144, 112, 62, 124, 66, 62, 181, 113, 196, 181, 102, 204, 170, 102, 72, 144, 216, 72, 3, 6, 5, 3, 246, 247, 1, 246, 14, 28, 18, 14, 97, 194, 163, 97, 53, 106, 95, 53, 87, 174, 249, 87, 185, 105, 208, 185, 134, 23, 145, 134, 193, 153, 88, 193, 29, 58, 39, 29, 158, 39, 185, 158, 225, 217, 56, 225, 248, 235, 19, 248, 152, 43, 179, 152, 17, 34, 51, 17, 105, 210, 187, 105, 217, 169, 112, 217, 142, 7, 137, 142, 148, 51, 167, 148, 155, 45, 182, 155, 30, 60, 34, 30, 135, 21, 146, 135, 233, 201, 32, 233, 206, 135, 73, 206, 85, 170, 255, 85, 40, 80, 120, 40, 223, 165, 122, 223, 140, 3, 143, 140, 161, 89, 248, 161, 137, 9, 128, 137, 13, 26, 23, 13, 191, 101, 218, 191, 230, 215, 49, 230, 66, 132, 198, 66, 104, 208, 184, 104, 65, 130, 195, 65, 153, 41, 176, 153, 45, 90, 119, 45, 15, 30, 17, 15, 176, 123, 203, 176, 84, 168, 252, 84, 187, 109, 214, 187, 22, 44, 58, 22};
.visible .const .align 4 .b8 Te3[1024] = {198, 165, 99, 99, 248, 132, 124, 124, 238, 153, 119, 119, 246, 141, 123, 123, 255, 13, 242, 242, 214, 189, 107, 107, 222, 177, 111, 111, 145, 84, 197, 197, 96, 80, 48, 48, 2, 3, 1, 1, 206, 169, 103, 103, 86, 125, 43, 43, 231, 25, 254, 254, 181, 98, 215, 215, 77, 230, 171, 171, 236, 154, 118, 118, 143, 69, 202, 202, 31, 157, 130, 130, 137, 64, 201, 201, 250, 135, 125, 125, 239, 21, 250, 250, 178, 235, 89, 89, 142, 201, 71, 71, 251, 11, 240, 240, 65, 236, 173, 173, 179, 103, 212, 212, 95, 253, 162, 162, 69, 234, 175, 175, 35, 191, 156, 156, 83, 247, 164, 164, 228, 150, 114, 114, 155, 91, 192, 192, 117, 194, 183, 183, 225, 28, 253, 253, 61, 174, 147, 147, 76, 106, 38, 38, 108, 90, 54, 54, 126, 65, 63, 63, 245, 2, 247, 247, 131, 79, 204, 204, 104, 92, 52, 52, 81, 244, 165, 165, 209, 52, 229, 229, 249, 8, 241, 241, 226, 147, 113, 113, 171, 115, 216, 216, 98, 83, 49, 49, 42, 63, 21, 21, 8, 12, 4, 4, 149, 82, 199, 199, 70, 101, 35, 35, 157, 94, 195, 195, 48, 40, 24, 24, 55, 161, 150, 150, 10, 15, 5, 5, 47, 181, 154, 154, 14, 9, 7, 7, 36, 54, 18, 18, 27, 155, 128, 128, 223, 61, 226, 226, 205, 38, 235, 235, 78, 105, 39, 39, 127, 205, 178, 178, 234, 159, 117, 117, 18, 27, 9, 9, 29, 158, 131, 131, 88, 116, 44, 44, 52, 46, 26, 26, 54, 45, 27, 27, 220, 178, 110, 110, 180, 238, 90, 90, 91, 251, 160, 160, 164, 246, 82, 82, 118, 77, 59, 59, 183, 97, 214, 214, 125, 206, 179, 179, 82, 123, 41, 41, 221, 62, 227, 227, 94, 113, 47, 47, 19, 151, 132, 132, 166, 245, 83, 83, 185, 104, 209, 209, 0, 0, 0, 0, 193, 44, 237, 237, 64, 96, 32, 32, 227, 31, 252, 252, 121, 200, 177, 177, 182, 237, 91, 91, 212, 190, 106, 106, 141, 70, 203, 203, 103, 217, 190, 190, 114, 75, 57, 57, 148, 222, 74, 74, 152, 212, 76, 76, 176, 232, 88, 88, 133, 74, 207, 207, 187, 107, 208, 208, 197, 42, 239, 239, 79, 229, 170, 170, 237, 22, 251, 251, 134, 197, 67, 67, 154, 215, 77, 77, 102, 85, 51, 51, 17, 148, 133, 133, 138, 207, 69, 69, 233, 16, 249, 249, 4, 6, 2, 2, 254, 129, 127, 127, 160, 240, 80, 80, 120, 68, 60, 60, 37, 186, 159, 159, 75, 227, 168, 168, 162, 243, 81, 81, 93, 254, 163, 163, 128, 192, 64, 64, 5, 138, 143, 143, 63, 173, 146, 146, 33, 188, 157, 157, 112, 72, 56, 56, 241, 4, 245, 245, 99, 223, 188, 188, 119, 193, 182, 182, 175, 117, 218, 218, 66, 99, 33, 33, 32, 48, 16, 16, 229, 26, 255, 255, 253, 14, 243, 243, 191, 109, 210, 210, 129, 76, 205, 205, 24, 20, 12, 12, 38, 53, 19, 19, 195, 47, 236, 236, 190, 225, 95, 95, 53, 162, 151, 151, 136, 204, 68, 68, 46, 57, 23, 23, 147, 87, 196, 196, 85, 242, 167, 167, 252, 130, 126, 126, 122, 71, 61, 61, 200, 172, 100, 100, 186, 231, 93, 93, 50, 43, 25, 25, 230, 149, 115, 115, 192, 160, 96, 96, 25, 152, 129, 129, 158, 209, 79, 79, 163, 127, 220, 220, 68, 102, 34, 34, 84, 126, 42, 42, 59, 171, 144, 144, 11, 131, 136, 136, 140, 202, 70, 70, 199, 41, 238, 238, 107, 211, 184, 184, 40, 60, 20, 20, 167, 121, 222, 222, 188, 226, 94, 94, 22, 29, 11, 11, 173, 118, 219, 219, 219, 59, 224, 224, 100, 86, 50, 50, 116, 78, 58, 58, 20, 30, 10, 10, 146, 219, 73, 73, 12, 10, 6, 6, 72, 108, 36, 36, 184, 228, 92, 92, 159, 93, 194, 194, 189, 110, 211, 211, 67, 239, 172, 172, 196, 166, 98, 98, 57, 168, 145, 145, 49, 164, 149, 149, 211, 55, 228, 228, 242, 139, 121, 121, 213, 50, 231, 231, 139, 67, 200, 200, 110, 89, 55, 55, 218, 183, 109, 109, 1, 140, 141, 141, 177, 100, 213, 213, 156, 210, 78, 78, 73, 224, 169, 169, 216, 180, 108, 108, 172, 250, 86, 86, 243, 7, 244, 244, 207, 37, 234, 234, 202, 175, 101, 101, 244, 142, 122, 122, 71, 233, 174, 174, 16, 24, 8, 8, 111, 213, 186, 186, 240, 136, 120, 120, 74, 111, 37, 37, 92, 114, 46, 46, 56, 36, 28, 28, 87, 241, 166, 166, 115, 199, 180, 180, 151, 81, 198, 198, 203, 35, 232, 232, 161, 124, 221, 221, 232, 156, 116, 116, 62, 33, 31, 31, 150, 221, 75, 75, 97, 220, 189, 189, 13, 134, 139, 139, 15, 133, 138, 138, 224, 144, 112, 112, 124, 66, 62, 62, 113, 196, 181, 181, 204, 170, 102, 102, 144, 216, 72, 72, 6, 5, 3, 3, 247, 1, 246, 246, 28, 18, 14, 14, 194, 163, 97, 97, 106, 95, 53, 53, 174, 249, 87, 87, 105, 208, 185, 185, 23, 145, 134, 134, 153, 88, 193, 193, 58, 39, 29, 29, 39, 185, 158, 158, 217, 56, 225, 225, 235, 19, 248, 248, 43, 179, 152, 152, 34, 51, 17, 17, 210, 187, 105, 105, 169, 112, 217, 217, 7, 137, 142, 142, 51, 167, 148, 148, 45, 182, 155, 155, 60, 34, 30, 30, 21, 146, 135, 135, 201, 32, 233, 233, 135, 73, 206, 206, 170, 255, 85, 85, 80, 120, 40, 40, 165, 122, 223, 223, 3, 143, 140, 140, 89, 248, 161, 161, 9, 128, 137, 137, 26, 23, 13, 13, 101, 218, 191, 191, 215, 49, 230, 230, 132, 198, 66, 66, 208, 184, 104, 104, 130, 195, 65, 65, 41, 176, 153, 153, 90, 119, 45, 45, 30, 17, 15, 15, 123, 203, 176, 176, 168, 252, 84, 84, 109, 214, 187, 187, 44, 58, 22, 22};
.visible .const .align 4 .b8 Te4[1024] = {99, 99, 99, 99, 124, 124, 124, 124, 119, 119, 119, 119, 123, 123, 123, 123, 242, 242, 242, 242, 107, 107, 107, 107, 111, 111, 111, 111, 197, 197, 197, 197, 48, 48, 48, 48, 1, 1, 1, 1, 103, 103, 103, 103, 43, 43, 43, 43, 254, 254, 254, 254, 215, 215, 215, 215, 171, 171, 171, 171, 118, 118, 118, 118, 202, 202, 202, 202, 130, 130, 130, 130, 201, 201, 201, 201, 125, 125, 125, 125, 250, 250, 250, 250, 89, 89, 89, 89, 71, 71, 71, 71, 240, 240, 240, 240, 173, 173, 173, 173, 212, 212, 212, 212, 162, 162, 162, 162, 175, 175, 175, 175, 156, 156, 156, 156, 164, 164, 164, 164, 114, 114, 114, 114, 192, 192, 192, 192, 183, 183, 183, 183, 253, 253, 253, 253, 147, 147, 147, 147, 38, 38, 38, 38, 54, 54, 54, 54, 63, 63, 63, 63, 247, 247, 247, 247, 204, 204, 204, 204, 52, 52, 52, 52, 165, 165, 165, 165, 229, 229, 229, 229, 241, 241, 241, 241, 113, 113, 113, 113, 216, 216, 216, 216, 49, 49, 49, 49, 21, 21, 21, 21, 4, 4, 4, 4, 199, 199, 199, 199, 35, 35, 35, 35, 195, 195, 195, 195, 24, 24, 24, 24, 150, 150, 150, 150, 5, 5, 5, 5, 154, 154, 154, 154, 7, 7, 7, 7, 18, 18, 18, 18, 128, 128, 128, 128, 226, 226, 226, 226, 235, 235, 235, 235, 39, 39, 39, 39, 178, 178, 178, 178, 117, 117, 117, 117, 9, 9, 9, 9, 131, 131, 131, 131, 44, 44, 44, 44, 26, 26, 26, 26, 27, 27, 27, 27, 110, 110, 110, 110, 90, 90, 90, 90, 160, 160, 160, 160, 82, 82, 82, 82, 59, 59, 59, 59, 214, 214, 214, 214, 179, 179, 179, 179, 41, 41, 41, 41, 227, 227, 227, 227, 47, 47, 47, 47, 132, 132, 132, 132, 83, 83, 83, 83, 209, 209, 209, 209, 0, 0, 0, 0, 237, 237, 237, 237, 32, 32, 32, 32, 252, 252, 252, 252, 177, 177, 177, 177, 91, 91, 91, 91, 106, 106, 106, 106, 203, 203, 203, 203, 190, 190, 190, 190, 57, 57, 57, 57, 74, 74, 74, 74, 76, 76, 76, 76, 88, 88, 88, 88, 207, 207, 207, 207, 208, 208, 208, 208, 239, 239, 239, 239, 170, 170, 170, 170, 251, 251, 251, 251, 67, 67, 67, 67, 77, 77, 77, 77, 51, 51, 51, 51, 133, 133, 133, 133, 69, 69, 69, 69, 249, 249, 249, 249, 2, 2, 2, 2, 127, 127, 127, 127, 80, 80, 80, 80, 60, 60, 60, 60, 159, 159, 159, 159, 168, 168, 168, 168, 81, 81, 81, 81, 163, 163, 163, 163, 64, 64, 64, 64, 143, 143, 143, 143, 146, 146, 146, 146, 157, 157, 157, 157, 56, 56, 56, 56, 245, 245, 245, 245, 188, 188, 188, 188, 182, 182, 182, 182, 218, 218, 218, 218, 33, 33, 33, 33, 16, 16, 16, 16, 255, 255, 255, 255, 243, 243, 243, 243, 210, 210, 210, 210, 205, 205, 205, 205, 12, 12, 12, 12, 19, 19, 19, 19, 236, 236, 236, 236, 95, 95, 95, 95, 151, 151, 151, 151, 68, 68, 68, 68, 23, 23, 23, 23, 196, 196, 196, 196, 167, 167, 167, 167, 126, 126, 126, 126, 61, 61, 61, 61, 100, 100, 100, 100, 93, 93, 93, 93, 25, 25, 25, 25, 115, 115, 115, 115, 96, 96, 96, 96, 129, 129, 129, 129, 79, 79, 79, 79, 220, 220, 220, 220, 34, 34, 34, 34, 42, 42, 42, 42, 144, 144, 144, 144, 136, 136, 136, 136, 70, 70, 70, 70, 238, 238, 238, 238, 184, 184, 184, 184, 20, 20, 20, 20, 222, 222, 222, 222, 94, 94, 94, 94, 11, 11, 11, 11, 219, 219, 219, 219, 224, 224, 224, 224, 50, 50, 50, 50, 58, 58, 58, 58, 10, 10, 10, 10, 73, 73, 73, 73, 6, 6, 6, 6, 36, 36, 36, 36, 92, 92, 92, 92, 194, 194, 194, 194, 211, 211, 211, 211, 172, 172, 172, 172, 98, 98, 98, 98, 145, 145, 145, 145, 149, 149, 149, 149, 228, 228, 228, 228, 121, 121, 121, 121, 231, 231, 231, 231, 200, 200, 200, 200, 55, 55, 55, 55, 109, 109, 109, 109, 141, 141, 141, 141, 213, 213, 213, 213, 78, 78, 78, 78, 169, 169, 169, 169, 108, 108, 108, 108, 86, 86, 86, 86, 244, 244, 244, 244, 234, 234, 234, 234, 101, 101, 101, 101, 122, 122, 122, 122, 174, 174, 174, 174, 8, 8, 8, 8, 186, 186, 186, 186, 120, 120, 120, 120, 37, 37, 37, 37, 46, 46, 46, 46, 28, 28, 28, 28, 166, 166, 166, 166, 180, 180, 180, 180, 198, 198, 198, 198, 232, 232, 232, 232, 221, 221, 221, 221, 116, 116, 116, 116, 31, 31, 31, 31, 75, 75, 75, 75, 189, 189, 189, 189, 139, 139, 139, 139, 138, 138, 138, 138, 112, 112, 112, 112, 62, 62, 62, 62, 181, 181, 181, 181, 102, 102, 102, 102, 72, 72, 72, 72, 3, 3, 3, 3, 246, 246, 246, 246, 14, 14, 14, 14, 97, 97, 97, 97, 53, 53, 53, 53, 87, 87, 87, 87, 185, 185, 185, 185, 134, 134, 134, 134, 193, 193, 193, 193, 29, 29, 29, 29, 158, 158, 158, 158, 225, 225, 225, 225, 248, 248, 248, 248, 152, 152, 152, 152, 17, 17, 17, 17, 105, 105, 105, 105, 217, 217, 217, 217, 142, 142, 142, 142, 148, 148, 148, 148, 155, 155, 155, 155, 30, 30, 30, 30, 135, 135, 135, 135, 233, 233, 233, 233, 206, 206, 206, 206, 85, 85, 85, 85, 40, 40, 40, 40, 223, 223, 223, 223, 140, 140, 140, 140, 161, 161, 161, 161, 137, 137, 137, 137, 13, 13, 13, 13, 191, 191, 191, 191, 230, 230, 230, 230, 66, 66, 66, 66, 104, 104, 104, 104, 65, 65, 65, 65, 153, 153, 153, 153, 45, 45, 45, 45, 15, 15, 15, 15, 176, 176, 176, 176, 84, 84, 84, 84, 187, 187, 187, 187, 22, 22, 22, 22};
.extern .shared .align 4 .b8 shr_1_lTe0[1024];
.extern .shared .align 4 .b8 shr_2_lTe1[1024];
.extern .shared .align 4 .b8 shr_3_lTe2[1024];
.extern .shared .align 4 .b8 shr_4_lTe3[1024];
.extern .shared .align 4 .b8 shr_5_lTe4[1024];
.extern .shared .align 16 .b8 shr_6_lroundkeys[240];

.entry aes_vector_unroll_local_roundkeys_local_tables(
	.param .u32 .ptr .global .align 16 aes_vector_unroll_local_roundkeys_local_tables_param_0,
	.param .u32 .ptr .global .align 16 aes_vector_unroll_local_roundkeys_local_tables_param_1
)
{
	.reg .s32 	%r<1999>;


	ld.param.u32 	%r8, [aes_vector_unroll_local_roundkeys_local_tables_param_1];
	// inline asm
	mov.u32 	%r3, %envreg3;
	// inline asm
	// inline asm
	mov.u32 	%r4, %ntid.x;
	// inline asm
	// inline asm
	mov.u32 	%r5, %ctaid.x;
	// inline asm
	// inline asm
	mov.u32 	%r6, %tid.x;
	// inline asm
	add.s32 	%r9, %r6, %r3;
	mad.lo.s32 	%r2, %r5, %r4, %r9;
	// inline asm
	mov.u32 	%r7, %tid.x;
	// inline asm
	shl.b32 	%r10, %r7, 2;
	mov.u32 	%r11, Te0;
	add.s32 	%r12, %r11, %r10;
	mov.u32 	%r13, shr_1_lTe0;
	add.s32 	%r14, %r13, %r10;
	ld.const.u32 	%r15, [%r12];
	st.shared.u32 	[%r14], %r15;
	mov.u32 	%r16, Te1;
	add.s32 	%r17, %r16, %r10;
	mov.u32 	%r18, shr_2_lTe1;
	add.s32 	%r19, %r18, %r10;
	ld.const.u32 	%r20, [%r17];
	st.shared.u32 	[%r19], %r20;
	mov.u32 	%r21, Te2;
	add.s32 	%r22, %r21, %r10;
	mov.u32 	%r23, shr_3_lTe2;
	add.s32 	%r24, %r23, %r10;
	ld.const.u32 	%r25, [%r22];
	st.shared.u32 	[%r24], %r25;
	mov.u32 	%r26, Te3;
	add.s32 	%r27, %r26, %r10;
	mov.u32 	%r28, shr_4_lTe3;
	add.s32 	%r29, %r28, %r10;
	ld.const.u32 	%r30, [%r27];
	st.shared.u32 	[%r29], %r30;
	mov.u32 	%r31, Te4;
	add.s32 	%r32, %r31, %r10;
	mov.u32 	%r33, shr_5_lTe4;
	add.s32 	%r34, %r33, %r10;
	ld.const.u32 	%r35, [%r32];
	st.shared.u32 	[%r34], %r35;
	mul.hi.u32 	%r36, %r7, -2004318071;
	shr.u32 	%r37, %r36, 3;
	mul.lo.s32 	%r38, %r37, 15;
	sub.s32 	%r39, %r7, %r38;
	shl.b32 	%r40, %r39, 4;
	add.s32 	%r41, %r8, %r40;
	mov.u32 	%r42, shr_6_lroundkeys;
	add.s32 	%r43, %r42, %r40;
	ld.global.v4.u32 	{%r1994, %r1995, %r1996, %r1997}, [%r41];
	st.shared.v4.u32 	[%r43], {%r1994, %r1995, %r1996, %r1997};
	bar.sync 	0;
	shl.b32 	%r44, %r2, 4;
	ld.param.u32 	%r1998, [aes_vector_unroll_local_roundkeys_local_tables_param_0];
	add.s32 	%r45, %r1998, %r44;
	ld.global.v4.u32 	{%r954, %r955, %r956, %r957}, [%r45];
	mov.u32 	%r46, 24;
	shl.b32 	%r962, %r954, %r46;
	shl.b32 	%r963, %r955, %r46;
	shl.b32 	%r964, %r956, %r46;
	shl.b32 	%r965, %r957, %r46;
	mov.u32 	%r47, -16777216;
	and.b32  	%r970, %r962, %r47;
	and.b32  	%r971, %r963, %r47;
	and.b32  	%r972, %r964, %r47;
	and.b32  	%r973, %r965, %r47;
	mov.u32 	%r48, 8;
	shl.b32 	%r978, %r954, %r48;
	shl.b32 	%r979, %r955, %r48;
	shl.b32 	%r980, %r956, %r48;
	shl.b32 	%r981, %r957, %r48;
	mov.u32 	%r49, 16711680;
	and.b32  	%r986, %r978, %r49;
	and.b32  	%r987, %r979, %r49;
	and.b32  	%r988, %r980, %r49;
	and.b32  	%r989, %r981, %r49;
	or.b32  	%r990, %r970, %r986;
	or.b32  	%r991, %r971, %r987;
	or.b32  	%r992, %r972, %r988;
	or.b32  	%r993, %r973, %r989;
	shr.u32 	%r994, %r954, %r48;
	shr.u32 	%r995, %r955, %r48;
	shr.u32 	%r996, %r956, %r48;
	shr.u32 	%r997, %r957, %r48;
	mov.u32 	%r50, 65280;
	and.b32  	%r1002, %r994, %r50;
	and.b32  	%r1003, %r995, %r50;
	and.b32  	%r1004, %r996, %r50;
	and.b32  	%r1005, %r997, %r50;
	or.b32  	%r1006, %r990, %r1002;
	or.b32  	%r1007, %r991, %r1003;
	or.b32  	%r1008, %r992, %r1004;
	or.b32  	%r1009, %r993, %r1005;
	shr.u32 	%r1010, %r954, %r46;
	shr.u32 	%r1011, %r955, %r46;
	shr.u32 	%r1012, %r956, %r46;
	shr.u32 	%r1013, %r957, %r46;
	mov.u32 	%r51, 255;
	and.b32  	%r1018, %r1010, %r51;
	and.b32  	%r1019, %r1011, %r51;
	and.b32  	%r1020, %r1012, %r51;
	and.b32  	%r1021, %r1013, %r51;
	or.b32  	%r1022, %r1006, %r1018;
	or.b32  	%r1023, %r1007, %r1019;
	or.b32  	%r1024, %r1008, %r1020;
	or.b32  	%r1025, %r1009, %r1021;
	ld.shared.v4.u32 	{%r1026, %r1027, %r1028, %r1029}, [shr_6_lroundkeys];
	xor.b32  	%r1030, %r1022, %r1026;
	xor.b32  	%r1031, %r1023, %r1027;
	xor.b32  	%r1032, %r1024, %r1028;
	xor.b32  	%r1033, %r1025, %r1029;
	and.b32  	%r1034, %r1030, %r51;
	and.b32  	%r1035, %r1031, %r51;
	and.b32  	%r1036, %r1032, %r51;
	and.b32  	%r1037, %r1033, %r51;
	shr.u32 	%r1038, %r1030, %r48;
	shr.u32 	%r1039, %r1031, %r48;
	shr.u32 	%r1040, %r1032, %r48;
	shr.u32 	%r1041, %r1033, %r48;
	and.b32  	%r1042, %r1038, %r51;
	and.b32  	%r1043, %r1039, %r51;
	and.b32  	%r1044, %r1040, %r51;
	and.b32  	%r1045, %r1041, %r51;
	mov.u32 	%r52, 16;
	shr.u32 	%r1050, %r1030, %r52;
	shr.u32 	%r1051, %r1031, %r52;
	shr.u32 	%r1052, %r1032, %r52;
	shr.u32 	%r1053, %r1033, %r52;
	and.b32  	%r1054, %r1050, %r51;
	and.b32  	%r1055, %r1051, %r51;
	and.b32  	%r1056, %r1052, %r51;
	and.b32  	%r1057, %r1053, %r51;
	shr.u32 	%r1058, %r1030, %r46;
	shr.u32 	%r1059, %r1031, %r46;
	shr.u32 	%r1060, %r1032, %r46;
	shr.u32 	%r1061, %r1033, %r46;
	and.b32  	%r1062, %r1058, %r51;
	and.b32  	%r1063, %r1059, %r51;
	and.b32  	%r1064, %r1060, %r51;
	and.b32  	%r1065, %r1061, %r51;
	shl.b32 	%r54, %r1062, 2;
	add.s32 	%r56, %r13, %r54;
	ld.shared.u32 	%r57, [%r56];
	shl.b32 	%r59, %r1063, 2;
	add.s32 	%r60, %r13, %r59;
	ld.shared.u32 	%r61, [%r60];
	shl.b32 	%r63, %r1064, 2;
	add.s32 	%r64, %r13, %r63;
	ld.shared.u32 	%r65, [%r64];
	shl.b32 	%r67, %r1065, 2;
	add.s32 	%r68, %r13, %r67;
	ld.shared.u32 	%r69, [%r68];
	shl.b32 	%r71, %r1055, 2;
	add.s32 	%r73, %r18, %r71;
	ld.shared.u32 	%r74, [%r73];
	shl.b32 	%r76, %r1056, 2;
	add.s32 	%r77, %r18, %r76;
	ld.shared.u32 	%r78, [%r77];
	shl.b32 	%r80, %r1057, 2;
	add.s32 	%r81, %r18, %r80;
	ld.shared.u32 	%r82, [%r81];
	shl.b32 	%r84, %r1054, 2;
	add.s32 	%r85, %r18, %r84;
	ld.shared.u32 	%r86, [%r85];
	xor.b32  	%r1074, %r57, %r74;
	xor.b32  	%r1075, %r61, %r78;
	xor.b32  	%r1076, %r65, %r82;
	xor.b32  	%r1077, %r69, %r86;
	shl.b32 	%r88, %r1044, 2;
	add.s32 	%r90, %r23, %r88;
	ld.shared.u32 	%r91, [%r90];
	shl.b32 	%r93, %r1045, 2;
	add.s32 	%r94, %r23, %r93;
	ld.shared.u32 	%r95, [%r94];
	shl.b32 	%r97, %r1042, 2;
	add.s32 	%r98, %r23, %r97;
	ld.shared.u32 	%r99, [%r98];
	shl.b32 	%r101, %r1043, 2;
	add.s32 	%r102, %r23, %r101;
	ld.shared.u32 	%r103, [%r102];
	xor.b32  	%r1082, %r1074, %r91;
	xor.b32  	%r1083, %r1075, %r95;
	xor.b32  	%r1084, %r1076, %r99;
	xor.b32  	%r1085, %r1077, %r103;
	shl.b32 	%r105, %r1037, 2;
	add.s32 	%r107, %r28, %r105;
	ld.shared.u32 	%r108, [%r107];
	shl.b32 	%r110, %r1034, 2;
	add.s32 	%r111, %r28, %r110;
	ld.shared.u32 	%r112, [%r111];
	shl.b32 	%r114, %r1035, 2;
	add.s32 	%r115, %r28, %r114;
	ld.shared.u32 	%r116, [%r115];
	shl.b32 	%r118, %r1036, 2;
	add.s32 	%r119, %r28, %r118;
	ld.shared.u32 	%r120, [%r119];
	xor.b32  	%r1090, %r1082, %r108;
	xor.b32  	%r1091, %r1083, %r112;
	xor.b32  	%r1092, %r1084, %r116;
	xor.b32  	%r1093, %r1085, %r120;
	ld.shared.v4.u32 	{%r1094, %r1095, %r1096, %r1097}, [shr_6_lroundkeys+16];
	xor.b32  	%r1098, %r1090, %r1094;
	xor.b32  	%r1099, %r1091, %r1095;
	xor.b32  	%r1100, %r1092, %r1096;
	xor.b32  	%r1101, %r1093, %r1097;
	and.b32  	%r1102, %r1098, %r51;
	and.b32  	%r1103, %r1099, %r51;
	and.b32  	%r1104, %r1100, %r51;
	and.b32  	%r1105, %r1101, %r51;
	shr.u32 	%r1106, %r1098, %r48;
	shr.u32 	%r1107, %r1099, %r48;
	shr.u32 	%r1108, %r1100, %r48;
	shr.u32 	%r1109, %r1101, %r48;
	and.b32  	%r1110, %r1106, %r51;
	and.b32  	%r1111, %r1107, %r51;
	and.b32  	%r1112, %r1108, %r51;
	and.b32  	%r1113, %r1109, %r51;
	shr.u32 	%r1114, %r1098, %r52;
	shr.u32 	%r1115, %r1099, %r52;
	shr.u32 	%r1116, %r1100, %r52;
	shr.u32 	%r1117, %r1101, %r52;
	and.b32  	%r1118, %r1114, %r51;
	and.b32  	%r1119, %r1115, %r51;
	and.b32  	%r1120, %r1116, %r51;
	and.b32  	%r1121, %r1117, %r51;
	shr.u32 	%r1122, %r1098, %r46;
	shr.u32 	%r1123, %r1099, %r46;
	shr.u32 	%r1124, %r1100, %r46;
	shr.u32 	%r1125, %r1101, %r46;
	and.b32  	%r1126, %r1122, %r51;
	and.b32  	%r1127, %r1123, %r51;
	and.b32  	%r1128, %r1124, %r51;
	and.b32  	%r1129, %r1125, %r51;
	shl.b32 	%r122, %r1126, 2;
	add.s32 	%r123, %r13, %r122;
	ld.shared.u32 	%r124, [%r123];
	shl.b32 	%r126, %r1127, 2;
	add.s32 	%r127, %r13, %r126;
	ld.shared.u32 	%r128, [%r127];
	shl.b32 	%r130, %r1128, 2;
	add.s32 	%r131, %r13, %r130;
	ld.shared.u32 	%r132, [%r131];
	shl.b32 	%r134, %r1129, 2;
	add.s32 	%r135, %r13, %r134;
	ld.shared.u32 	%r136, [%r135];
	shl.b32 	%r138, %r1119, 2;
	add.s32 	%r139, %r18, %r138;
	ld.shared.u32 	%r140, [%r139];
	shl.b32 	%r142, %r1120, 2;
	add.s32 	%r143, %r18, %r142;
	ld.shared.u32 	%r144, [%r143];
	shl.b32 	%r146, %r1121, 2;
	add.s32 	%r147, %r18, %r146;
	ld.shared.u32 	%r148, [%r147];
	shl.b32 	%r150, %r1118, 2;
	add.s32 	%r151, %r18, %r150;
	ld.shared.u32 	%r152, [%r151];
	xor.b32  	%r1138, %r124, %r140;
	xor.b32  	%r1139, %r128, %r144;
	xor.b32  	%r1140, %r132, %r148;
	xor.b32  	%r1141, %r136, %r152;
	shl.b32 	%r154, %r1112, 2;
	add.s32 	%r155, %r23, %r154;
	ld.shared.u32 	%r156, [%r155];
	shl.b32 	%r158, %r1113, 2;
	add.s32 	%r159, %r23, %r158;
	ld.shared.u32 	%r160, [%r159];
	shl.b32 	%r162, %r1110, 2;
	add.s32 	%r163, %r23, %r162;
	ld.shared.u32 	%r164, [%r163];
	shl.b32 	%r166, %r1111, 2;
	add.s32 	%r167, %r23, %r166;
	ld.shared.u32 	%r168, [%r167];
	xor.b32  	%r1146, %r1138, %r156;
	xor.b32  	%r1147, %r1139, %r160;
	xor.b32  	%r1148, %r1140, %r164;
	xor.b32  	%r1149, %r1141, %r168;
	shl.b32 	%r170, %r1105, 2;
	add.s32 	%r171, %r28, %r170;
	ld.shared.u32 	%r172, [%r171];
	shl.b32 	%r174, %r1102, 2;
	add.s32 	%r175, %r28, %r174;
	ld.shared.u32 	%r176, [%r175];
	shl.b32 	%r178, %r1103, 2;
	add.s32 	%r179, %r28, %r178;
	ld.shared.u32 	%r180, [%r179];
	shl.b32 	%r182, %r1104, 2;
	add.s32 	%r183, %r28, %r182;
	ld.shared.u32 	%r184, [%r183];
	xor.b32  	%r1154, %r1146, %r172;
	xor.b32  	%r1155, %r1147, %r176;
	xor.b32  	%r1156, %r1148, %r180;
	xor.b32  	%r1157, %r1149, %r184;
	ld.shared.v4.u32 	{%r1158, %r1159, %r1160, %r1161}, [shr_6_lroundkeys+32];
	xor.b32  	%r1162, %r1154, %r1158;
	xor.b32  	%r1163, %r1155, %r1159;
	xor.b32  	%r1164, %r1156, %r1160;
	xor.b32  	%r1165, %r1157, %r1161;
	and.b32  	%r1166, %r1162, %r51;
	and.b32  	%r1167, %r1163, %r51;
	and.b32  	%r1168, %r1164, %r51;
	and.b32  	%r1169, %r1165, %r51;
	shr.u32 	%r1170, %r1162, %r48;
	shr.u32 	%r1171, %r1163, %r48;
	shr.u32 	%r1172, %r1164, %r48;
	shr.u32 	%r1173, %r1165, %r48;
	and.b32  	%r1174, %r1170, %r51;
	and.b32  	%r1175, %r1171, %r51;
	and.b32  	%r1176, %r1172, %r51;
	and.b32  	%r1177, %r1173, %r51;
	shr.u32 	%r1178, %r1162, %r52;
	shr.u32 	%r1179, %r1163, %r52;
	shr.u32 	%r1180, %r1164, %r52;
	shr.u32 	%r1181, %r1165, %r52;
	and.b32  	%r1182, %r1178, %r51;
	and.b32  	%r1183, %r1179, %r51;
	and.b32  	%r1184, %r1180, %r51;
	and.b32  	%r1185, %r1181, %r51;
	shr.u32 	%r1186, %r1162, %r46;
	shr.u32 	%r1187, %r1163, %r46;
	shr.u32 	%r1188, %r1164, %r46;
	shr.u32 	%r1189, %r1165, %r46;
	and.b32  	%r1190, %r1186, %r51;
	and.b32  	%r1191, %r1187, %r51;
	and.b32  	%r1192, %r1188, %r51;
	and.b32  	%r1193, %r1189, %r51;
	shl.b32 	%r186, %r1190, 2;
	add.s32 	%r187, %r13, %r186;
	ld.shared.u32 	%r188, [%r187];
	shl.b32 	%r190, %r1191, 2;
	add.s32 	%r191, %r13, %r190;
	ld.shared.u32 	%r192, [%r191];
	shl.b32 	%r194, %r1192, 2;
	add.s32 	%r195, %r13, %r194;
	ld.shared.u32 	%r196, [%r195];
	shl.b32 	%r198, %r1193, 2;
	add.s32 	%r199, %r13, %r198;
	ld.shared.u32 	%r200, [%r199];
	shl.b32 	%r202, %r1183, 2;
	add.s32 	%r203, %r18, %r202;
	ld.shared.u32 	%r204, [%r203];
	shl.b32 	%r206, %r1184, 2;
	add.s32 	%r207, %r18, %r206;
	ld.shared.u32 	%r208, [%r207];
	shl.b32 	%r210, %r1185, 2;
	add.s32 	%r211, %r18, %r210;
	ld.shared.u32 	%r212, [%r211];
	shl.b32 	%r214, %r1182, 2;
	add.s32 	%r215, %r18, %r214;
	ld.shared.u32 	%r216, [%r215];
	xor.b32  	%r1202, %r188, %r204;
	xor.b32  	%r1203, %r192, %r208;
	xor.b32  	%r1204, %r196, %r212;
	xor.b32  	%r1205, %r200, %r216;
	shl.b32 	%r218, %r1176, 2;
	add.s32 	%r219, %r23, %r218;
	ld.shared.u32 	%r220, [%r219];
	shl.b32 	%r222, %r1177, 2;
	add.s32 	%r223, %r23, %r222;
	ld.shared.u32 	%r224, [%r223];
	shl.b32 	%r226, %r1174, 2;
	add.s32 	%r227, %r23, %r226;
	ld.shared.u32 	%r228, [%r227];
	shl.b32 	%r230, %r1175, 2;
	add.s32 	%r231, %r23, %r230;
	ld.shared.u32 	%r232, [%r231];
	xor.b32  	%r1210, %r1202, %r220;
	xor.b32  	%r1211, %r1203, %r224;
	xor.b32  	%r1212, %r1204, %r228;
	xor.b32  	%r1213, %r1205, %r232;
	shl.b32 	%r234, %r1169, 2;
	add.s32 	%r235, %r28, %r234;
	ld.shared.u32 	%r236, [%r235];
	shl.b32 	%r238, %r1166, 2;
	add.s32 	%r239, %r28, %r238;
	ld.shared.u32 	%r240, [%r239];
	shl.b32 	%r242, %r1167, 2;
	add.s32 	%r243, %r28, %r242;
	ld.shared.u32 	%r244, [%r243];
	shl.b32 	%r246, %r1168, 2;
	add.s32 	%r247, %r28, %r246;
	ld.shared.u32 	%r248, [%r247];
	xor.b32  	%r1218, %r1210, %r236;
	xor.b32  	%r1219, %r1211, %r240;
	xor.b32  	%r1220, %r1212, %r244;
	xor.b32  	%r1221, %r1213, %r248;
	ld.shared.v4.u32 	{%r1222, %r1223, %r1224, %r1225}, [shr_6_lroundkeys+48];
	xor.b32  	%r1226, %r1218, %r1222;
	xor.b32  	%r1227, %r1219, %r1223;
	xor.b32  	%r1228, %r1220, %r1224;
	xor.b32  	%r1229, %r1221, %r1225;
	and.b32  	%r1230, %r1226, %r51;
	and.b32  	%r1231, %r1227, %r51;
	and.b32  	%r1232, %r1228, %r51;
	and.b32  	%r1233, %r1229, %r51;
	shr.u32 	%r1234, %r1226, %r48;
	shr.u32 	%r1235, %r1227, %r48;
	shr.u32 	%r1236, %r1228, %r48;
	shr.u32 	%r1237, %r1229, %r48;
	and.b32  	%r1238, %r1234, %r51;
	and.b32  	%r1239, %r1235, %r51;
	and.b32  	%r1240, %r1236, %r51;
	and.b32  	%r1241, %r1237, %r51;
	shr.u32 	%r1242, %r1226, %r52;
	shr.u32 	%r1243, %r1227, %r52;
	shr.u32 	%r1244, %r1228, %r52;
	shr.u32 	%r1245, %r1229, %r52;
	and.b32  	%r1246, %r1242, %r51;
	and.b32  	%r1247, %r1243, %r51;
	and.b32  	%r1248, %r1244, %r51;
	and.b32  	%r1249, %r1245, %r51;
	shr.u32 	%r1250, %r1226, %r46;
	shr.u32 	%r1251, %r1227, %r46;
	shr.u32 	%r1252, %r1228, %r46;
	shr.u32 	%r1253, %r1229, %r46;
	and.b32  	%r1254, %r1250, %r51;
	and.b32  	%r1255, %r1251, %r51;
	and.b32  	%r1256, %r1252, %r51;
	and.b32  	%r1257, %r1253, %r51;
	shl.b32 	%r250, %r1254, 2;
	add.s32 	%r251, %r13, %r250;
	ld.shared.u32 	%r252, [%r251];
	shl.b32 	%r254, %r1255, 2;
	add.s32 	%r255, %r13, %r254;
	ld.shared.u32 	%r256, [%r255];
	shl.b32 	%r258, %r1256, 2;
	add.s32 	%r259, %r13, %r258;
	ld.shared.u32 	%r260, [%r259];
	shl.b32 	%r262, %r1257, 2;
	add.s32 	%r263, %r13, %r262;
	ld.shared.u32 	%r264, [%r263];
	shl.b32 	%r266, %r1247, 2;
	add.s32 	%r267, %r18, %r266;
	ld.shared.u32 	%r268, [%r267];
	shl.b32 	%r270, %r1248, 2;
	add.s32 	%r271, %r18, %r270;
	ld.shared.u32 	%r272, [%r271];
	shl.b32 	%r274, %r1249, 2;
	add.s32 	%r275, %r18, %r274;
	ld.shared.u32 	%r276, [%r275];
	shl.b32 	%r278, %r1246, 2;
	add.s32 	%r279, %r18, %r278;
	ld.shared.u32 	%r280, [%r279];
	xor.b32  	%r1266, %r252, %r268;
	xor.b32  	%r1267, %r256, %r272;
	xor.b32  	%r1268, %r260, %r276;
	xor.b32  	%r1269, %r264, %r280;
	shl.b32 	%r282, %r1240, 2;
	add.s32 	%r283, %r23, %r282;
	ld.shared.u32 	%r284, [%r283];
	shl.b32 	%r286, %r1241, 2;
	add.s32 	%r287, %r23, %r286;
	ld.shared.u32 	%r288, [%r287];
	shl.b32 	%r290, %r1238, 2;
	add.s32 	%r291, %r23, %r290;
	ld.shared.u32 	%r292, [%r291];
	shl.b32 	%r294, %r1239, 2;
	add.s32 	%r295, %r23, %r294;
	ld.shared.u32 	%r296, [%r295];
	xor.b32  	%r1274, %r1266, %r284;
	xor.b32  	%r1275, %r1267, %r288;
	xor.b32  	%r1276, %r1268, %r292;
	xor.b32  	%r1277, %r1269, %r296;
	shl.b32 	%r298, %r1233, 2;
	add.s32 	%r299, %r28, %r298;
	ld.shared.u32 	%r300, [%r299];
	shl.b32 	%r302, %r1230, 2;
	add.s32 	%r303, %r28, %r302;
	ld.shared.u32 	%r304, [%r303];
	shl.b32 	%r306, %r1231, 2;
	add.s32 	%r307, %r28, %r306;
	ld.shared.u32 	%r308, [%r307];
	shl.b32 	%r310, %r1232, 2;
	add.s32 	%r311, %r28, %r310;
	ld.shared.u32 	%r312, [%r311];
	xor.b32  	%r1282, %r1274, %r300;
	xor.b32  	%r1283, %r1275, %r304;
	xor.b32  	%r1284, %r1276, %r308;
	xor.b32  	%r1285, %r1277, %r312;
	ld.shared.v4.u32 	{%r1286, %r1287, %r1288, %r1289}, [shr_6_lroundkeys+64];
	xor.b32  	%r1290, %r1282, %r1286;
	xor.b32  	%r1291, %r1283, %r1287;
	xor.b32  	%r1292, %r1284, %r1288;
	xor.b32  	%r1293, %r1285, %r1289;
	and.b32  	%r1294, %r1290, %r51;
	and.b32  	%r1295, %r1291, %r51;
	and.b32  	%r1296, %r1292, %r51;
	and.b32  	%r1297, %r1293, %r51;
	shr.u32 	%r1298, %r1290, %r48;
	shr.u32 	%r1299, %r1291, %r48;
	shr.u32 	%r1300, %r1292, %r48;
	shr.u32 	%r1301, %r1293, %r48;
	and.b32  	%r1302, %r1298, %r51;
	and.b32  	%r1303, %r1299, %r51;
	and.b32  	%r1304, %r1300, %r51;
	and.b32  	%r1305, %r1301, %r51;
	shr.u32 	%r1306, %r1290, %r52;
	shr.u32 	%r1307, %r1291, %r52;
	shr.u32 	%r1308, %r1292, %r52;
	shr.u32 	%r1309, %r1293, %r52;
	and.b32  	%r1310, %r1306, %r51;
	and.b32  	%r1311, %r1307, %r51;
	and.b32  	%r1312, %r1308, %r51;
	and.b32  	%r1313, %r1309, %r51;
	shr.u32 	%r1314, %r1290, %r46;
	shr.u32 	%r1315, %r1291, %r46;
	shr.u32 	%r1316, %r1292, %r46;
	shr.u32 	%r1317, %r1293, %r46;
	and.b32  	%r1318, %r1314, %r51;
	and.b32  	%r1319, %r1315, %r51;
	and.b32  	%r1320, %r1316, %r51;
	and.b32  	%r1321, %r1317, %r51;
	shl.b32 	%r314, %r1318, 2;
	add.s32 	%r315, %r13, %r314;
	ld.shared.u32 	%r316, [%r315];
	shl.b32 	%r318, %r1319, 2;
	add.s32 	%r319, %r13, %r318;
	ld.shared.u32 	%r320, [%r319];
	shl.b32 	%r322, %r1320, 2;
	add.s32 	%r323, %r13, %r322;
	ld.shared.u32 	%r324, [%r323];
	shl.b32 	%r326, %r1321, 2;
	add.s32 	%r327, %r13, %r326;
	ld.shared.u32 	%r328, [%r327];
	shl.b32 	%r330, %r1311, 2;
	add.s32 	%r331, %r18, %r330;
	ld.shared.u32 	%r332, [%r331];
	shl.b32 	%r334, %r1312, 2;
	add.s32 	%r335, %r18, %r334;
	ld.shared.u32 	%r336, [%r335];
	shl.b32 	%r338, %r1313, 2;
	add.s32 	%r339, %r18, %r338;
	ld.shared.u32 	%r340, [%r339];
	shl.b32 	%r342, %r1310, 2;
	add.s32 	%r343, %r18, %r342;
	ld.shared.u32 	%r344, [%r343];
	xor.b32  	%r1330, %r316, %r332;
	xor.b32  	%r1331, %r320, %r336;
	xor.b32  	%r1332, %r324, %r340;
	xor.b32  	%r1333, %r328, %r344;
	shl.b32 	%r346, %r1304, 2;
	add.s32 	%r347, %r23, %r346;
	ld.shared.u32 	%r348, [%r347];
	shl.b32 	%r350, %r1305, 2;
	add.s32 	%r351, %r23, %r350;
	ld.shared.u32 	%r352, [%r351];
	shl.b32 	%r354, %r1302, 2;
	add.s32 	%r355, %r23, %r354;
	ld.shared.u32 	%r356, [%r355];
	shl.b32 	%r358, %r1303, 2;
	add.s32 	%r359, %r23, %r358;
	ld.shared.u32 	%r360, [%r359];
	xor.b32  	%r1338, %r1330, %r348;
	xor.b32  	%r1339, %r1331, %r352;
	xor.b32  	%r1340, %r1332, %r356;
	xor.b32  	%r1341, %r1333, %r360;
	shl.b32 	%r362, %r1297, 2;
	add.s32 	%r363, %r28, %r362;
	ld.shared.u32 	%r364, [%r363];
	shl.b32 	%r366, %r1294, 2;
	add.s32 	%r367, %r28, %r366;
	ld.shared.u32 	%r368, [%r367];
	shl.b32 	%r370, %r1295, 2;
	add.s32 	%r371, %r28, %r370;
	ld.shared.u32 	%r372, [%r371];
	shl.b32 	%r374, %r1296, 2;
	add.s32 	%r375, %r28, %r374;
	ld.shared.u32 	%r376, [%r375];
	xor.b32  	%r1346, %r1338, %r364;
	xor.b32  	%r1347, %r1339, %r368;
	xor.b32  	%r1348, %r1340, %r372;
	xor.b32  	%r1349, %r1341, %r376;
	ld.shared.v4.u32 	{%r1350, %r1351, %r1352, %r1353}, [shr_6_lroundkeys+80];
	xor.b32  	%r1354, %r1346, %r1350;
	xor.b32  	%r1355, %r1347, %r1351;
	xor.b32  	%r1356, %r1348, %r1352;
	xor.b32  	%r1357, %r1349, %r1353;
	and.b32  	%r1358, %r1354, %r51;
	and.b32  	%r1359, %r1355, %r51;
	and.b32  	%r1360, %r1356, %r51;
	and.b32  	%r1361, %r1357, %r51;
	shr.u32 	%r1362, %r1354, %r48;
	shr.u32 	%r1363, %r1355, %r48;
	shr.u32 	%r1364, %r1356, %r48;
	shr.u32 	%r1365, %r1357, %r48;
	and.b32  	%r1366, %r1362, %r51;
	and.b32  	%r1367, %r1363, %r51;
	and.b32  	%r1368, %r1364, %r51;
	and.b32  	%r1369, %r1365, %r51;
	shr.u32 	%r1370, %r1354, %r52;
	shr.u32 	%r1371, %r1355, %r52;
	shr.u32 	%r1372, %r1356, %r52;
	shr.u32 	%r1373, %r1357, %r52;
	and.b32  	%r1374, %r1370, %r51;
	and.b32  	%r1375, %r1371, %r51;
	and.b32  	%r1376, %r1372, %r51;
	and.b32  	%r1377, %r1373, %r51;
	shr.u32 	%r1378, %r1354, %r46;
	shr.u32 	%r1379, %r1355, %r46;
	shr.u32 	%r1380, %r1356, %r46;
	shr.u32 	%r1381, %r1357, %r46;
	and.b32  	%r1382, %r1378, %r51;
	and.b32  	%r1383, %r1379, %r51;
	and.b32  	%r1384, %r1380, %r51;
	and.b32  	%r1385, %r1381, %r51;
	shl.b32 	%r378, %r1382, 2;
	add.s32 	%r379, %r13, %r378;
	ld.shared.u32 	%r380, [%r379];
	shl.b32 	%r382, %r1383, 2;
	add.s32 	%r383, %r13, %r382;
	ld.shared.u32 	%r384, [%r383];
	shl.b32 	%r386, %r1384, 2;
	add.s32 	%r387, %r13, %r386;
	ld.shared.u32 	%r388, [%r387];
	shl.b32 	%r390, %r1385, 2;
	add.s32 	%r391, %r13, %r390;
	ld.shared.u32 	%r392, [%r391];
	shl.b32 	%r394, %r1375, 2;
	add.s32 	%r395, %r18, %r394;
	ld.shared.u32 	%r396, [%r395];
	shl.b32 	%r398, %r1376, 2;
	add.s32 	%r399, %r18, %r398;
	ld.shared.u32 	%r400, [%r399];
	shl.b32 	%r402, %r1377, 2;
	add.s32 	%r403, %r18, %r402;
	ld.shared.u32 	%r404, [%r403];
	shl.b32 	%r406, %r1374, 2;
	add.s32 	%r407, %r18, %r406;
	ld.shared.u32 	%r408, [%r407];
	xor.b32  	%r1394, %r380, %r396;
	xor.b32  	%r1395, %r384, %r400;
	xor.b32  	%r1396, %r388, %r404;
	xor.b32  	%r1397, %r392, %r408;
	shl.b32 	%r410, %r1368, 2;
	add.s32 	%r411, %r23, %r410;
	ld.shared.u32 	%r412, [%r411];
	shl.b32 	%r414, %r1369, 2;
	add.s32 	%r415, %r23, %r414;
	ld.shared.u32 	%r416, [%r415];
	shl.b32 	%r418, %r1366, 2;
	add.s32 	%r419, %r23, %r418;
	ld.shared.u32 	%r420, [%r419];
	shl.b32 	%r422, %r1367, 2;
	add.s32 	%r423, %r23, %r422;
	ld.shared.u32 	%r424, [%r423];
	xor.b32  	%r1402, %r1394, %r412;
	xor.b32  	%r1403, %r1395, %r416;
	xor.b32  	%r1404, %r1396, %r420;
	xor.b32  	%r1405, %r1397, %r424;
	shl.b32 	%r426, %r1361, 2;
	add.s32 	%r427, %r28, %r426;
	ld.shared.u32 	%r428, [%r427];
	shl.b32 	%r430, %r1358, 2;
	add.s32 	%r431, %r28, %r430;
	ld.shared.u32 	%r432, [%r431];
	shl.b32 	%r434, %r1359, 2;
	add.s32 	%r435, %r28, %r434;
	ld.shared.u32 	%r436, [%r435];
	shl.b32 	%r438, %r1360, 2;
	add.s32 	%r439, %r28, %r438;
	ld.shared.u32 	%r440, [%r439];
	xor.b32  	%r1410, %r1402, %r428;
	xor.b32  	%r1411, %r1403, %r432;
	xor.b32  	%r1412, %r1404, %r436;
	xor.b32  	%r1413, %r1405, %r440;
	ld.shared.v4.u32 	{%r1414, %r1415, %r1416, %r1417}, [shr_6_lroundkeys+96];
	xor.b32  	%r1418, %r1410, %r1414;
	xor.b32  	%r1419, %r1411, %r1415;
	xor.b32  	%r1420, %r1412, %r1416;
	xor.b32  	%r1421, %r1413, %r1417;
	and.b32  	%r1422, %r1418, %r51;
	and.b32  	%r1423, %r1419, %r51;
	and.b32  	%r1424, %r1420, %r51;
	and.b32  	%r1425, %r1421, %r51;
	shr.u32 	%r1426, %r1418, %r48;
	shr.u32 	%r1427, %r1419, %r48;
	shr.u32 	%r1428, %r1420, %r48;
	shr.u32 	%r1429, %r1421, %r48;
	and.b32  	%r1430, %r1426, %r51;
	and.b32  	%r1431, %r1427, %r51;
	and.b32  	%r1432, %r1428, %r51;
	and.b32  	%r1433, %r1429, %r51;
	shr.u32 	%r1434, %r1418, %r52;
	shr.u32 	%r1435, %r1419, %r52;
	shr.u32 	%r1436, %r1420, %r52;
	shr.u32 	%r1437, %r1421, %r52;
	and.b32  	%r1438, %r1434, %r51;
	and.b32  	%r1439, %r1435, %r51;
	and.b32  	%r1440, %r1436, %r51;
	and.b32  	%r1441, %r1437, %r51;
	shr.u32 	%r1442, %r1418, %r46;
	shr.u32 	%r1443, %r1419, %r46;
	shr.u32 	%r1444, %r1420, %r46;
	shr.u32 	%r1445, %r1421, %r46;
	and.b32  	%r1446, %r1442, %r51;
	and.b32  	%r1447, %r1443, %r51;
	and.b32  	%r1448, %r1444, %r51;
	and.b32  	%r1449, %r1445, %r51;
	shl.b32 	%r442, %r1446, 2;
	add.s32 	%r443, %r13, %r442;
	ld.shared.u32 	%r444, [%r443];
	shl.b32 	%r446, %r1447, 2;
	add.s32 	%r447, %r13, %r446;
	ld.shared.u32 	%r448, [%r447];
	shl.b32 	%r450, %r1448, 2;
	add.s32 	%r451, %r13, %r450;
	ld.shared.u32 	%r452, [%r451];
	shl.b32 	%r454, %r1449, 2;
	add.s32 	%r455, %r13, %r454;
	ld.shared.u32 	%r456, [%r455];
	shl.b32 	%r458, %r1439, 2;
	add.s32 	%r459, %r18, %r458;
	ld.shared.u32 	%r460, [%r459];
	shl.b32 	%r462, %r1440, 2;
	add.s32 	%r463, %r18, %r462;
	ld.shared.u32 	%r464, [%r463];
	shl.b32 	%r466, %r1441, 2;
	add.s32 	%r467, %r18, %r466;
	ld.shared.u32 	%r468, [%r467];
	shl.b32 	%r470, %r1438, 2;
	add.s32 	%r471, %r18, %r470;
	ld.shared.u32 	%r472, [%r471];
	xor.b32  	%r1458, %r444, %r460;
	xor.b32  	%r1459, %r448, %r464;
	xor.b32  	%r1460, %r452, %r468;
	xor.b32  	%r1461, %r456, %r472;
	shl.b32 	%r474, %r1432, 2;
	add.s32 	%r475, %r23, %r474;
	ld.shared.u32 	%r476, [%r475];
	shl.b32 	%r478, %r1433, 2;
	add.s32 	%r479, %r23, %r478;
	ld.shared.u32 	%r480, [%r479];
	shl.b32 	%r482, %r1430, 2;
	add.s32 	%r483, %r23, %r482;
	ld.shared.u32 	%r484, [%r483];
	shl.b32 	%r486, %r1431, 2;
	add.s32 	%r487, %r23, %r486;
	ld.shared.u32 	%r488, [%r487];
	xor.b32  	%r1466, %r1458, %r476;
	xor.b32  	%r1467, %r1459, %r480;
	xor.b32  	%r1468, %r1460, %r484;
	xor.b32  	%r1469, %r1461, %r488;
	shl.b32 	%r490, %r1425, 2;
	add.s32 	%r491, %r28, %r490;
	ld.shared.u32 	%r492, [%r491];
	shl.b32 	%r494, %r1422, 2;
	add.s32 	%r495, %r28, %r494;
	ld.shared.u32 	%r496, [%r495];
	shl.b32 	%r498, %r1423, 2;
	add.s32 	%r499, %r28, %r498;
	ld.shared.u32 	%r500, [%r499];
	shl.b32 	%r502, %r1424, 2;
	add.s32 	%r503, %r28, %r502;
	ld.shared.u32 	%r504, [%r503];
	xor.b32  	%r1474, %r1466, %r492;
	xor.b32  	%r1475, %r1467, %r496;
	xor.b32  	%r1476, %r1468, %r500;
	xor.b32  	%r1477, %r1469, %r504;
	ld.shared.v4.u32 	{%r1478, %r1479, %r1480, %r1481}, [shr_6_lroundkeys+112];
	xor.b32  	%r1482, %r1474, %r1478;
	xor.b32  	%r1483, %r1475, %r1479;
	xor.b32  	%r1484, %r1476, %r1480;
	xor.b32  	%r1485, %r1477, %r1481;
	and.b32  	%r1486, %r1482, %r51;
	and.b32  	%r1487, %r1483, %r51;
	and.b32  	%r1488, %r1484, %r51;
	and.b32  	%r1489, %r1485, %r51;
	shr.u32 	%r1490, %r1482, %r48;
	shr.u32 	%r1491, %r1483, %r48;
	shr.u32 	%r1492, %r1484, %r48;
	shr.u32 	%r1493, %r1485, %r48;
	and.b32  	%r1494, %r1490, %r51;
	and.b32  	%r1495, %r1491, %r51;
	and.b32  	%r1496, %r1492, %r51;
	and.b32  	%r1497, %r1493, %r51;
	shr.u32 	%r1498, %r1482, %r52;
	shr.u32 	%r1499, %r1483, %r52;
	shr.u32 	%r1500, %r1484, %r52;
	shr.u32 	%r1501, %r1485, %r52;
	and.b32  	%r1502, %r1498, %r51;
	and.b32  	%r1503, %r1499, %r51;
	and.b32  	%r1504, %r1500, %r51;
	and.b32  	%r1505, %r1501, %r51;
	shr.u32 	%r1506, %r1482, %r46;
	shr.u32 	%r1507, %r1483, %r46;
	shr.u32 	%r1508, %r1484, %r46;
	shr.u32 	%r1509, %r1485, %r46;
	and.b32  	%r1510, %r1506, %r51;
	and.b32  	%r1511, %r1507, %r51;
	and.b32  	%r1512, %r1508, %r51;
	and.b32  	%r1513, %r1509, %r51;
	shl.b32 	%r506, %r1510, 2;
	add.s32 	%r507, %r13, %r506;
	ld.shared.u32 	%r508, [%r507];
	shl.b32 	%r510, %r1511, 2;
	add.s32 	%r511, %r13, %r510;
	ld.shared.u32 	%r512, [%r511];
	shl.b32 	%r514, %r1512, 2;
	add.s32 	%r515, %r13, %r514;
	ld.shared.u32 	%r516, [%r515];
	shl.b32 	%r518, %r1513, 2;
	add.s32 	%r519, %r13, %r518;
	ld.shared.u32 	%r520, [%r519];
	shl.b32 	%r522, %r1503, 2;
	add.s32 	%r523, %r18, %r522;
	ld.shared.u32 	%r524, [%r523];
	shl.b32 	%r526, %r1504, 2;
	add.s32 	%r527, %r18, %r526;
	ld.shared.u32 	%r528, [%r527];
	shl.b32 	%r530, %r1505, 2;
	add.s32 	%r531, %r18, %r530;
	ld.shared.u32 	%r532, [%r531];
	shl.b32 	%r534, %r1502, 2;
	add.s32 	%r535, %r18, %r534;
	ld.shared.u32 	%r536, [%r535];
	xor.b32  	%r1522, %r508, %r524;
	xor.b32  	%r1523, %r512, %r528;
	xor.b32  	%r1524, %r516, %r532;
	xor.b32  	%r1525, %r520, %r536;
	shl.b32 	%r538, %r1496, 2;
	add.s32 	%r539, %r23, %r538;
	ld.shared.u32 	%r540, [%r539];
	shl.b32 	%r542, %r1497, 2;
	add.s32 	%r543, %r23, %r542;
	ld.shared.u32 	%r544, [%r543];
	shl.b32 	%r546, %r1494, 2;
	add.s32 	%r547, %r23, %r546;
	ld.shared.u32 	%r548, [%r547];
	shl.b32 	%r550, %r1495, 2;
	add.s32 	%r551, %r23, %r550;
	ld.shared.u32 	%r552, [%r551];
	xor.b32  	%r1530, %r1522, %r540;
	xor.b32  	%r1531, %r1523, %r544;
	xor.b32  	%r1532, %r1524, %r548;
	xor.b32  	%r1533, %r1525, %r552;
	shl.b32 	%r554, %r1489, 2;
	add.s32 	%r555, %r28, %r554;
	ld.shared.u32 	%r556, [%r555];
	shl.b32 	%r558, %r1486, 2;
	add.s32 	%r559, %r28, %r558;
	ld.shared.u32 	%r560, [%r559];
	shl.b32 	%r562, %r1487, 2;
	add.s32 	%r563, %r28, %r562;
	ld.shared.u32 	%r564, [%r563];
	shl.b32 	%r566, %r1488, 2;
	add.s32 	%r567, %r28, %r566;
	ld.shared.u32 	%r568, [%r567];
	xor.b32  	%r1538, %r1530, %r556;
	xor.b32  	%r1539, %r1531, %r560;
	xor.b32  	%r1540, %r1532, %r564;
	xor.b32  	%r1541, %r1533, %r568;
	ld.shared.v4.u32 	{%r1542, %r1543, %r1544, %r1545}, [shr_6_lroundkeys+128];
	xor.b32  	%r1546, %r1538, %r1542;
	xor.b32  	%r1547, %r1539, %r1543;
	xor.b32  	%r1548, %r1540, %r1544;
	xor.b32  	%r1549, %r1541, %r1545;
	and.b32  	%r1550, %r1546, %r51;
	and.b32  	%r1551, %r1547, %r51;
	and.b32  	%r1552, %r1548, %r51;
	and.b32  	%r1553, %r1549, %r51;
	shr.u32 	%r1554, %r1546, %r48;
	shr.u32 	%r1555, %r1547, %r48;
	shr.u32 	%r1556, %r1548, %r48;
	shr.u32 	%r1557, %r1549, %r48;
	and.b32  	%r1558, %r1554, %r51;
	and.b32  	%r1559, %r1555, %r51;
	and.b32  	%r1560, %r1556, %r51;
	and.b32  	%r1561, %r1557, %r51;
	shr.u32 	%r1562, %r1546, %r52;
	shr.u32 	%r1563, %r1547, %r52;
	shr.u32 	%r1564, %r1548, %r52;
	shr.u32 	%r1565, %r1549, %r52;
	and.b32  	%r1566, %r1562, %r51;
	and.b32  	%r1567, %r1563, %r51;
	and.b32  	%r1568, %r1564, %r51;
	and.b32  	%r1569, %r1565, %r51;
	shr.u32 	%r1570, %r1546, %r46;
	shr.u32 	%r1571, %r1547, %r46;
	shr.u32 	%r1572, %r1548, %r46;
	shr.u32 	%r1573, %r1549, %r46;
	and.b32  	%r1574, %r1570, %r51;
	and.b32  	%r1575, %r1571, %r51;
	and.b32  	%r1576, %r1572, %r51;
	and.b32  	%r1577, %r1573, %r51;
	shl.b32 	%r570, %r1574, 2;
	add.s32 	%r571, %r13, %r570;
	ld.shared.u32 	%r572, [%r571];
	shl.b32 	%r574, %r1575, 2;
	add.s32 	%r575, %r13, %r574;
	ld.shared.u32 	%r576, [%r575];
	shl.b32 	%r578, %r1576, 2;
	add.s32 	%r579, %r13, %r578;
	ld.shared.u32 	%r580, [%r579];
	shl.b32 	%r582, %r1577, 2;
	add.s32 	%r583, %r13, %r582;
	ld.shared.u32 	%r584, [%r583];
	shl.b32 	%r586, %r1567, 2;
	add.s32 	%r587, %r18, %r586;
	ld.shared.u32 	%r588, [%r587];
	shl.b32 	%r590, %r1568, 2;
	add.s32 	%r591, %r18, %r590;
	ld.shared.u32 	%r592, [%r591];
	shl.b32 	%r594, %r1569, 2;
	add.s32 	%r595, %r18, %r594;
	ld.shared.u32 	%r596, [%r595];
	shl.b32 	%r598, %r1566, 2;
	add.s32 	%r599, %r18, %r598;
	ld.shared.u32 	%r600, [%r599];
	xor.b32  	%r1586, %r572, %r588;
	xor.b32  	%r1587, %r576, %r592;
	xor.b32  	%r1588, %r580, %r596;
	xor.b32  	%r1589, %r584, %r600;
	shl.b32 	%r602, %r1560, 2;
	add.s32 	%r603, %r23, %r602;
	ld.shared.u32 	%r604, [%r603];
	shl.b32 	%r606, %r1561, 2;
	add.s32 	%r607, %r23, %r606;
	ld.shared.u32 	%r608, [%r607];
	shl.b32 	%r610, %r1558, 2;
	add.s32 	%r611, %r23, %r610;
	ld.shared.u32 	%r612, [%r611];
	shl.b32 	%r614, %r1559, 2;
	add.s32 	%r615, %r23, %r614;
	ld.shared.u32 	%r616, [%r615];
	xor.b32  	%r1594, %r1586, %r604;
	xor.b32  	%r1595, %r1587, %r608;
	xor.b32  	%r1596, %r1588, %r612;
	xor.b32  	%r1597, %r1589, %r616;
	shl.b32 	%r618, %r1553, 2;
	add.s32 	%r619, %r28, %r618;
	ld.shared.u32 	%r620, [%r619];
	shl.b32 	%r622, %r1550, 2;
	add.s32 	%r623, %r28, %r622;
	ld.shared.u32 	%r624, [%r623];
	shl.b32 	%r626, %r1551, 2;
	add.s32 	%r627, %r28, %r626;
	ld.shared.u32 	%r628, [%r627];
	shl.b32 	%r630, %r1552, 2;
	add.s32 	%r631, %r28, %r630;
	ld.shared.u32 	%r632, [%r631];
	xor.b32  	%r1602, %r1594, %r620;
	xor.b32  	%r1603, %r1595, %r624;
	xor.b32  	%r1604, %r1596, %r628;
	xor.b32  	%r1605, %r1597, %r632;
	ld.shared.v4.u32 	{%r1606, %r1607, %r1608, %r1609}, [shr_6_lroundkeys+144];
	xor.b32  	%r1610, %r1602, %r1606;
	xor.b32  	%r1611, %r1603, %r1607;
	xor.b32  	%r1612, %r1604, %r1608;
	xor.b32  	%r1613, %r1605, %r1609;
	and.b32  	%r1614, %r1610, %r51;
	and.b32  	%r1615, %r1611, %r51;
	and.b32  	%r1616, %r1612, %r51;
	and.b32  	%r1617, %r1613, %r51;
	shr.u32 	%r1618, %r1610, %r48;
	shr.u32 	%r1619, %r1611, %r48;
	shr.u32 	%r1620, %r1612, %r48;
	shr.u32 	%r1621, %r1613, %r48;
	and.b32  	%r1622, %r1618, %r51;
	and.b32  	%r1623, %r1619, %r51;
	and.b32  	%r1624, %r1620, %r51;
	and.b32  	%r1625, %r1621, %r51;
	shr.u32 	%r1626, %r1610, %r52;
	shr.u32 	%r1627, %r1611, %r52;
	shr.u32 	%r1628, %r1612, %r52;
	shr.u32 	%r1629, %r1613, %r52;
	and.b32  	%r1630, %r1626, %r51;
	and.b32  	%r1631, %r1627, %r51;
	and.b32  	%r1632, %r1628, %r51;
	and.b32  	%r1633, %r1629, %r51;
	shr.u32 	%r1634, %r1610, %r46;
	shr.u32 	%r1635, %r1611, %r46;
	shr.u32 	%r1636, %r1612, %r46;
	shr.u32 	%r1637, %r1613, %r46;
	and.b32  	%r1638, %r1634, %r51;
	and.b32  	%r1639, %r1635, %r51;
	and.b32  	%r1640, %r1636, %r51;
	and.b32  	%r1641, %r1637, %r51;
	shl.b32 	%r634, %r1638, 2;
	add.s32 	%r635, %r13, %r634;
	ld.shared.u32 	%r636, [%r635];
	shl.b32 	%r638, %r1639, 2;
	add.s32 	%r639, %r13, %r638;
	ld.shared.u32 	%r640, [%r639];
	shl.b32 	%r642, %r1640, 2;
	add.s32 	%r643, %r13, %r642;
	ld.shared.u32 	%r644, [%r643];
	shl.b32 	%r646, %r1641, 2;
	add.s32 	%r647, %r13, %r646;
	ld.shared.u32 	%r648, [%r647];
	shl.b32 	%r650, %r1631, 2;
	add.s32 	%r651, %r18, %r650;
	ld.shared.u32 	%r652, [%r651];
	shl.b32 	%r654, %r1632, 2;
	add.s32 	%r655, %r18, %r654;
	ld.shared.u32 	%r656, [%r655];
	shl.b32 	%r658, %r1633, 2;
	add.s32 	%r659, %r18, %r658;
	ld.shared.u32 	%r660, [%r659];
	shl.b32 	%r662, %r1630, 2;
	add.s32 	%r663, %r18, %r662;
	ld.shared.u32 	%r664, [%r663];
	xor.b32  	%r1650, %r636, %r652;
	xor.b32  	%r1651, %r640, %r656;
	xor.b32  	%r1652, %r644, %r660;
	xor.b32  	%r1653, %r648, %r664;
	shl.b32 	%r666, %r1624, 2;
	add.s32 	%r667, %r23, %r666;
	ld.shared.u32 	%r668, [%r667];
	shl.b32 	%r670, %r1625, 2;
	add.s32 	%r671, %r23, %r670;
	ld.shared.u32 	%r672, [%r671];
	shl.b32 	%r674, %r1622, 2;
	add.s32 	%r675, %r23, %r674;
	ld.shared.u32 	%r676, [%r675];
	shl.b32 	%r678, %r1623, 2;
	add.s32 	%r679, %r23, %r678;
	ld.shared.u32 	%r680, [%r679];
	xor.b32  	%r1658, %r1650, %r668;
	xor.b32  	%r1659, %r1651, %r672;
	xor.b32  	%r1660, %r1652, %r676;
	xor.b32  	%r1661, %r1653, %r680;
	shl.b32 	%r682, %r1617, 2;
	add.s32 	%r683, %r28, %r682;
	ld.shared.u32 	%r684, [%r683];
	shl.b32 	%r686, %r1614, 2;
	add.s32 	%r687, %r28, %r686;
	ld.shared.u32 	%r688, [%r687];
	shl.b32 	%r690, %r1615, 2;
	add.s32 	%r691, %r28, %r690;
	ld.shared.u32 	%r692, [%r691];
	shl.b32 	%r694, %r1616, 2;
	add.s32 	%r695, %r28, %r694;
	ld.shared.u32 	%r696, [%r695];
	xor.b32  	%r1666, %r1658, %r684;
	xor.b32  	%r1667, %r1659, %r688;
	xor.b32  	%r1668, %r1660, %r692;
	xor.b32  	%r1669, %r1661, %r696;
	ld.shared.v4.u32 	{%r1670, %r1671, %r1672, %r1673}, [shr_6_lroundkeys+160];
	xor.b32  	%r1674, %r1666, %r1670;
	xor.b32  	%r1675, %r1667, %r1671;
	xor.b32  	%r1676, %r1668, %r1672;
	xor.b32  	%r1677, %r1669, %r1673;
	and.b32  	%r1678, %r1674, %r51;
	and.b32  	%r1679, %r1675, %r51;
	and.b32  	%r1680, %r1676, %r51;
	and.b32  	%r1681, %r1677, %r51;
	shr.u32 	%r1682, %r1674, %r48;
	shr.u32 	%r1683, %r1675, %r48;
	shr.u32 	%r1684, %r1676, %r48;
	shr.u32 	%r1685, %r1677, %r48;
	and.b32  	%r1686, %r1682, %r51;
	and.b32  	%r1687, %r1683, %r51;
	and.b32  	%r1688, %r1684, %r51;
	and.b32  	%r1689, %r1685, %r51;
	shr.u32 	%r1690, %r1674, %r52;
	shr.u32 	%r1691, %r1675, %r52;
	shr.u32 	%r1692, %r1676, %r52;
	shr.u32 	%r1693, %r1677, %r52;
	and.b32  	%r1694, %r1690, %r51;
	and.b32  	%r1695, %r1691, %r51;
	and.b32  	%r1696, %r1692, %r51;
	and.b32  	%r1697, %r1693, %r51;
	shr.u32 	%r1698, %r1674, %r46;
	shr.u32 	%r1699, %r1675, %r46;
	shr.u32 	%r1700, %r1676, %r46;
	shr.u32 	%r1701, %r1677, %r46;
	and.b32  	%r1702, %r1698, %r51;
	and.b32  	%r1703, %r1699, %r51;
	and.b32  	%r1704, %r1700, %r51;
	and.b32  	%r1705, %r1701, %r51;
	shl.b32 	%r698, %r1702, 2;
	add.s32 	%r699, %r13, %r698;
	ld.shared.u32 	%r700, [%r699];
	shl.b32 	%r702, %r1703, 2;
	add.s32 	%r703, %r13, %r702;
	ld.shared.u32 	%r704, [%r703];
	shl.b32 	%r706, %r1704, 2;
	add.s32 	%r707, %r13, %r706;
	ld.shared.u32 	%r708, [%r707];
	shl.b32 	%r710, %r1705, 2;
	add.s32 	%r711, %r13, %r710;
	ld.shared.u32 	%r712, [%r711];
	shl.b32 	%r714, %r1695, 2;
	add.s32 	%r715, %r18, %r714;
	ld.shared.u32 	%r716, [%r715];
	shl.b32 	%r718, %r1696, 2;
	add.s32 	%r719, %r18, %r718;
	ld.shared.u32 	%r720, [%r719];
	shl.b32 	%r722, %r1697, 2;
	add.s32 	%r723, %r18, %r722;
	ld.shared.u32 	%r724, [%r723];
	shl.b32 	%r726, %r1694, 2;
	add.s32 	%r727, %r18, %r726;
	ld.shared.u32 	%r728, [%r727];
	xor.b32  	%r1714, %r700, %r716;
	xor.b32  	%r1715, %r704, %r720;
	xor.b32  	%r1716, %r708, %r724;
	xor.b32  	%r1717, %r712, %r728;
	shl.b32 	%r730, %r1688, 2;
	add.s32 	%r731, %r23, %r730;
	ld.shared.u32 	%r732, [%r731];
	shl.b32 	%r734, %r1689, 2;
	add.s32 	%r735, %r23, %r734;
	ld.shared.u32 	%r736, [%r735];
	shl.b32 	%r738, %r1686, 2;
	add.s32 	%r739, %r23, %r738;
	ld.shared.u32 	%r740, [%r739];
	shl.b32 	%r742, %r1687, 2;
	add.s32 	%r743, %r23, %r742;
	ld.shared.u32 	%r744, [%r743];
	xor.b32  	%r1722, %r1714, %r732;
	xor.b32  	%r1723, %r1715, %r736;
	xor.b32  	%r1724, %r1716, %r740;
	xor.b32  	%r1725, %r1717, %r744;
	shl.b32 	%r746, %r1681, 2;
	add.s32 	%r747, %r28, %r746;
	ld.shared.u32 	%r748, [%r747];
	shl.b32 	%r750, %r1678, 2;
	add.s32 	%r751, %r28, %r750;
	ld.shared.u32 	%r752, [%r751];
	shl.b32 	%r754, %r1679, 2;
	add.s32 	%r755, %r28, %r754;
	ld.shared.u32 	%r756, [%r755];
	shl.b32 	%r758, %r1680, 2;
	add.s32 	%r759, %r28, %r758;
	ld.shared.u32 	%r760, [%r759];
	xor.b32  	%r1730, %r1722, %r748;
	xor.b32  	%r1731, %r1723, %r752;
	xor.b32  	%r1732, %r1724, %r756;
	xor.b32  	%r1733, %r1725, %r760;
	ld.shared.v4.u32 	{%r1734, %r1735, %r1736, %r1737}, [shr_6_lroundkeys+176];
	xor.b32  	%r1738, %r1730, %r1734;
	xor.b32  	%r1739, %r1731, %r1735;
	xor.b32  	%r1740, %r1732, %r1736;
	xor.b32  	%r1741, %r1733, %r1737;
	and.b32  	%r1742, %r1738, %r51;
	and.b32  	%r1743, %r1739, %r51;
	and.b32  	%r1744, %r1740, %r51;
	and.b32  	%r1745, %r1741, %r51;
	shr.u32 	%r1746, %r1738, %r48;
	shr.u32 	%r1747, %r1739, %r48;
	shr.u32 	%r1748, %r1740, %r48;
	shr.u32 	%r1749, %r1741, %r48;
	and.b32  	%r1750, %r1746, %r51;
	and.b32  	%r1751, %r1747, %r51;
	and.b32  	%r1752, %r1748, %r51;
	and.b32  	%r1753, %r1749, %r51;
	shr.u32 	%r1754, %r1738, %r52;
	shr.u32 	%r1755, %r1739, %r52;
	shr.u32 	%r1756, %r1740, %r52;
	shr.u32 	%r1757, %r1741, %r52;
	and.b32  	%r1758, %r1754, %r51;
	and.b32  	%r1759, %r1755, %r51;
	and.b32  	%r1760, %r1756, %r51;
	and.b32  	%r1761, %r1757, %r51;
	shr.u32 	%r1762, %r1738, %r46;
	shr.u32 	%r1763, %r1739, %r46;
	shr.u32 	%r1764, %r1740, %r46;
	shr.u32 	%r1765, %r1741, %r46;
	and.b32  	%r1766, %r1762, %r51;
	and.b32  	%r1767, %r1763, %r51;
	and.b32  	%r1768, %r1764, %r51;
	and.b32  	%r1769, %r1765, %r51;
	shl.b32 	%r762, %r1766, 2;
	add.s32 	%r763, %r13, %r762;
	ld.shared.u32 	%r764, [%r763];
	shl.b32 	%r766, %r1767, 2;
	add.s32 	%r767, %r13, %r766;
	ld.shared.u32 	%r768, [%r767];
	shl.b32 	%r770, %r1768, 2;
	add.s32 	%r771, %r13, %r770;
	ld.shared.u32 	%r772, [%r771];
	shl.b32 	%r774, %r1769, 2;
	add.s32 	%r775, %r13, %r774;
	ld.shared.u32 	%r776, [%r775];
	shl.b32 	%r778, %r1759, 2;
	add.s32 	%r779, %r18, %r778;
	ld.shared.u32 	%r780, [%r779];
	shl.b32 	%r782, %r1760, 2;
	add.s32 	%r783, %r18, %r782;
	ld.shared.u32 	%r784, [%r783];
	shl.b32 	%r786, %r1761, 2;
	add.s32 	%r787, %r18, %r786;
	ld.shared.u32 	%r788, [%r787];
	shl.b32 	%r790, %r1758, 2;
	add.s32 	%r791, %r18, %r790;
	ld.shared.u32 	%r792, [%r791];
	xor.b32  	%r1778, %r764, %r780;
	xor.b32  	%r1779, %r768, %r784;
	xor.b32  	%r1780, %r772, %r788;
	xor.b32  	%r1781, %r776, %r792;
	shl.b32 	%r794, %r1752, 2;
	add.s32 	%r795, %r23, %r794;
	ld.shared.u32 	%r796, [%r795];
	shl.b32 	%r798, %r1753, 2;
	add.s32 	%r799, %r23, %r798;
	ld.shared.u32 	%r800, [%r799];
	shl.b32 	%r802, %r1750, 2;
	add.s32 	%r803, %r23, %r802;
	ld.shared.u32 	%r804, [%r803];
	shl.b32 	%r806, %r1751, 2;
	add.s32 	%r807, %r23, %r806;
	ld.shared.u32 	%r808, [%r807];
	xor.b32  	%r1786, %r1778, %r796;
	xor.b32  	%r1787, %r1779, %r800;
	xor.b32  	%r1788, %r1780, %r804;
	xor.b32  	%r1789, %r1781, %r808;
	shl.b32 	%r810, %r1745, 2;
	add.s32 	%r811, %r28, %r810;
	ld.shared.u32 	%r812, [%r811];
	shl.b32 	%r814, %r1742, 2;
	add.s32 	%r815, %r28, %r814;
	ld.shared.u32 	%r816, [%r815];
	shl.b32 	%r818, %r1743, 2;
	add.s32 	%r819, %r28, %r818;
	ld.shared.u32 	%r820, [%r819];
	shl.b32 	%r822, %r1744, 2;
	add.s32 	%r823, %r28, %r822;
	ld.shared.u32 	%r824, [%r823];
	xor.b32  	%r1794, %r1786, %r812;
	xor.b32  	%r1795, %r1787, %r816;
	xor.b32  	%r1796, %r1788, %r820;
	xor.b32  	%r1797, %r1789, %r824;
	ld.shared.v4.u32 	{%r1798, %r1799, %r1800, %r1801}, [shr_6_lroundkeys+192];
	xor.b32  	%r1802, %r1794, %r1798;
	xor.b32  	%r1803, %r1795, %r1799;
	xor.b32  	%r1804, %r1796, %r1800;
	xor.b32  	%r1805, %r1797, %r1801;
	and.b32  	%r1806, %r1802, %r51;
	and.b32  	%r1807, %r1803, %r51;
	and.b32  	%r1808, %r1804, %r51;
	and.b32  	%r1809, %r1805, %r51;
	shr.u32 	%r1810, %r1802, %r48;
	shr.u32 	%r1811, %r1803, %r48;
	shr.u32 	%r1812, %r1804, %r48;
	shr.u32 	%r1813, %r1805, %r48;
	and.b32  	%r1814, %r1810, %r51;
	and.b32  	%r1815, %r1811, %r51;
	and.b32  	%r1816, %r1812, %r51;
	and.b32  	%r1817, %r1813, %r51;
	shr.u32 	%r1818, %r1802, %r52;
	shr.u32 	%r1819, %r1803, %r52;
	shr.u32 	%r1820, %r1804, %r52;
	shr.u32 	%r1821, %r1805, %r52;
	and.b32  	%r1822, %r1818, %r51;
	and.b32  	%r1823, %r1819, %r51;
	and.b32  	%r1824, %r1820, %r51;
	and.b32  	%r1825, %r1821, %r51;
	shr.u32 	%r1826, %r1802, %r46;
	shr.u32 	%r1827, %r1803, %r46;
	shr.u32 	%r1828, %r1804, %r46;
	shr.u32 	%r1829, %r1805, %r46;
	and.b32  	%r1830, %r1826, %r51;
	and.b32  	%r1831, %r1827, %r51;
	and.b32  	%r1832, %r1828, %r51;
	and.b32  	%r1833, %r1829, %r51;
	shl.b32 	%r826, %r1830, 2;
	add.s32 	%r827, %r13, %r826;
	ld.shared.u32 	%r828, [%r827];
	shl.b32 	%r830, %r1831, 2;
	add.s32 	%r831, %r13, %r830;
	ld.shared.u32 	%r832, [%r831];
	shl.b32 	%r834, %r1832, 2;
	add.s32 	%r835, %r13, %r834;
	ld.shared.u32 	%r836, [%r835];
	shl.b32 	%r838, %r1833, 2;
	add.s32 	%r839, %r13, %r838;
	ld.shared.u32 	%r840, [%r839];
	shl.b32 	%r842, %r1823, 2;
	add.s32 	%r843, %r18, %r842;
	ld.shared.u32 	%r844, [%r843];
	shl.b32 	%r846, %r1824, 2;
	add.s32 	%r847, %r18, %r846;
	ld.shared.u32 	%r848, [%r847];
	shl.b32 	%r850, %r1825, 2;
	add.s32 	%r851, %r18, %r850;
	ld.shared.u32 	%r852, [%r851];
	shl.b32 	%r854, %r1822, 2;
	add.s32 	%r855, %r18, %r854;
	ld.shared.u32 	%r856, [%r855];
	xor.b32  	%r1842, %r828, %r844;
	xor.b32  	%r1843, %r832, %r848;
	xor.b32  	%r1844, %r836, %r852;
	xor.b32  	%r1845, %r840, %r856;
	shl.b32 	%r858, %r1816, 2;
	add.s32 	%r859, %r23, %r858;
	ld.shared.u32 	%r860, [%r859];
	shl.b32 	%r862, %r1817, 2;
	add.s32 	%r863, %r23, %r862;
	ld.shared.u32 	%r864, [%r863];
	shl.b32 	%r866, %r1814, 2;
	add.s32 	%r867, %r23, %r866;
	ld.shared.u32 	%r868, [%r867];
	shl.b32 	%r870, %r1815, 2;
	add.s32 	%r871, %r23, %r870;
	ld.shared.u32 	%r872, [%r871];
	xor.b32  	%r1850, %r1842, %r860;
	xor.b32  	%r1851, %r1843, %r864;
	xor.b32  	%r1852, %r1844, %r868;
	xor.b32  	%r1853, %r1845, %r872;
	shl.b32 	%r874, %r1809, 2;
	add.s32 	%r875, %r28, %r874;
	ld.shared.u32 	%r876, [%r875];
	shl.b32 	%r878, %r1806, 2;
	add.s32 	%r879, %r28, %r878;
	ld.shared.u32 	%r880, [%r879];
	shl.b32 	%r882, %r1807, 2;
	add.s32 	%r883, %r28, %r882;
	ld.shared.u32 	%r884, [%r883];
	shl.b32 	%r886, %r1808, 2;
	add.s32 	%r887, %r28, %r886;
	ld.shared.u32 	%r888, [%r887];
	xor.b32  	%r1858, %r1850, %r876;
	xor.b32  	%r1859, %r1851, %r880;
	xor.b32  	%r1860, %r1852, %r884;
	xor.b32  	%r1861, %r1853, %r888;
	ld.shared.v4.u32 	{%r1862, %r1863, %r1864, %r1865}, [shr_6_lroundkeys+208];
	xor.b32  	%r1866, %r1858, %r1862;
	xor.b32  	%r1867, %r1859, %r1863;
	xor.b32  	%r1868, %r1860, %r1864;
	xor.b32  	%r1869, %r1861, %r1865;
	and.b32  	%r1870, %r1866, %r51;
	and.b32  	%r1871, %r1867, %r51;
	and.b32  	%r1872, %r1868, %r51;
	and.b32  	%r1873, %r1869, %r51;
	shr.u32 	%r1874, %r1866, %r48;
	shr.u32 	%r1875, %r1867, %r48;
	shr.u32 	%r1876, %r1868, %r48;
	shr.u32 	%r1877, %r1869, %r48;
	and.b32  	%r1878, %r1874, %r51;
	and.b32  	%r1879, %r1875, %r51;
	and.b32  	%r1880, %r1876, %r51;
	and.b32  	%r1881, %r1877, %r51;
	shr.u32 	%r1882, %r1866, %r52;
	shr.u32 	%r1883, %r1867, %r52;
	shr.u32 	%r1884, %r1868, %r52;
	shr.u32 	%r1885, %r1869, %r52;
	and.b32  	%r1886, %r1882, %r51;
	and.b32  	%r1887, %r1883, %r51;
	and.b32  	%r1888, %r1884, %r51;
	and.b32  	%r1889, %r1885, %r51;
	shr.u32 	%r1890, %r1866, %r46;
	shr.u32 	%r1891, %r1867, %r46;
	shr.u32 	%r1892, %r1868, %r46;
	shr.u32 	%r1893, %r1869, %r46;
	and.b32  	%r1894, %r1890, %r51;
	and.b32  	%r1895, %r1891, %r51;
	and.b32  	%r1896, %r1892, %r51;
	and.b32  	%r1897, %r1893, %r51;
	shl.b32 	%r890, %r1894, 2;
	add.s32 	%r892, %r33, %r890;
	ld.shared.u32 	%r893, [%r892];
	shl.b32 	%r895, %r1895, 2;
	add.s32 	%r896, %r33, %r895;
	ld.shared.u32 	%r897, [%r896];
	shl.b32 	%r899, %r1896, 2;
	add.s32 	%r900, %r33, %r899;
	ld.shared.u32 	%r901, [%r900];
	shl.b32 	%r903, %r1897, 2;
	add.s32 	%r904, %r33, %r903;
	ld.shared.u32 	%r905, [%r904];
	and.b32  	%r1902, %r893, %r47;
	and.b32  	%r1903, %r897, %r47;
	and.b32  	%r1904, %r901, %r47;
	and.b32  	%r1905, %r905, %r47;
	shl.b32 	%r907, %r1887, 2;
	add.s32 	%r908, %r33, %r907;
	ld.shared.u32 	%r909, [%r908];
	shl.b32 	%r911, %r1888, 2;
	add.s32 	%r912, %r33, %r911;
	ld.shared.u32 	%r913, [%r912];
	shl.b32 	%r915, %r1889, 2;
	add.s32 	%r916, %r33, %r915;
	ld.shared.u32 	%r917, [%r916];
	shl.b32 	%r919, %r1886, 2;
	add.s32 	%r920, %r33, %r919;
	ld.shared.u32 	%r921, [%r920];
	and.b32  	%r1910, %r909, %r49;
	and.b32  	%r1911, %r913, %r49;
	and.b32  	%r1912, %r917, %r49;
	and.b32  	%r1913, %r921, %r49;
	or.b32  	%r1914, %r1902, %r1910;
	or.b32  	%r1915, %r1903, %r1911;
	or.b32  	%r1916, %r1904, %r1912;
	or.b32  	%r1917, %r1905, %r1913;
	shl.b32 	%r923, %r1880, 2;
	add.s32 	%r924, %r33, %r923;
	ld.shared.u32 	%r925, [%r924];
	shl.b32 	%r927, %r1881, 2;
	add.s32 	%r928, %r33, %r927;
	ld.shared.u32 	%r929, [%r928];
	shl.b32 	%r931, %r1878, 2;
	add.s32 	%r932, %r33, %r931;
	ld.shared.u32 	%r933, [%r932];
	shl.b32 	%r935, %r1879, 2;
	add.s32 	%r936, %r33, %r935;
	ld.shared.u32 	%r937, [%r936];
	and.b32  	%r1922, %r925, %r50;
	and.b32  	%r1923, %r929, %r50;
	and.b32  	%r1924, %r933, %r50;
	and.b32  	%r1925, %r937, %r50;
	or.b32  	%r1926, %r1914, %r1922;
	or.b32  	%r1927, %r1915, %r1923;
	or.b32  	%r1928, %r1916, %r1924;
	or.b32  	%r1929, %r1917, %r1925;
	shl.b32 	%r939, %r1873, 2;
	add.s32 	%r940, %r33, %r939;
	ld.shared.u32 	%r941, [%r940];
	shl.b32 	%r943, %r1870, 2;
	add.s32 	%r944, %r33, %r943;
	ld.shared.u32 	%r945, [%r944];
	shl.b32 	%r947, %r1871, 2;
	add.s32 	%r948, %r33, %r947;
	ld.shared.u32 	%r949, [%r948];
	shl.b32 	%r951, %r1872, 2;
	add.s32 	%r952, %r33, %r951;
	ld.shared.u32 	%r953, [%r952];
	and.b32  	%r1934, %r941, %r51;
	and.b32  	%r1935, %r945, %r51;
	and.b32  	%r1936, %r949, %r51;
	and.b32  	%r1937, %r953, %r51;
	or.b32  	%r1938, %r1926, %r1934;
	or.b32  	%r1939, %r1927, %r1935;
	or.b32  	%r1940, %r1928, %r1936;
	or.b32  	%r1941, %r1929, %r1937;
	ld.shared.v4.u32 	{%r1942, %r1943, %r1944, %r1945}, [shr_6_lroundkeys+224];
	xor.b32  	%r1946, %r1938, %r1942;
	xor.b32  	%r1947, %r1939, %r1943;
	xor.b32  	%r1948, %r1940, %r1944;
	xor.b32  	%r1949, %r1941, %r1945;
	shl.b32 	%r1950, %r1946, %r46;
	shl.b32 	%r1951, %r1947, %r46;
	shl.b32 	%r1952, %r1948, %r46;
	shl.b32 	%r1953, %r1949, %r46;
	and.b32  	%r1954, %r1950, %r47;
	and.b32  	%r1955, %r1951, %r47;
	and.b32  	%r1956, %r1952, %r47;
	and.b32  	%r1957, %r1953, %r47;
	shl.b32 	%r1958, %r1946, %r48;
	shl.b32 	%r1959, %r1947, %r48;
	shl.b32 	%r1960, %r1948, %r48;
	shl.b32 	%r1961, %r1949, %r48;
	and.b32  	%r1962, %r1958, %r49;
	and.b32  	%r1963, %r1959, %r49;
	and.b32  	%r1964, %r1960, %r49;
	and.b32  	%r1965, %r1961, %r49;
	or.b32  	%r1966, %r1954, %r1962;
	or.b32  	%r1967, %r1955, %r1963;
	or.b32  	%r1968, %r1956, %r1964;
	or.b32  	%r1969, %r1957, %r1965;
	shr.u32 	%r1970, %r1946, %r48;
	shr.u32 	%r1971, %r1947, %r48;
	shr.u32 	%r1972, %r1948, %r48;
	shr.u32 	%r1973, %r1949, %r48;
	and.b32  	%r1974, %r1970, %r50;
	and.b32  	%r1975, %r1971, %r50;
	and.b32  	%r1976, %r1972, %r50;
	and.b32  	%r1977, %r1973, %r50;
	or.b32  	%r1978, %r1966, %r1974;
	or.b32  	%r1979, %r1967, %r1975;
	or.b32  	%r1980, %r1968, %r1976;
	or.b32  	%r1981, %r1969, %r1977;
	shr.u32 	%r1982, %r1946, %r46;
	shr.u32 	%r1983, %r1947, %r46;
	shr.u32 	%r1984, %r1948, %r46;
	shr.u32 	%r1985, %r1949, %r46;
	and.b32  	%r1986, %r1982, %r51;
	and.b32  	%r1987, %r1983, %r51;
	and.b32  	%r1988, %r1984, %r51;
	and.b32  	%r1989, %r1985, %r51;
	or.b32  	%r1990, %r1978, %r1986;
	or.b32  	%r1991, %r1979, %r1987;
	or.b32  	%r1992, %r1980, %r1988;
	or.b32  	%r1993, %r1981, %r1989;
	st.global.v4.u32 	[%r45], {%r1990, %r1991, %r1992, %r1993};
	ret;
}