//
// Generated by NVIDIA NVVM Compiler
// Compiler built on Tue May 15 08:50:53 2012 (1337064653)
// Driver 
//

.version 3.0
.target sm_11, texmode_independent
.address_size 32

.visible .const .align 4 .u32 timestamp = 1347021579;
.visible .const .align 4 .b8 Te0[1024] = {165, 99, 99, 198, 132, 124, 124, 248, 153, 119, 119, 238, 141, 123, 123, 246, 13, 242, 242, 255, 189, 107, 107, 214, 177, 111, 111, 222, 84, 197, 197, 145, 80, 48, 48, 96, 3, 1, 1, 2, 169, 103, 103, 206, 125, 43, 43, 86, 25, 254, 254, 231, 98, 215, 215, 181, 230, 171, 171, 77, 154, 118, 118, 236, 69, 202, 202, 143, 157, 130, 130, 31, 64, 201, 201, 137, 135, 125, 125, 250, 21, 250, 250, 239, 235, 89, 89, 178, 201, 71, 71, 142, 11, 240, 240, 251, 236, 173, 173, 65, 103, 212, 212, 179, 253, 162, 162, 95, 234, 175, 175, 69, 191, 156, 156, 35, 247, 164, 164, 83, 150, 114, 114, 228, 91, 192, 192, 155, 194, 183, 183, 117, 28, 253, 253, 225, 174, 147, 147, 61, 106, 38, 38, 76, 90, 54, 54, 108, 65, 63, 63, 126, 2, 247, 247, 245, 79, 204, 204, 131, 92, 52, 52, 104, 244, 165, 165, 81, 52, 229, 229, 209, 8, 241, 241, 249, 147, 113, 113, 226, 115, 216, 216, 171, 83, 49, 49, 98, 63, 21, 21, 42, 12, 4, 4, 8, 82, 199, 199, 149, 101, 35, 35, 70, 94, 195, 195, 157, 40, 24, 24, 48, 161, 150, 150, 55, 15, 5, 5, 10, 181, 154, 154, 47, 9, 7, 7, 14, 54, 18, 18, 36, 155, 128, 128, 27, 61, 226, 226, 223, 38, 235, 235, 205, 105, 39, 39, 78, 205, 178, 178, 127, 159, 117, 117, 234, 27, 9, 9, 18, 158, 131, 131, 29, 116, 44, 44, 88, 46, 26, 26, 52, 45, 27, 27, 54, 178, 110, 110, 220, 238, 90, 90, 180, 251, 160, 160, 91, 246, 82, 82, 164, 77, 59, 59, 118, 97, 214, 214, 183, 206, 179, 179, 125, 123, 41, 41, 82, 62, 227, 227, 221, 113, 47, 47, 94, 151, 132, 132, 19, 245, 83, 83, 166, 104, 209, 209, 185, 0, 0, 0, 0, 44, 237, 237, 193, 96, 32, 32, 64, 31, 252, 252, 227, 200, 177, 177, 121, 237, 91, 91, 182, 190, 106, 106, 212, 70, 203, 203, 141, 217, 190, 190, 103, 75, 57, 57, 114, 222, 74, 74, 148, 212, 76, 76, 152, 232, 88, 88, 176, 74, 207, 207, 133, 107, 208, 208, 187, 42, 239, 239, 197, 229, 170, 170, 79, 22, 251, 251, 237, 197, 67, 67, 134, 215, 77, 77, 154, 85, 51, 51, 102, 148, 133, 133, 17, 207, 69, 69, 138, 16, 249, 249, 233, 6, 2, 2, 4, 129, 127, 127, 254, 240, 80, 80, 160, 68, 60, 60, 120, 186, 159, 159, 37, 227, 168, 168, 75, 243, 81, 81, 162, 254, 163, 163, 93, 192, 64, 64, 128, 138, 143, 143, 5, 173, 146, 146, 63, 188, 157, 157, 33, 72, 56, 56, 112, 4, 245, 245, 241, 223, 188, 188, 99, 193, 182, 182, 119, 117, 218, 218, 175, 99, 33, 33, 66, 48, 16, 16, 32, 26, 255, 255, 229, 14, 243, 243, 253, 109, 210, 210, 191, 76, 205, 205, 129, 20, 12, 12, 24, 53, 19, 19, 38, 47, 236, 236, 195, 225, 95, 95, 190, 162, 151, 151, 53, 204, 68, 68, 136, 57, 23, 23, 46, 87, 196, 196, 147, 242, 167, 167, 85, 130, 126, 126, 252, 71, 61, 61, 122, 172, 100, 100, 200, 231, 93, 93, 186, 43, 25, 25, 50, 149, 115, 115, 230, 160, 96, 96, 192, 152, 129, 129, 25, 209, 79, 79, 158, 127, 220, 220, 163, 102, 34, 34, 68, 126, 42, 42, 84, 171, 144, 144, 59, 131, 136, 136, 11, 202, 70, 70, 140, 41, 238, 238, 199, 211, 184, 184, 107, 60, 20, 20, 40, 121, 222, 222, 167, 226, 94, 94, 188, 29, 11, 11, 22, 118, 219, 219, 173, 59, 224, 224, 219, 86, 50, 50, 100, 78, 58, 58, 116, 30, 10, 10, 20, 219, 73, 73, 146, 10, 6, 6, 12, 108, 36, 36, 72, 228, 92, 92, 184, 93, 194, 194, 159, 110, 211, 211, 189, 239, 172, 172, 67, 166, 98, 98, 196, 168, 145, 145, 57, 164, 149, 149, 49, 55, 228, 228, 211, 139, 121, 121, 242, 50, 231, 231, 213, 67, 200, 200, 139, 89, 55, 55, 110, 183, 109, 109, 218, 140, 141, 141, 1, 100, 213, 213, 177, 210, 78, 78, 156, 224, 169, 169, 73, 180, 108, 108, 216, 250, 86, 86, 172, 7, 244, 244, 243, 37, 234, 234, 207, 175, 101, 101, 202, 142, 122, 122, 244, 233, 174, 174, 71, 24, 8, 8, 16, 213, 186, 186, 111, 136, 120, 120, 240, 111, 37, 37, 74, 114, 46, 46, 92, 36, 28, 28, 56, 241, 166, 166, 87, 199, 180, 180, 115, 81, 198, 198, 151, 35, 232, 232, 203, 124, 221, 221, 161, 156, 116, 116, 232, 33, 31, 31, 62, 221, 75, 75, 150, 220, 189, 189, 97, 134, 139, 139, 13, 133, 138, 138, 15, 144, 112, 112, 224, 66, 62, 62, 124, 196, 181, 181, 113, 170, 102, 102, 204, 216, 72, 72, 144, 5, 3, 3, 6, 1, 246, 246, 247, 18, 14, 14, 28, 163, 97, 97, 194, 95, 53, 53, 106, 249, 87, 87, 174, 208, 185, 185, 105, 145, 134, 134, 23, 88, 193, 193, 153, 39, 29, 29, 58, 185, 158, 158, 39, 56, 225, 225, 217, 19, 248, 248, 235, 179, 152, 152, 43, 51, 17, 17, 34, 187, 105, 105, 210, 112, 217, 217, 169, 137, 142, 142, 7, 167, 148, 148, 51, 182, 155, 155, 45, 34, 30, 30, 60, 146, 135, 135, 21, 32, 233, 233, 201, 73, 206, 206, 135, 255, 85, 85, 170, 120, 40, 40, 80, 122, 223, 223, 165, 143, 140, 140, 3, 248, 161, 161, 89, 128, 137, 137, 9, 23, 13, 13, 26, 218, 191, 191, 101, 49, 230, 230, 215, 198, 66, 66, 132, 184, 104, 104, 208, 195, 65, 65, 130, 176, 153, 153, 41, 119, 45, 45, 90, 17, 15, 15, 30, 203, 176, 176, 123, 252, 84, 84, 168, 214, 187, 187, 109, 58, 22, 22, 44};
.visible .const .align 4 .b8 Te1[1024] = {99, 99, 198, 165, 124, 124, 248, 132, 119, 119, 238, 153, 123, 123, 246, 141, 242, 242, 255, 13, 107, 107, 214, 189, 111, 111, 222, 177, 197, 197, 145, 84, 48, 48, 96, 80, 1, 1, 2, 3, 103, 103, 206, 169, 43, 43, 86, 125, 254, 254, 231, 25, 215, 215, 181, 98, 171, 171, 77, 230, 118, 118, 236, 154, 202, 202, 143, 69, 130, 130, 31, 157, 201, 201, 137, 64, 125, 125, 250, 135, 250, 250, 239, 21, 89, 89, 178, 235, 71, 71, 142, 201, 240, 240, 251, 11, 173, 173, 65, 236, 212, 212, 179, 103, 162, 162, 95, 253, 175, 175, 69, 234, 156, 156, 35, 191, 164, 164, 83, 247, 114, 114, 228, 150, 192, 192, 155, 91, 183, 183, 117, 194, 253, 253, 225, 28, 147, 147, 61, 174, 38, 38, 76, 106, 54, 54, 108, 90, 63, 63, 126, 65, 247, 247, 245, 2, 204, 204, 131, 79, 52, 52, 104, 92, 165, 165, 81, 244, 229, 229, 209, 52, 241, 241, 249, 8, 113, 113, 226, 147, 216, 216, 171, 115, 49, 49, 98, 83, 21, 21, 42, 63, 4, 4, 8, 12, 199, 199, 149, 82, 35, 35, 70, 101, 195, 195, 157, 94, 24, 24, 48, 40, 150, 150, 55, 161, 5, 5, 10, 15, 154, 154, 47, 181, 7, 7, 14, 9, 18, 18, 36, 54, 128, 128, 27, 155, 226, 226, 223, 61, 235, 235, 205, 38, 39, 39, 78, 105, 178, 178, 127, 205, 117, 117, 234, 159, 9, 9, 18, 27, 131, 131, 29, 158, 44, 44, 88, 116, 26, 26, 52, 46, 27, 27, 54, 45, 110, 110, 220, 178, 90, 90, 180, 238, 160, 160, 91, 251, 82, 82, 164, 246, 59, 59, 118, 77, 214, 214, 183, 97, 179, 179, 125, 206, 41, 41, 82, 123, 227, 227, 221, 62, 47, 47, 94, 113, 132, 132, 19, 151, 83, 83, 166, 245, 209, 209, 185, 104, 0, 0, 0, 0, 237, 237, 193, 44, 32, 32, 64, 96, 252, 252, 227, 31, 177, 177, 121, 200, 91, 91, 182, 237, 106, 106, 212, 190, 203, 203, 141, 70, 190, 190, 103, 217, 57, 57, 114, 75, 74, 74, 148, 222, 76, 76, 152, 212, 88, 88, 176, 232, 207, 207, 133, 74, 208, 208, 187, 107, 239, 239, 197, 42, 170, 170, 79, 229, 251, 251, 237, 22, 67, 67, 134, 197, 77, 77, 154, 215, 51, 51, 102, 85, 133, 133, 17, 148, 69, 69, 138, 207, 249, 249, 233, 16, 2, 2, 4, 6, 127, 127, 254, 129, 80, 80, 160, 240, 60, 60, 120, 68, 159, 159, 37, 186, 168, 168, 75, 227, 81, 81, 162, 243, 163, 163, 93, 254, 64, 64, 128, 192, 143, 143, 5, 138, 146, 146, 63, 173, 157, 157, 33, 188, 56, 56, 112, 72, 245, 245, 241, 4, 188, 188, 99, 223, 182, 182, 119, 193, 218, 218, 175, 117, 33, 33, 66, 99, 16, 16, 32, 48, 255, 255, 229, 26, 243, 243, 253, 14, 210, 210, 191, 109, 205, 205, 129, 76, 12, 12, 24, 20, 19, 19, 38, 53, 236, 236, 195, 47, 95, 95, 190, 225, 151, 151, 53, 162, 68, 68, 136, 204, 23, 23, 46, 57, 196, 196, 147, 87, 167, 167, 85, 242, 126, 126, 252, 130, 61, 61, 122, 71, 100, 100, 200, 172, 93, 93, 186, 231, 25, 25, 50, 43, 115, 115, 230, 149, 96, 96, 192, 160, 129, 129, 25, 152, 79, 79, 158, 209, 220, 220, 163, 127, 34, 34, 68, 102, 42, 42, 84, 126, 144, 144, 59, 171, 136, 136, 11, 131, 70, 70, 140, 202, 238, 238, 199, 41, 184, 184, 107, 211, 20, 20, 40, 60, 222, 222, 167, 121, 94, 94, 188, 226, 11, 11, 22, 29, 219, 219, 173, 118, 224, 224, 219, 59, 50, 50, 100, 86, 58, 58, 116, 78, 10, 10, 20, 30, 73, 73, 146, 219, 6, 6, 12, 10, 36, 36, 72, 108, 92, 92, 184, 228, 194, 194, 159, 93, 211, 211, 189, 110, 172, 172, 67, 239, 98, 98, 196, 166, 145, 145, 57, 168, 149, 149, 49, 164, 228, 228, 211, 55, 121, 121, 242, 139, 231, 231, 213, 50, 200, 200, 139, 67, 55, 55, 110, 89, 109, 109, 218, 183, 141, 141, 1, 140, 213, 213, 177, 100, 78, 78, 156, 210, 169, 169, 73, 224, 108, 108, 216, 180, 86, 86, 172, 250, 244, 244, 243, 7, 234, 234, 207, 37, 101, 101, 202, 175, 122, 122, 244, 142, 174, 174, 71, 233, 8, 8, 16, 24, 186, 186, 111, 213, 120, 120, 240, 136, 37, 37, 74, 111, 46, 46, 92, 114, 28, 28, 56, 36, 166, 166, 87, 241, 180, 180, 115, 199, 198, 198, 151, 81, 232, 232, 203, 35, 221, 221, 161, 124, 116, 116, 232, 156, 31, 31, 62, 33, 75, 75, 150, 221, 189, 189, 97, 220, 139, 139, 13, 134, 138, 138, 15, 133, 112, 112, 224, 144, 62, 62, 124, 66, 181, 181, 113, 196, 102, 102, 204, 170, 72, 72, 144, 216, 3, 3, 6, 5, 246, 246, 247, 1, 14, 14, 28, 18, 97, 97, 194, 163, 53, 53, 106, 95, 87, 87, 174, 249, 185, 185, 105, 208, 134, 134, 23, 145, 193, 193, 153, 88, 29, 29, 58, 39, 158, 158, 39, 185, 225, 225, 217, 56, 248, 248, 235, 19, 152, 152, 43, 179, 17, 17, 34, 51, 105, 105, 210, 187, 217, 217, 169, 112, 142, 142, 7, 137, 148, 148, 51, 167, 155, 155, 45, 182, 30, 30, 60, 34, 135, 135, 21, 146, 233, 233, 201, 32, 206, 206, 135, 73, 85, 85, 170, 255, 40, 40, 80, 120, 223, 223, 165, 122, 140, 140, 3, 143, 161, 161, 89, 248, 137, 137, 9, 128, 13, 13, 26, 23, 191, 191, 101, 218, 230, 230, 215, 49, 66, 66, 132, 198, 104, 104, 208, 184, 65, 65, 130, 195, 153, 153, 41, 176, 45, 45, 90, 119, 15, 15, 30, 17, 176, 176, 123, 203, 84, 84, 168, 252, 187, 187, 109, 214, 22, 22, 44, 58};
.visible .const .align 4 .b8 Te2[1024] = {99, 198, 165, 99, 124, 248, 132, 124, 119, 238, 153, 119, 123, 246, 141, 123, 242, 255, 13, 242, 107, 214, 189, 107, 111, 222, 177, 111, 197, 145, 84, 197, 48, 96, 80, 48, 1, 2, 3, 1, 103, 206, 169, 103, 43, 86, 125, 43, 254, 231, 25, 254, 215, 181, 98, 215, 171, 77, 230, 171, 118, 236, 154, 118, 202, 143, 69, 202, 130, 31, 157, 130, 201, 137, 64, 201, 125, 250, 135, 125, 250, 239, 21, 250, 89, 178, 235, 89, 71, 142, 201, 71, 240, 251, 11, 240, 173, 65, 236, 173, 212, 179, 103, 212, 162, 95, 253, 162, 175, 69, 234, 175, 156, 35, 191, 156, 164, 83, 247, 164, 114, 228, 150, 114, 192, 155, 91, 192, 183, 117, 194, 183, 253, 225, 28, 253, 147, 61, 174, 147, 38, 76, 106, 38, 54, 108, 90, 54, 63, 126, 65, 63, 247, 245, 2, 247, 204, 131, 79, 204, 52, 104, 92, 52, 165, 81, 244, 165, 229, 209, 52, 229, 241, 249, 8, 241, 113, 226, 147, 113, 216, 171, 115, 216, 49, 98, 83, 49, 21, 42, 63, 21, 4, 8, 12, 4, 199, 149, 82, 199, 35, 70, 101, 35, 195, 157, 94, 195, 24, 48, 40, 24, 150, 55, 161, 150, 5, 10, 15, 5, 154, 47, 181, 154, 7, 14, 9, 7, 18, 36, 54, 18, 128, 27, 155, 128, 226, 223, 61, 226, 235, 205, 38, 235, 39, 78, 105, 39, 178, 127, 205, 178, 117, 234, 159, 117, 9, 18, 27, 9, 131, 29, 158, 131, 44, 88, 116, 44, 26, 52, 46, 26, 27, 54, 45, 27, 110, 220, 178, 110, 90, 180, 238, 90, 160, 91, 251, 160, 82, 164, 246, 82, 59, 118, 77, 59, 214, 183, 97, 214, 179, 125, 206, 179, 41, 82, 123, 41, 227, 221, 62, 227, 47, 94, 113, 47, 132, 19, 151, 132, 83, 166, 245, 83, 209, 185, 104, 209, 0, 0, 0, 0, 237, 193, 44, 237, 32, 64, 96, 32, 252, 227, 31, 252, 177, 121, 200, 177, 91, 182, 237, 91, 106, 212, 190, 106, 203, 141, 70, 203, 190, 103, 217, 190, 57, 114, 75, 57, 74, 148, 222, 74, 76, 152, 212, 76, 88, 176, 232, 88, 207, 133, 74, 207, 208, 187, 107, 208, 239, 197, 42, 239, 170, 79, 229, 170, 251, 237, 22, 251, 67, 134, 197, 67, 77, 154, 215, 77, 51, 102, 85, 51, 133, 17, 148, 133, 69, 138, 207, 69, 249, 233, 16, 249, 2, 4, 6, 2, 127, 254, 129, 127, 80, 160, 240, 80, 60, 120, 68, 60, 159, 37, 186, 159, 168, 75, 227, 168, 81, 162, 243, 81, 163, 93, 254, 163, 64, 128, 192, 64, 143, 5, 138, 143, 146, 63, 173, 146, 157, 33, 188, 157, 56, 112, 72, 56, 245, 241, 4, 245, 188, 99, 223, 188, 182, 119, 193, 182, 218, 175, 117, 218, 33, 66, 99, 33, 16, 32, 48, 16, 255, 229, 26, 255, 243, 253, 14, 243, 210, 191, 109, 210, 205, 129, 76, 205, 12, 24, 20, 12, 19, 38, 53, 19, 236, 195, 47, 236, 95, 190, 225, 95, 151, 53, 162, 151, 68, 136, 204, 68, 23, 46, 57, 23, 196, 147, 87, 196, 167, 85, 242, 167, 126, 252, 130, 126, 61, 122, 71, 61, 100, 200, 172, 100, 93, 186, 231, 93, 25, 50, 43, 25, 115, 230, 149, 115, 96, 192, 160, 96, 129, 25, 152, 129, 79, 158, 209, 79, 220, 163, 127, 220, 34, 68, 102, 34, 42, 84, 126, 42, 144, 59, 171, 144, 136, 11, 131, 136, 70, 140, 202, 70, 238, 199, 41, 238, 184, 107, 211, 184, 20, 40, 60, 20, 222, 167, 121, 222, 94, 188, 226, 94, 11, 22, 29, 11, 219, 173, 118, 219, 224, 219, 59, 224, 50, 100, 86, 50, 58, 116, 78, 58, 10, 20, 30, 10, 73, 146, 219, 73, 6, 12, 10, 6, 36, 72, 108, 36, 92, 184, 228, 92, 194, 159, 93, 194, 211, 189, 110, 211, 172, 67, 239, 172, 98, 196, 166, 98, 145, 57, 168, 145, 149, 49, 164, 149, 228, 211, 55, 228, 121, 242, 139, 121, 231, 213, 50, 231, 200, 139, 67, 200, 55, 110, 89, 55, 109, 218, 183, 109, 141, 1, 140, 141, 213, 177, 100, 213, 78, 156, 210, 78, 169, 73, 224, 169, 108, 216, 180, 108, 86, 172, 250, 86, 244, 243, 7, 244, 234, 207, 37, 234, 101, 202, 175, 101, 122, 244, 142, 122, 174, 71, 233, 174, 8, 16, 24, 8, 186, 111, 213, 186, 120, 240, 136, 120, 37, 74, 111, 37, 46, 92, 114, 46, 28, 56, 36, 28, 166, 87, 241, 166, 180, 115, 199, 180, 198, 151, 81, 198, 232, 203, 35, 232, 221, 161, 124, 221, 116, 232, 156, 116, 31, 62, 33, 31, 75, 150, 221, 75, 189, 97, 220, 189, 139, 13, 134, 139, 138, 15, 133, 138, 112, 224, 144, 112, 62, 124, 66, 62, 181, 113, 196, 181, 102, 204, 170, 102, 72, 144, 216, 72, 3, 6, 5, 3, 246, 247, 1, 246, 14, 28, 18, 14, 97, 194, 163, 97, 53, 106, 95, 53, 87, 174, 249, 87, 185, 105, 208, 185, 134, 23, 145, 134, 193, 153, 88, 193, 29, 58, 39, 29, 158, 39, 185, 158, 225, 217, 56, 225, 248, 235, 19, 248, 152, 43, 179, 152, 17, 34, 51, 17, 105, 210, 187, 105, 217, 169, 112, 217, 142, 7, 137, 142, 148, 51, 167, 148, 155, 45, 182, 155, 30, 60, 34, 30, 135, 21, 146, 135, 233, 201, 32, 233, 206, 135, 73, 206, 85, 170, 255, 85, 40, 80, 120, 40, 223, 165, 122, 223, 140, 3, 143, 140, 161, 89, 248, 161, 137, 9, 128, 137, 13, 26, 23, 13, 191, 101, 218, 191, 230, 215, 49, 230, 66, 132, 198, 66, 104, 208, 184, 104, 65, 130, 195, 65, 153, 41, 176, 153, 45, 90, 119, 45, 15, 30, 17, 15, 176, 123, 203, 176, 84, 168, 252, 84, 187, 109, 214, 187, 22, 44, 58, 22};
.visible .const .align 4 .b8 Te3[1024] = {198, 165, 99, 99, 248, 132, 124, 124, 238, 153, 119, 119, 246, 141, 123, 123, 255, 13, 242, 242, 214, 189, 107, 107, 222, 177, 111, 111, 145, 84, 197, 197, 96, 80, 48, 48, 2, 3, 1, 1, 206, 169, 103, 103, 86, 125, 43, 43, 231, 25, 254, 254, 181, 98, 215, 215, 77, 230, 171, 171, 236, 154, 118, 118, 143, 69, 202, 202, 31, 157, 130, 130, 137, 64, 201, 201, 250, 135, 125, 125, 239, 21, 250, 250, 178, 235, 89, 89, 142, 201, 71, 71, 251, 11, 240, 240, 65, 236, 173, 173, 179, 103, 212, 212, 95, 253, 162, 162, 69, 234, 175, 175, 35, 191, 156, 156, 83, 247, 164, 164, 228, 150, 114, 114, 155, 91, 192, 192, 117, 194, 183, 183, 225, 28, 253, 253, 61, 174, 147, 147, 76, 106, 38, 38, 108, 90, 54, 54, 126, 65, 63, 63, 245, 2, 247, 247, 131, 79, 204, 204, 104, 92, 52, 52, 81, 244, 165, 165, 209, 52, 229, 229, 249, 8, 241, 241, 226, 147, 113, 113, 171, 115, 216, 216, 98, 83, 49, 49, 42, 63, 21, 21, 8, 12, 4, 4, 149, 82, 199, 199, 70, 101, 35, 35, 157, 94, 195, 195, 48, 40, 24, 24, 55, 161, 150, 150, 10, 15, 5, 5, 47, 181, 154, 154, 14, 9, 7, 7, 36, 54, 18, 18, 27, 155, 128, 128, 223, 61, 226, 226, 205, 38, 235, 235, 78, 105, 39, 39, 127, 205, 178, 178, 234, 159, 117, 117, 18, 27, 9, 9, 29, 158, 131, 131, 88, 116, 44, 44, 52, 46, 26, 26, 54, 45, 27, 27, 220, 178, 110, 110, 180, 238, 90, 90, 91, 251, 160, 160, 164, 246, 82, 82, 118, 77, 59, 59, 183, 97, 214, 214, 125, 206, 179, 179, 82, 123, 41, 41, 221, 62, 227, 227, 94, 113, 47, 47, 19, 151, 132, 132, 166, 245, 83, 83, 185, 104, 209, 209, 0, 0, 0, 0, 193, 44, 237, 237, 64, 96, 32, 32, 227, 31, 252, 252, 121, 200, 177, 177, 182, 237, 91, 91, 212, 190, 106, 106, 141, 70, 203, 203, 103, 217, 190, 190, 114, 75, 57, 57, 148, 222, 74, 74, 152, 212, 76, 76, 176, 232, 88, 88, 133, 74, 207, 207, 187, 107, 208, 208, 197, 42, 239, 239, 79, 229, 170, 170, 237, 22, 251, 251, 134, 197, 67, 67, 154, 215, 77, 77, 102, 85, 51, 51, 17, 148, 133, 133, 138, 207, 69, 69, 233, 16, 249, 249, 4, 6, 2, 2, 254, 129, 127, 127, 160, 240, 80, 80, 120, 68, 60, 60, 37, 186, 159, 159, 75, 227, 168, 168, 162, 243, 81, 81, 93, 254, 163, 163, 128, 192, 64, 64, 5, 138, 143, 143, 63, 173, 146, 146, 33, 188, 157, 157, 112, 72, 56, 56, 241, 4, 245, 245, 99, 223, 188, 188, 119, 193, 182, 182, 175, 117, 218, 218, 66, 99, 33, 33, 32, 48, 16, 16, 229, 26, 255, 255, 253, 14, 243, 243, 191, 109, 210, 210, 129, 76, 205, 205, 24, 20, 12, 12, 38, 53, 19, 19, 195, 47, 236, 236, 190, 225, 95, 95, 53, 162, 151, 151, 136, 204, 68, 68, 46, 57, 23, 23, 147, 87, 196, 196, 85, 242, 167, 167, 252, 130, 126, 126, 122, 71, 61, 61, 200, 172, 100, 100, 186, 231, 93, 93, 50, 43, 25, 25, 230, 149, 115, 115, 192, 160, 96, 96, 25, 152, 129, 129, 158, 209, 79, 79, 163, 127, 220, 220, 68, 102, 34, 34, 84, 126, 42, 42, 59, 171, 144, 144, 11, 131, 136, 136, 140, 202, 70, 70, 199, 41, 238, 238, 107, 211, 184, 184, 40, 60, 20, 20, 167, 121, 222, 222, 188, 226, 94, 94, 22, 29, 11, 11, 173, 118, 219, 219, 219, 59, 224, 224, 100, 86, 50, 50, 116, 78, 58, 58, 20, 30, 10, 10, 146, 219, 73, 73, 12, 10, 6, 6, 72, 108, 36, 36, 184, 228, 92, 92, 159, 93, 194, 194, 189, 110, 211, 211, 67, 239, 172, 172, 196, 166, 98, 98, 57, 168, 145, 145, 49, 164, 149, 149, 211, 55, 228, 228, 242, 139, 121, 121, 213, 50, 231, 231, 139, 67, 200, 200, 110, 89, 55, 55, 218, 183, 109, 109, 1, 140, 141, 141, 177, 100, 213, 213, 156, 210, 78, 78, 73, 224, 169, 169, 216, 180, 108, 108, 172, 250, 86, 86, 243, 7, 244, 244, 207, 37, 234, 234, 202, 175, 101, 101, 244, 142, 122, 122, 71, 233, 174, 174, 16, 24, 8, 8, 111, 213, 186, 186, 240, 136, 120, 120, 74, 111, 37, 37, 92, 114, 46, 46, 56, 36, 28, 28, 87, 241, 166, 166, 115, 199, 180, 180, 151, 81, 198, 198, 203, 35, 232, 232, 161, 124, 221, 221, 232, 156, 116, 116, 62, 33, 31, 31, 150, 221, 75, 75, 97, 220, 189, 189, 13, 134, 139, 139, 15, 133, 138, 138, 224, 144, 112, 112, 124, 66, 62, 62, 113, 196, 181, 181, 204, 170, 102, 102, 144, 216, 72, 72, 6, 5, 3, 3, 247, 1, 246, 246, 28, 18, 14, 14, 194, 163, 97, 97, 106, 95, 53, 53, 174, 249, 87, 87, 105, 208, 185, 185, 23, 145, 134, 134, 153, 88, 193, 193, 58, 39, 29, 29, 39, 185, 158, 158, 217, 56, 225, 225, 235, 19, 248, 248, 43, 179, 152, 152, 34, 51, 17, 17, 210, 187, 105, 105, 169, 112, 217, 217, 7, 137, 142, 142, 51, 167, 148, 148, 45, 182, 155, 155, 60, 34, 30, 30, 21, 146, 135, 135, 201, 32, 233, 233, 135, 73, 206, 206, 170, 255, 85, 85, 80, 120, 40, 40, 165, 122, 223, 223, 3, 143, 140, 140, 89, 248, 161, 161, 9, 128, 137, 137, 26, 23, 13, 13, 101, 218, 191, 191, 215, 49, 230, 230, 132, 198, 66, 66, 208, 184, 104, 104, 130, 195, 65, 65, 41, 176, 153, 153, 90, 119, 45, 45, 30, 17, 15, 15, 123, 203, 176, 176, 168, 252, 84, 84, 109, 214, 187, 187, 44, 58, 22, 22};
.visible .const .align 4 .b8 Te4[1024] = {99, 99, 99, 99, 124, 124, 124, 124, 119, 119, 119, 119, 123, 123, 123, 123, 242, 242, 242, 242, 107, 107, 107, 107, 111, 111, 111, 111, 197, 197, 197, 197, 48, 48, 48, 48, 1, 1, 1, 1, 103, 103, 103, 103, 43, 43, 43, 43, 254, 254, 254, 254, 215, 215, 215, 215, 171, 171, 171, 171, 118, 118, 118, 118, 202, 202, 202, 202, 130, 130, 130, 130, 201, 201, 201, 201, 125, 125, 125, 125, 250, 250, 250, 250, 89, 89, 89, 89, 71, 71, 71, 71, 240, 240, 240, 240, 173, 173, 173, 173, 212, 212, 212, 212, 162, 162, 162, 162, 175, 175, 175, 175, 156, 156, 156, 156, 164, 164, 164, 164, 114, 114, 114, 114, 192, 192, 192, 192, 183, 183, 183, 183, 253, 253, 253, 253, 147, 147, 147, 147, 38, 38, 38, 38, 54, 54, 54, 54, 63, 63, 63, 63, 247, 247, 247, 247, 204, 204, 204, 204, 52, 52, 52, 52, 165, 165, 165, 165, 229, 229, 229, 229, 241, 241, 241, 241, 113, 113, 113, 113, 216, 216, 216, 216, 49, 49, 49, 49, 21, 21, 21, 21, 4, 4, 4, 4, 199, 199, 199, 199, 35, 35, 35, 35, 195, 195, 195, 195, 24, 24, 24, 24, 150, 150, 150, 150, 5, 5, 5, 5, 154, 154, 154, 154, 7, 7, 7, 7, 18, 18, 18, 18, 128, 128, 128, 128, 226, 226, 226, 226, 235, 235, 235, 235, 39, 39, 39, 39, 178, 178, 178, 178, 117, 117, 117, 117, 9, 9, 9, 9, 131, 131, 131, 131, 44, 44, 44, 44, 26, 26, 26, 26, 27, 27, 27, 27, 110, 110, 110, 110, 90, 90, 90, 90, 160, 160, 160, 160, 82, 82, 82, 82, 59, 59, 59, 59, 214, 214, 214, 214, 179, 179, 179, 179, 41, 41, 41, 41, 227, 227, 227, 227, 47, 47, 47, 47, 132, 132, 132, 132, 83, 83, 83, 83, 209, 209, 209, 209, 0, 0, 0, 0, 237, 237, 237, 237, 32, 32, 32, 32, 252, 252, 252, 252, 177, 177, 177, 177, 91, 91, 91, 91, 106, 106, 106, 106, 203, 203, 203, 203, 190, 190, 190, 190, 57, 57, 57, 57, 74, 74, 74, 74, 76, 76, 76, 76, 88, 88, 88, 88, 207, 207, 207, 207, 208, 208, 208, 208, 239, 239, 239, 239, 170, 170, 170, 170, 251, 251, 251, 251, 67, 67, 67, 67, 77, 77, 77, 77, 51, 51, 51, 51, 133, 133, 133, 133, 69, 69, 69, 69, 249, 249, 249, 249, 2, 2, 2, 2, 127, 127, 127, 127, 80, 80, 80, 80, 60, 60, 60, 60, 159, 159, 159, 159, 168, 168, 168, 168, 81, 81, 81, 81, 163, 163, 163, 163, 64, 64, 64, 64, 143, 143, 143, 143, 146, 146, 146, 146, 157, 157, 157, 157, 56, 56, 56, 56, 245, 245, 245, 245, 188, 188, 188, 188, 182, 182, 182, 182, 218, 218, 218, 218, 33, 33, 33, 33, 16, 16, 16, 16, 255, 255, 255, 255, 243, 243, 243, 243, 210, 210, 210, 210, 205, 205, 205, 205, 12, 12, 12, 12, 19, 19, 19, 19, 236, 236, 236, 236, 95, 95, 95, 95, 151, 151, 151, 151, 68, 68, 68, 68, 23, 23, 23, 23, 196, 196, 196, 196, 167, 167, 167, 167, 126, 126, 126, 126, 61, 61, 61, 61, 100, 100, 100, 100, 93, 93, 93, 93, 25, 25, 25, 25, 115, 115, 115, 115, 96, 96, 96, 96, 129, 129, 129, 129, 79, 79, 79, 79, 220, 220, 220, 220, 34, 34, 34, 34, 42, 42, 42, 42, 144, 144, 144, 144, 136, 136, 136, 136, 70, 70, 70, 70, 238, 238, 238, 238, 184, 184, 184, 184, 20, 20, 20, 20, 222, 222, 222, 222, 94, 94, 94, 94, 11, 11, 11, 11, 219, 219, 219, 219, 224, 224, 224, 224, 50, 50, 50, 50, 58, 58, 58, 58, 10, 10, 10, 10, 73, 73, 73, 73, 6, 6, 6, 6, 36, 36, 36, 36, 92, 92, 92, 92, 194, 194, 194, 194, 211, 211, 211, 211, 172, 172, 172, 172, 98, 98, 98, 98, 145, 145, 145, 145, 149, 149, 149, 149, 228, 228, 228, 228, 121, 121, 121, 121, 231, 231, 231, 231, 200, 200, 200, 200, 55, 55, 55, 55, 109, 109, 109, 109, 141, 141, 141, 141, 213, 213, 213, 213, 78, 78, 78, 78, 169, 169, 169, 169, 108, 108, 108, 108, 86, 86, 86, 86, 244, 244, 244, 244, 234, 234, 234, 234, 101, 101, 101, 101, 122, 122, 122, 122, 174, 174, 174, 174, 8, 8, 8, 8, 186, 186, 186, 186, 120, 120, 120, 120, 37, 37, 37, 37, 46, 46, 46, 46, 28, 28, 28, 28, 166, 166, 166, 166, 180, 180, 180, 180, 198, 198, 198, 198, 232, 232, 232, 232, 221, 221, 221, 221, 116, 116, 116, 116, 31, 31, 31, 31, 75, 75, 75, 75, 189, 189, 189, 189, 139, 139, 139, 139, 138, 138, 138, 138, 112, 112, 112, 112, 62, 62, 62, 62, 181, 181, 181, 181, 102, 102, 102, 102, 72, 72, 72, 72, 3, 3, 3, 3, 246, 246, 246, 246, 14, 14, 14, 14, 97, 97, 97, 97, 53, 53, 53, 53, 87, 87, 87, 87, 185, 185, 185, 185, 134, 134, 134, 134, 193, 193, 193, 193, 29, 29, 29, 29, 158, 158, 158, 158, 225, 225, 225, 225, 248, 248, 248, 248, 152, 152, 152, 152, 17, 17, 17, 17, 105, 105, 105, 105, 217, 217, 217, 217, 142, 142, 142, 142, 148, 148, 148, 148, 155, 155, 155, 155, 30, 30, 30, 30, 135, 135, 135, 135, 233, 233, 233, 233, 206, 206, 206, 206, 85, 85, 85, 85, 40, 40, 40, 40, 223, 223, 223, 223, 140, 140, 140, 140, 161, 161, 161, 161, 137, 137, 137, 137, 13, 13, 13, 13, 191, 191, 191, 191, 230, 230, 230, 230, 66, 66, 66, 66, 104, 104, 104, 104, 65, 65, 65, 65, 153, 153, 153, 153, 45, 45, 45, 45, 15, 15, 15, 15, 176, 176, 176, 176, 84, 84, 84, 84, 187, 187, 187, 187, 22, 22, 22, 22};
.extern .shared .align 4 .b8 shr_1_lTe0[1024];
.extern .shared .align 4 .b8 shr_2_lTe1[1024];
.extern .shared .align 4 .b8 shr_3_lTe2[1024];
.extern .shared .align 4 .b8 shr_4_lTe3[1024];
.extern .shared .align 4 .b8 shr_5_lTe4[1024];

.entry aes_vector_local_tables(
	.param .u32 .ptr .global .align 16 aes_vector_local_tables_param_0,
	.param .u32 .ptr .global .align 16 aes_vector_local_tables_param_1
)
{
	.reg .pred 	%p<2>;
	.reg .s32 	%r<602>;


	// inline asm
	mov.u32 	%r26, %envreg3;
	// inline asm
	// inline asm
	mov.u32 	%r27, %ntid.x;
	// inline asm
	// inline asm
	mov.u32 	%r28, %ctaid.x;
	// inline asm
	// inline asm
	mov.u32 	%r29, %tid.x;
	// inline asm
	add.s32 	%r31, %r29, %r26;
	mad.lo.s32 	%r3, %r28, %r27, %r31;
	// inline asm
	mov.u32 	%r30, %tid.x;
	// inline asm
	shl.b32 	%r32, %r30, 2;
	mov.u32 	%r33, Te0;
	add.s32 	%r34, %r33, %r32;
	mov.u32 	%r35, shr_1_lTe0;
	add.s32 	%r36, %r35, %r32;
	ld.const.u32 	%r37, [%r34];
	st.shared.u32 	[%r36], %r37;
	mov.u32 	%r38, Te1;
	add.s32 	%r39, %r38, %r32;
	mov.u32 	%r40, shr_2_lTe1;
	add.s32 	%r41, %r40, %r32;
	ld.const.u32 	%r42, [%r39];
	st.shared.u32 	[%r41], %r42;
	mov.u32 	%r43, Te2;
	add.s32 	%r44, %r43, %r32;
	mov.u32 	%r45, shr_3_lTe2;
	add.s32 	%r46, %r45, %r32;
	ld.const.u32 	%r47, [%r44];
	st.shared.u32 	[%r46], %r47;
	mov.u32 	%r48, Te3;
	add.s32 	%r49, %r48, %r32;
	mov.u32 	%r50, shr_4_lTe3;
	add.s32 	%r51, %r50, %r32;
	ld.const.u32 	%r52, [%r49];
	st.shared.u32 	[%r51], %r52;
	mov.u32 	%r53, Te4;
	add.s32 	%r54, %r53, %r32;
	mov.u32 	%r55, shr_5_lTe4;
	add.s32 	%r56, %r55, %r32;
	ld.const.u32 	%r57, [%r54];
	st.shared.u32 	[%r56], %r57;
	bar.sync 	0;
	shl.b32 	%r59, %r3, 4;
	ld.param.u32 	%r593, [aes_vector_local_tables_param_0];
	add.s32 	%r4, %r593, %r59;
	ld.global.v4.u32 	{%r517, %r518, %r519, %r520}, [%r4];
	mov.u32 	%r60, 24;
	shl.b32 	%r525, %r517, %r60;
	shl.b32 	%r526, %r518, %r60;
	shl.b32 	%r527, %r519, %r60;
	shl.b32 	%r528, %r520, %r60;
	mov.u32 	%r61, -16777216;
	and.b32  	%r533, %r525, %r61;
	and.b32  	%r534, %r526, %r61;
	and.b32  	%r535, %r527, %r61;
	and.b32  	%r536, %r528, %r61;
	mov.u32 	%r62, 8;
	shl.b32 	%r541, %r517, %r62;
	shl.b32 	%r542, %r518, %r62;
	shl.b32 	%r543, %r519, %r62;
	shl.b32 	%r544, %r520, %r62;
	mov.u32 	%r63, 16711680;
	and.b32  	%r549, %r541, %r63;
	and.b32  	%r550, %r542, %r63;
	and.b32  	%r551, %r543, %r63;
	and.b32  	%r552, %r544, %r63;
	or.b32  	%r553, %r533, %r549;
	or.b32  	%r554, %r534, %r550;
	or.b32  	%r555, %r535, %r551;
	or.b32  	%r556, %r536, %r552;
	shr.u32 	%r557, %r517, %r62;
	shr.u32 	%r558, %r518, %r62;
	shr.u32 	%r559, %r519, %r62;
	shr.u32 	%r560, %r520, %r62;
	mov.u32 	%r64, 65280;
	and.b32  	%r565, %r557, %r64;
	and.b32  	%r566, %r558, %r64;
	and.b32  	%r567, %r559, %r64;
	and.b32  	%r568, %r560, %r64;
	or.b32  	%r569, %r553, %r565;
	or.b32  	%r570, %r554, %r566;
	or.b32  	%r571, %r555, %r567;
	or.b32  	%r572, %r556, %r568;
	shr.u32 	%r573, %r517, %r60;
	shr.u32 	%r574, %r518, %r60;
	shr.u32 	%r575, %r519, %r60;
	shr.u32 	%r576, %r520, %r60;
	mov.u32 	%r65, 255;
	and.b32  	%r581, %r573, %r65;
	and.b32  	%r582, %r574, %r65;
	and.b32  	%r583, %r575, %r65;
	and.b32  	%r584, %r576, %r65;
	or.b32  	%r585, %r569, %r581;
	or.b32  	%r586, %r570, %r582;
	or.b32  	%r587, %r571, %r583;
	or.b32  	%r588, %r572, %r584;
	ld.param.u32 	%r597, [aes_vector_local_tables_param_1];
	ld.global.v4.u32 	{%r589, %r590, %r591, %r592}, [%r597];
	xor.b32  	%r598, %r585, %r589;
	xor.b32  	%r599, %r586, %r590;
	xor.b32  	%r600, %r587, %r591;
	xor.b32  	%r601, %r588, %r592;
	mov.u32 	%r596, 7;

BB0_1:
	mov.u32 	%r404, %r601;
	mov.u32 	%r403, %r600;
	mov.u32 	%r402, %r599;
	mov.u32 	%r401, %r598;
	mov.u32 	%r6, %r597;
	shr.u32 	%r413, %r401, %r62;
	shr.u32 	%r414, %r402, %r62;
	shr.u32 	%r415, %r403, %r62;
	shr.u32 	%r416, %r404, %r62;
	and.b32  	%r421, %r413, %r65;
	and.b32  	%r422, %r414, %r65;
	and.b32  	%r423, %r415, %r65;
	and.b32  	%r424, %r416, %r65;
	mov.u32 	%r68, 16;
	shr.u32 	%r429, %r401, %r68;
	shr.u32 	%r430, %r402, %r68;
	shr.u32 	%r431, %r403, %r68;
	shr.u32 	%r432, %r404, %r68;
	and.b32  	%r433, %r429, %r65;
	and.b32  	%r434, %r430, %r65;
	and.b32  	%r435, %r431, %r65;
	and.b32  	%r436, %r432, %r65;
	shr.u32 	%r441, %r401, %r60;
	shr.u32 	%r442, %r402, %r60;
	shr.u32 	%r443, %r403, %r60;
	shr.u32 	%r444, %r404, %r60;
	and.b32  	%r445, %r441, %r65;
	and.b32  	%r446, %r442, %r65;
	and.b32  	%r447, %r443, %r65;
	and.b32  	%r448, %r444, %r65;
	shl.b32 	%r71, %r445, 2;
	add.s32 	%r73, %r35, %r71;
	ld.shared.u32 	%r74, [%r73];
	shl.b32 	%r76, %r446, 2;
	add.s32 	%r77, %r35, %r76;
	ld.shared.u32 	%r78, [%r77];
	shl.b32 	%r80, %r447, 2;
	add.s32 	%r81, %r35, %r80;
	ld.shared.u32 	%r82, [%r81];
	shl.b32 	%r84, %r448, 2;
	add.s32 	%r85, %r35, %r84;
	ld.shared.u32 	%r86, [%r85];
	shl.b32 	%r88, %r434, 2;
	add.s32 	%r90, %r40, %r88;
	ld.shared.u32 	%r91, [%r90];
	shl.b32 	%r93, %r435, 2;
	add.s32 	%r94, %r40, %r93;
	ld.shared.u32 	%r95, [%r94];
	shl.b32 	%r97, %r436, 2;
	add.s32 	%r98, %r40, %r97;
	ld.shared.u32 	%r99, [%r98];
	shl.b32 	%r101, %r433, 2;
	add.s32 	%r102, %r40, %r101;
	ld.shared.u32 	%r103, [%r102];
	xor.b32  	%r457, %r74, %r91;
	xor.b32  	%r458, %r78, %r95;
	xor.b32  	%r459, %r82, %r99;
	xor.b32  	%r460, %r86, %r103;
	shl.b32 	%r105, %r423, 2;
	add.s32 	%r107, %r45, %r105;
	ld.shared.u32 	%r108, [%r107];
	shl.b32 	%r110, %r424, 2;
	add.s32 	%r111, %r45, %r110;
	ld.shared.u32 	%r112, [%r111];
	shl.b32 	%r114, %r421, 2;
	add.s32 	%r115, %r45, %r114;
	ld.shared.u32 	%r116, [%r115];
	shl.b32 	%r118, %r422, 2;
	add.s32 	%r119, %r45, %r118;
	ld.shared.u32 	%r120, [%r119];
	xor.b32  	%r465, %r457, %r108;
	xor.b32  	%r466, %r458, %r112;
	xor.b32  	%r467, %r459, %r116;
	xor.b32  	%r468, %r460, %r120;
	and.b32  	%r469, %r401, %r65;
	and.b32  	%r470, %r402, %r65;
	and.b32  	%r471, %r403, %r65;
	and.b32  	%r472, %r404, %r65;
	shl.b32 	%r122, %r472, 2;
	add.s32 	%r124, %r50, %r122;
	ld.shared.u32 	%r125, [%r124];
	shl.b32 	%r127, %r469, 2;
	add.s32 	%r128, %r50, %r127;
	ld.shared.u32 	%r129, [%r128];
	shl.b32 	%r131, %r470, 2;
	add.s32 	%r132, %r50, %r131;
	ld.shared.u32 	%r133, [%r132];
	shl.b32 	%r135, %r471, 2;
	add.s32 	%r136, %r50, %r135;
	ld.shared.u32 	%r137, [%r136];
	xor.b32  	%r477, %r465, %r125;
	xor.b32  	%r478, %r466, %r129;
	xor.b32  	%r479, %r467, %r133;
	xor.b32  	%r480, %r468, %r137;
	ld.global.v4.u32 	{%r481, %r482, %r483, %r484}, [%r6+16];
	xor.b32  	%r485, %r477, %r481;
	xor.b32  	%r486, %r478, %r482;
	xor.b32  	%r487, %r479, %r483;
	xor.b32  	%r488, %r480, %r484;
	and.b32  	%r489, %r485, %r65;
	and.b32  	%r490, %r486, %r65;
	and.b32  	%r491, %r487, %r65;
	and.b32  	%r492, %r488, %r65;
	shr.u32 	%r493, %r485, %r62;
	shr.u32 	%r494, %r486, %r62;
	shr.u32 	%r495, %r487, %r62;
	shr.u32 	%r496, %r488, %r62;
	and.b32  	%r497, %r493, %r65;
	and.b32  	%r498, %r494, %r65;
	and.b32  	%r499, %r495, %r65;
	and.b32  	%r500, %r496, %r65;
	shr.u32 	%r501, %r485, %r68;
	shr.u32 	%r502, %r486, %r68;
	shr.u32 	%r503, %r487, %r68;
	shr.u32 	%r504, %r488, %r68;
	and.b32  	%r505, %r501, %r65;
	and.b32  	%r506, %r502, %r65;
	and.b32  	%r507, %r503, %r65;
	and.b32  	%r508, %r504, %r65;
	shr.u32 	%r509, %r485, %r60;
	shr.u32 	%r510, %r486, %r60;
	shr.u32 	%r511, %r487, %r60;
	shr.u32 	%r512, %r488, %r60;
	and.b32  	%r513, %r509, %r65;
	and.b32  	%r514, %r510, %r65;
	and.b32  	%r515, %r511, %r65;
	and.b32  	%r516, %r512, %r65;
	add.s32 	%r24, %r6, 32;
	add.s32 	%r596, %r596, -1;
	setp.eq.s32 	%p1, %r596, 0;
	@%p1 bra 	BB0_3;

	shl.b32 	%r138, %r513, 2;
	add.s32 	%r140, %r35, %r138;
	ld.shared.u32 	%r141, [%r140];
	shl.b32 	%r142, %r514, 2;
	add.s32 	%r143, %r35, %r142;
	ld.shared.u32 	%r144, [%r143];
	shl.b32 	%r145, %r515, 2;
	add.s32 	%r146, %r35, %r145;
	ld.shared.u32 	%r147, [%r146];
	shl.b32 	%r148, %r516, 2;
	add.s32 	%r149, %r35, %r148;
	ld.shared.u32 	%r150, [%r149];
	shl.b32 	%r151, %r506, 2;
	add.s32 	%r153, %r40, %r151;
	ld.shared.u32 	%r154, [%r153];
	shl.b32 	%r155, %r507, 2;
	add.s32 	%r156, %r40, %r155;
	ld.shared.u32 	%r157, [%r156];
	shl.b32 	%r158, %r508, 2;
	add.s32 	%r159, %r40, %r158;
	ld.shared.u32 	%r160, [%r159];
	shl.b32 	%r161, %r505, 2;
	add.s32 	%r162, %r40, %r161;
	ld.shared.u32 	%r163, [%r162];
	xor.b32  	%r373, %r141, %r154;
	xor.b32  	%r374, %r144, %r157;
	xor.b32  	%r375, %r147, %r160;
	xor.b32  	%r376, %r150, %r163;
	shl.b32 	%r164, %r499, 2;
	add.s32 	%r166, %r45, %r164;
	ld.shared.u32 	%r167, [%r166];
	shl.b32 	%r168, %r500, 2;
	add.s32 	%r169, %r45, %r168;
	ld.shared.u32 	%r170, [%r169];
	shl.b32 	%r171, %r497, 2;
	add.s32 	%r172, %r45, %r171;
	ld.shared.u32 	%r173, [%r172];
	shl.b32 	%r174, %r498, 2;
	add.s32 	%r175, %r45, %r174;
	ld.shared.u32 	%r176, [%r175];
	xor.b32  	%r381, %r373, %r167;
	xor.b32  	%r382, %r374, %r170;
	xor.b32  	%r383, %r375, %r173;
	xor.b32  	%r384, %r376, %r176;
	shl.b32 	%r177, %r492, 2;
	add.s32 	%r179, %r50, %r177;
	ld.shared.u32 	%r180, [%r179];
	shl.b32 	%r181, %r489, 2;
	add.s32 	%r182, %r50, %r181;
	ld.shared.u32 	%r183, [%r182];
	shl.b32 	%r184, %r490, 2;
	add.s32 	%r185, %r50, %r184;
	ld.shared.u32 	%r186, [%r185];
	shl.b32 	%r187, %r491, 2;
	add.s32 	%r188, %r50, %r187;
	ld.shared.u32 	%r189, [%r188];
	xor.b32  	%r389, %r381, %r180;
	xor.b32  	%r390, %r382, %r183;
	xor.b32  	%r391, %r383, %r186;
	xor.b32  	%r392, %r384, %r189;
	ld.global.v4.u32 	{%r393, %r394, %r395, %r396}, [%r6+32];
	xor.b32  	%r397, %r389, %r393;
	xor.b32  	%r398, %r390, %r394;
	xor.b32  	%r399, %r391, %r395;
	xor.b32  	%r400, %r392, %r396;
	mov.u32 	%r597, %r24;
	mov.u32 	%r598, %r397;
	mov.u32 	%r599, %r398;
	mov.u32 	%r600, %r399;
	mov.u32 	%r601, %r400;
	bra.uni 	BB0_1;

BB0_3:
	shl.b32 	%r190, %r513, 2;
	add.s32 	%r192, %r55, %r190;
	ld.shared.u32 	%r193, [%r192];
	shl.b32 	%r194, %r514, 2;
	add.s32 	%r195, %r55, %r194;
	ld.shared.u32 	%r196, [%r195];
	shl.b32 	%r197, %r515, 2;
	add.s32 	%r198, %r55, %r197;
	ld.shared.u32 	%r199, [%r198];
	shl.b32 	%r200, %r516, 2;
	add.s32 	%r201, %r55, %r200;
	ld.shared.u32 	%r202, [%r201];
	and.b32  	%r253, %r193, %r61;
	and.b32  	%r254, %r196, %r61;
	and.b32  	%r255, %r199, %r61;
	and.b32  	%r256, %r202, %r61;
	shl.b32 	%r204, %r506, 2;
	add.s32 	%r205, %r55, %r204;
	ld.shared.u32 	%r206, [%r205];
	shl.b32 	%r207, %r507, 2;
	add.s32 	%r208, %r55, %r207;
	ld.shared.u32 	%r209, [%r208];
	shl.b32 	%r210, %r508, 2;
	add.s32 	%r211, %r55, %r210;
	ld.shared.u32 	%r212, [%r211];
	shl.b32 	%r213, %r505, 2;
	add.s32 	%r214, %r55, %r213;
	ld.shared.u32 	%r215, [%r214];
	and.b32  	%r265, %r206, %r63;
	and.b32  	%r266, %r209, %r63;
	and.b32  	%r267, %r212, %r63;
	and.b32  	%r268, %r215, %r63;
	or.b32  	%r269, %r253, %r265;
	or.b32  	%r270, %r254, %r266;
	or.b32  	%r271, %r255, %r267;
	or.b32  	%r272, %r256, %r268;
	shl.b32 	%r217, %r499, 2;
	add.s32 	%r218, %r55, %r217;
	ld.shared.u32 	%r219, [%r218];
	shl.b32 	%r220, %r500, 2;
	add.s32 	%r221, %r55, %r220;
	ld.shared.u32 	%r222, [%r221];
	shl.b32 	%r223, %r497, 2;
	add.s32 	%r224, %r55, %r223;
	ld.shared.u32 	%r225, [%r224];
	shl.b32 	%r226, %r498, 2;
	add.s32 	%r227, %r55, %r226;
	ld.shared.u32 	%r228, [%r227];
	and.b32  	%r281, %r219, %r64;
	and.b32  	%r282, %r222, %r64;
	and.b32  	%r283, %r225, %r64;
	and.b32  	%r284, %r228, %r64;
	or.b32  	%r285, %r269, %r281;
	or.b32  	%r286, %r270, %r282;
	or.b32  	%r287, %r271, %r283;
	or.b32  	%r288, %r272, %r284;
	shl.b32 	%r230, %r492, 2;
	add.s32 	%r231, %r55, %r230;
	ld.shared.u32 	%r232, [%r231];
	shl.b32 	%r233, %r489, 2;
	add.s32 	%r234, %r55, %r233;
	ld.shared.u32 	%r235, [%r234];
	shl.b32 	%r236, %r490, 2;
	add.s32 	%r237, %r55, %r236;
	ld.shared.u32 	%r238, [%r237];
	shl.b32 	%r239, %r491, 2;
	add.s32 	%r240, %r55, %r239;
	ld.shared.u32 	%r241, [%r240];
	and.b32  	%r297, %r232, %r65;
	and.b32  	%r298, %r235, %r65;
	and.b32  	%r299, %r238, %r65;
	and.b32  	%r300, %r241, %r65;
	or.b32  	%r301, %r285, %r297;
	or.b32  	%r302, %r286, %r298;
	or.b32  	%r303, %r287, %r299;
	or.b32  	%r304, %r288, %r300;
	ld.param.u32 	%r595, [aes_vector_local_tables_param_1];
	ld.global.v4.u32 	{%r305, %r306, %r307, %r308}, [%r595+224];
	xor.b32  	%r309, %r301, %r305;
	xor.b32  	%r310, %r302, %r306;
	xor.b32  	%r311, %r303, %r307;
	xor.b32  	%r312, %r304, %r308;
	shl.b32 	%r317, %r309, %r60;
	shl.b32 	%r318, %r310, %r60;
	shl.b32 	%r319, %r311, %r60;
	shl.b32 	%r320, %r312, %r60;
	and.b32  	%r321, %r317, %r61;
	and.b32  	%r322, %r318, %r61;
	and.b32  	%r323, %r319, %r61;
	and.b32  	%r324, %r320, %r61;
	shl.b32 	%r329, %r309, %r62;
	shl.b32 	%r330, %r310, %r62;
	shl.b32 	%r331, %r311, %r62;
	shl.b32 	%r332, %r312, %r62;
	and.b32  	%r333, %r329, %r63;
	and.b32  	%r334, %r330, %r63;
	and.b32  	%r335, %r331, %r63;
	and.b32  	%r336, %r332, %r63;
	or.b32  	%r337, %r321, %r333;
	or.b32  	%r338, %r322, %r334;
	or.b32  	%r339, %r323, %r335;
	or.b32  	%r340, %r324, %r336;
	shr.u32 	%r341, %r309, %r62;
	shr.u32 	%r342, %r310, %r62;
	shr.u32 	%r343, %r311, %r62;
	shr.u32 	%r344, %r312, %r62;
	and.b32  	%r345, %r341, %r64;
	and.b32  	%r346, %r342, %r64;
	and.b32  	%r347, %r343, %r64;
	and.b32  	%r348, %r344, %r64;
	or.b32  	%r349, %r337, %r345;
	or.b32  	%r350, %r338, %r346;
	or.b32  	%r351, %r339, %r347;
	or.b32  	%r352, %r340, %r348;
	shr.u32 	%r353, %r309, %r60;
	shr.u32 	%r354, %r310, %r60;
	shr.u32 	%r355, %r311, %r60;
	shr.u32 	%r356, %r312, %r60;
	and.b32  	%r357, %r353, %r65;
	and.b32  	%r358, %r354, %r65;
	and.b32  	%r359, %r355, %r65;
	and.b32  	%r360, %r356, %r65;
	or.b32  	%r361, %r349, %r357;
	or.b32  	%r362, %r350, %r358;
	or.b32  	%r363, %r351, %r359;
	or.b32  	%r364, %r352, %r360;
	st.global.v4.u32 	[%r4], {%r361, %r362, %r363, %r364};
	ret;
}