//
// Generated by NVIDIA NVVM Compiler
// Compiler built on Tue May 15 08:50:53 2012 (1337064653)
// Driver 
//

.version 3.0
.target sm_11, texmode_independent
.address_size 32

.visible .const .align 4 .u32 timestamp = 1347021577;
.visible .const .align 4 .b8 Te0[1024] = {165, 99, 99, 198, 132, 124, 124, 248, 153, 119, 119, 238, 141, 123, 123, 246, 13, 242, 242, 255, 189, 107, 107, 214, 177, 111, 111, 222, 84, 197, 197, 145, 80, 48, 48, 96, 3, 1, 1, 2, 169, 103, 103, 206, 125, 43, 43, 86, 25, 254, 254, 231, 98, 215, 215, 181, 230, 171, 171, 77, 154, 118, 118, 236, 69, 202, 202, 143, 157, 130, 130, 31, 64, 201, 201, 137, 135, 125, 125, 250, 21, 250, 250, 239, 235, 89, 89, 178, 201, 71, 71, 142, 11, 240, 240, 251, 236, 173, 173, 65, 103, 212, 212, 179, 253, 162, 162, 95, 234, 175, 175, 69, 191, 156, 156, 35, 247, 164, 164, 83, 150, 114, 114, 228, 91, 192, 192, 155, 194, 183, 183, 117, 28, 253, 253, 225, 174, 147, 147, 61, 106, 38, 38, 76, 90, 54, 54, 108, 65, 63, 63, 126, 2, 247, 247, 245, 79, 204, 204, 131, 92, 52, 52, 104, 244, 165, 165, 81, 52, 229, 229, 209, 8, 241, 241, 249, 147, 113, 113, 226, 115, 216, 216, 171, 83, 49, 49, 98, 63, 21, 21, 42, 12, 4, 4, 8, 82, 199, 199, 149, 101, 35, 35, 70, 94, 195, 195, 157, 40, 24, 24, 48, 161, 150, 150, 55, 15, 5, 5, 10, 181, 154, 154, 47, 9, 7, 7, 14, 54, 18, 18, 36, 155, 128, 128, 27, 61, 226, 226, 223, 38, 235, 235, 205, 105, 39, 39, 78, 205, 178, 178, 127, 159, 117, 117, 234, 27, 9, 9, 18, 158, 131, 131, 29, 116, 44, 44, 88, 46, 26, 26, 52, 45, 27, 27, 54, 178, 110, 110, 220, 238, 90, 90, 180, 251, 160, 160, 91, 246, 82, 82, 164, 77, 59, 59, 118, 97, 214, 214, 183, 206, 179, 179, 125, 123, 41, 41, 82, 62, 227, 227, 221, 113, 47, 47, 94, 151, 132, 132, 19, 245, 83, 83, 166, 104, 209, 209, 185, 0, 0, 0, 0, 44, 237, 237, 193, 96, 32, 32, 64, 31, 252, 252, 227, 200, 177, 177, 121, 237, 91, 91, 182, 190, 106, 106, 212, 70, 203, 203, 141, 217, 190, 190, 103, 75, 57, 57, 114, 222, 74, 74, 148, 212, 76, 76, 152, 232, 88, 88, 176, 74, 207, 207, 133, 107, 208, 208, 187, 42, 239, 239, 197, 229, 170, 170, 79, 22, 251, 251, 237, 197, 67, 67, 134, 215, 77, 77, 154, 85, 51, 51, 102, 148, 133, 133, 17, 207, 69, 69, 138, 16, 249, 249, 233, 6, 2, 2, 4, 129, 127, 127, 254, 240, 80, 80, 160, 68, 60, 60, 120, 186, 159, 159, 37, 227, 168, 168, 75, 243, 81, 81, 162, 254, 163, 163, 93, 192, 64, 64, 128, 138, 143, 143, 5, 173, 146, 146, 63, 188, 157, 157, 33, 72, 56, 56, 112, 4, 245, 245, 241, 223, 188, 188, 99, 193, 182, 182, 119, 117, 218, 218, 175, 99, 33, 33, 66, 48, 16, 16, 32, 26, 255, 255, 229, 14, 243, 243, 253, 109, 210, 210, 191, 76, 205, 205, 129, 20, 12, 12, 24, 53, 19, 19, 38, 47, 236, 236, 195, 225, 95, 95, 190, 162, 151, 151, 53, 204, 68, 68, 136, 57, 23, 23, 46, 87, 196, 196, 147, 242, 167, 167, 85, 130, 126, 126, 252, 71, 61, 61, 122, 172, 100, 100, 200, 231, 93, 93, 186, 43, 25, 25, 50, 149, 115, 115, 230, 160, 96, 96, 192, 152, 129, 129, 25, 209, 79, 79, 158, 127, 220, 220, 163, 102, 34, 34, 68, 126, 42, 42, 84, 171, 144, 144, 59, 131, 136, 136, 11, 202, 70, 70, 140, 41, 238, 238, 199, 211, 184, 184, 107, 60, 20, 20, 40, 121, 222, 222, 167, 226, 94, 94, 188, 29, 11, 11, 22, 118, 219, 219, 173, 59, 224, 224, 219, 86, 50, 50, 100, 78, 58, 58, 116, 30, 10, 10, 20, 219, 73, 73, 146, 10, 6, 6, 12, 108, 36, 36, 72, 228, 92, 92, 184, 93, 194, 194, 159, 110, 211, 211, 189, 239, 172, 172, 67, 166, 98, 98, 196, 168, 145, 145, 57, 164, 149, 149, 49, 55, 228, 228, 211, 139, 121, 121, 242, 50, 231, 231, 213, 67, 200, 200, 139, 89, 55, 55, 110, 183, 109, 109, 218, 140, 141, 141, 1, 100, 213, 213, 177, 210, 78, 78, 156, 224, 169, 169, 73, 180, 108, 108, 216, 250, 86, 86, 172, 7, 244, 244, 243, 37, 234, 234, 207, 175, 101, 101, 202, 142, 122, 122, 244, 233, 174, 174, 71, 24, 8, 8, 16, 213, 186, 186, 111, 136, 120, 120, 240, 111, 37, 37, 74, 114, 46, 46, 92, 36, 28, 28, 56, 241, 166, 166, 87, 199, 180, 180, 115, 81, 198, 198, 151, 35, 232, 232, 203, 124, 221, 221, 161, 156, 116, 116, 232, 33, 31, 31, 62, 221, 75, 75, 150, 220, 189, 189, 97, 134, 139, 139, 13, 133, 138, 138, 15, 144, 112, 112, 224, 66, 62, 62, 124, 196, 181, 181, 113, 170, 102, 102, 204, 216, 72, 72, 144, 5, 3, 3, 6, 1, 246, 246, 247, 18, 14, 14, 28, 163, 97, 97, 194, 95, 53, 53, 106, 249, 87, 87, 174, 208, 185, 185, 105, 145, 134, 134, 23, 88, 193, 193, 153, 39, 29, 29, 58, 185, 158, 158, 39, 56, 225, 225, 217, 19, 248, 248, 235, 179, 152, 152, 43, 51, 17, 17, 34, 187, 105, 105, 210, 112, 217, 217, 169, 137, 142, 142, 7, 167, 148, 148, 51, 182, 155, 155, 45, 34, 30, 30, 60, 146, 135, 135, 21, 32, 233, 233, 201, 73, 206, 206, 135, 255, 85, 85, 170, 120, 40, 40, 80, 122, 223, 223, 165, 143, 140, 140, 3, 248, 161, 161, 89, 128, 137, 137, 9, 23, 13, 13, 26, 218, 191, 191, 101, 49, 230, 230, 215, 198, 66, 66, 132, 184, 104, 104, 208, 195, 65, 65, 130, 176, 153, 153, 41, 119, 45, 45, 90, 17, 15, 15, 30, 203, 176, 176, 123, 252, 84, 84, 168, 214, 187, 187, 109, 58, 22, 22, 44};
.visible .const .align 4 .b8 Te1[1024] = {99, 99, 198, 165, 124, 124, 248, 132, 119, 119, 238, 153, 123, 123, 246, 141, 242, 242, 255, 13, 107, 107, 214, 189, 111, 111, 222, 177, 197, 197, 145, 84, 48, 48, 96, 80, 1, 1, 2, 3, 103, 103, 206, 169, 43, 43, 86, 125, 254, 254, 231, 25, 215, 215, 181, 98, 171, 171, 77, 230, 118, 118, 236, 154, 202, 202, 143, 69, 130, 130, 31, 157, 201, 201, 137, 64, 125, 125, 250, 135, 250, 250, 239, 21, 89, 89, 178, 235, 71, 71, 142, 201, 240, 240, 251, 11, 173, 173, 65, 236, 212, 212, 179, 103, 162, 162, 95, 253, 175, 175, 69, 234, 156, 156, 35, 191, 164, 164, 83, 247, 114, 114, 228, 150, 192, 192, 155, 91, 183, 183, 117, 194, 253, 253, 225, 28, 147, 147, 61, 174, 38, 38, 76, 106, 54, 54, 108, 90, 63, 63, 126, 65, 247, 247, 245, 2, 204, 204, 131, 79, 52, 52, 104, 92, 165, 165, 81, 244, 229, 229, 209, 52, 241, 241, 249, 8, 113, 113, 226, 147, 216, 216, 171, 115, 49, 49, 98, 83, 21, 21, 42, 63, 4, 4, 8, 12, 199, 199, 149, 82, 35, 35, 70, 101, 195, 195, 157, 94, 24, 24, 48, 40, 150, 150, 55, 161, 5, 5, 10, 15, 154, 154, 47, 181, 7, 7, 14, 9, 18, 18, 36, 54, 128, 128, 27, 155, 226, 226, 223, 61, 235, 235, 205, 38, 39, 39, 78, 105, 178, 178, 127, 205, 117, 117, 234, 159, 9, 9, 18, 27, 131, 131, 29, 158, 44, 44, 88, 116, 26, 26, 52, 46, 27, 27, 54, 45, 110, 110, 220, 178, 90, 90, 180, 238, 160, 160, 91, 251, 82, 82, 164, 246, 59, 59, 118, 77, 214, 214, 183, 97, 179, 179, 125, 206, 41, 41, 82, 123, 227, 227, 221, 62, 47, 47, 94, 113, 132, 132, 19, 151, 83, 83, 166, 245, 209, 209, 185, 104, 0, 0, 0, 0, 237, 237, 193, 44, 32, 32, 64, 96, 252, 252, 227, 31, 177, 177, 121, 200, 91, 91, 182, 237, 106, 106, 212, 190, 203, 203, 141, 70, 190, 190, 103, 217, 57, 57, 114, 75, 74, 74, 148, 222, 76, 76, 152, 212, 88, 88, 176, 232, 207, 207, 133, 74, 208, 208, 187, 107, 239, 239, 197, 42, 170, 170, 79, 229, 251, 251, 237, 22, 67, 67, 134, 197, 77, 77, 154, 215, 51, 51, 102, 85, 133, 133, 17, 148, 69, 69, 138, 207, 249, 249, 233, 16, 2, 2, 4, 6, 127, 127, 254, 129, 80, 80, 160, 240, 60, 60, 120, 68, 159, 159, 37, 186, 168, 168, 75, 227, 81, 81, 162, 243, 163, 163, 93, 254, 64, 64, 128, 192, 143, 143, 5, 138, 146, 146, 63, 173, 157, 157, 33, 188, 56, 56, 112, 72, 245, 245, 241, 4, 188, 188, 99, 223, 182, 182, 119, 193, 218, 218, 175, 117, 33, 33, 66, 99, 16, 16, 32, 48, 255, 255, 229, 26, 243, 243, 253, 14, 210, 210, 191, 109, 205, 205, 129, 76, 12, 12, 24, 20, 19, 19, 38, 53, 236, 236, 195, 47, 95, 95, 190, 225, 151, 151, 53, 162, 68, 68, 136, 204, 23, 23, 46, 57, 196, 196, 147, 87, 167, 167, 85, 242, 126, 126, 252, 130, 61, 61, 122, 71, 100, 100, 200, 172, 93, 93, 186, 231, 25, 25, 50, 43, 115, 115, 230, 149, 96, 96, 192, 160, 129, 129, 25, 152, 79, 79, 158, 209, 220, 220, 163, 127, 34, 34, 68, 102, 42, 42, 84, 126, 144, 144, 59, 171, 136, 136, 11, 131, 70, 70, 140, 202, 238, 238, 199, 41, 184, 184, 107, 211, 20, 20, 40, 60, 222, 222, 167, 121, 94, 94, 188, 226, 11, 11, 22, 29, 219, 219, 173, 118, 224, 224, 219, 59, 50, 50, 100, 86, 58, 58, 116, 78, 10, 10, 20, 30, 73, 73, 146, 219, 6, 6, 12, 10, 36, 36, 72, 108, 92, 92, 184, 228, 194, 194, 159, 93, 211, 211, 189, 110, 172, 172, 67, 239, 98, 98, 196, 166, 145, 145, 57, 168, 149, 149, 49, 164, 228, 228, 211, 55, 121, 121, 242, 139, 231, 231, 213, 50, 200, 200, 139, 67, 55, 55, 110, 89, 109, 109, 218, 183, 141, 141, 1, 140, 213, 213, 177, 100, 78, 78, 156, 210, 169, 169, 73, 224, 108, 108, 216, 180, 86, 86, 172, 250, 244, 244, 243, 7, 234, 234, 207, 37, 101, 101, 202, 175, 122, 122, 244, 142, 174, 174, 71, 233, 8, 8, 16, 24, 186, 186, 111, 213, 120, 120, 240, 136, 37, 37, 74, 111, 46, 46, 92, 114, 28, 28, 56, 36, 166, 166, 87, 241, 180, 180, 115, 199, 198, 198, 151, 81, 232, 232, 203, 35, 221, 221, 161, 124, 116, 116, 232, 156, 31, 31, 62, 33, 75, 75, 150, 221, 189, 189, 97, 220, 139, 139, 13, 134, 138, 138, 15, 133, 112, 112, 224, 144, 62, 62, 124, 66, 181, 181, 113, 196, 102, 102, 204, 170, 72, 72, 144, 216, 3, 3, 6, 5, 246, 246, 247, 1, 14, 14, 28, 18, 97, 97, 194, 163, 53, 53, 106, 95, 87, 87, 174, 249, 185, 185, 105, 208, 134, 134, 23, 145, 193, 193, 153, 88, 29, 29, 58, 39, 158, 158, 39, 185, 225, 225, 217, 56, 248, 248, 235, 19, 152, 152, 43, 179, 17, 17, 34, 51, 105, 105, 210, 187, 217, 217, 169, 112, 142, 142, 7, 137, 148, 148, 51, 167, 155, 155, 45, 182, 30, 30, 60, 34, 135, 135, 21, 146, 233, 233, 201, 32, 206, 206, 135, 73, 85, 85, 170, 255, 40, 40, 80, 120, 223, 223, 165, 122, 140, 140, 3, 143, 161, 161, 89, 248, 137, 137, 9, 128, 13, 13, 26, 23, 191, 191, 101, 218, 230, 230, 215, 49, 66, 66, 132, 198, 104, 104, 208, 184, 65, 65, 130, 195, 153, 153, 41, 176, 45, 45, 90, 119, 15, 15, 30, 17, 176, 176, 123, 203, 84, 84, 168, 252, 187, 187, 109, 214, 22, 22, 44, 58};
.visible .const .align 4 .b8 Te2[1024] = {99, 198, 165, 99, 124, 248, 132, 124, 119, 238, 153, 119, 123, 246, 141, 123, 242, 255, 13, 242, 107, 214, 189, 107, 111, 222, 177, 111, 197, 145, 84, 197, 48, 96, 80, 48, 1, 2, 3, 1, 103, 206, 169, 103, 43, 86, 125, 43, 254, 231, 25, 254, 215, 181, 98, 215, 171, 77, 230, 171, 118, 236, 154, 118, 202, 143, 69, 202, 130, 31, 157, 130, 201, 137, 64, 201, 125, 250, 135, 125, 250, 239, 21, 250, 89, 178, 235, 89, 71, 142, 201, 71, 240, 251, 11, 240, 173, 65, 236, 173, 212, 179, 103, 212, 162, 95, 253, 162, 175, 69, 234, 175, 156, 35, 191, 156, 164, 83, 247, 164, 114, 228, 150, 114, 192, 155, 91, 192, 183, 117, 194, 183, 253, 225, 28, 253, 147, 61, 174, 147, 38, 76, 106, 38, 54, 108, 90, 54, 63, 126, 65, 63, 247, 245, 2, 247, 204, 131, 79, 204, 52, 104, 92, 52, 165, 81, 244, 165, 229, 209, 52, 229, 241, 249, 8, 241, 113, 226, 147, 113, 216, 171, 115, 216, 49, 98, 83, 49, 21, 42, 63, 21, 4, 8, 12, 4, 199, 149, 82, 199, 35, 70, 101, 35, 195, 157, 94, 195, 24, 48, 40, 24, 150, 55, 161, 150, 5, 10, 15, 5, 154, 47, 181, 154, 7, 14, 9, 7, 18, 36, 54, 18, 128, 27, 155, 128, 226, 223, 61, 226, 235, 205, 38, 235, 39, 78, 105, 39, 178, 127, 205, 178, 117, 234, 159, 117, 9, 18, 27, 9, 131, 29, 158, 131, 44, 88, 116, 44, 26, 52, 46, 26, 27, 54, 45, 27, 110, 220, 178, 110, 90, 180, 238, 90, 160, 91, 251, 160, 82, 164, 246, 82, 59, 118, 77, 59, 214, 183, 97, 214, 179, 125, 206, 179, 41, 82, 123, 41, 227, 221, 62, 227, 47, 94, 113, 47, 132, 19, 151, 132, 83, 166, 245, 83, 209, 185, 104, 209, 0, 0, 0, 0, 237, 193, 44, 237, 32, 64, 96, 32, 252, 227, 31, 252, 177, 121, 200, 177, 91, 182, 237, 91, 106, 212, 190, 106, 203, 141, 70, 203, 190, 103, 217, 190, 57, 114, 75, 57, 74, 148, 222, 74, 76, 152, 212, 76, 88, 176, 232, 88, 207, 133, 74, 207, 208, 187, 107, 208, 239, 197, 42, 239, 170, 79, 229, 170, 251, 237, 22, 251, 67, 134, 197, 67, 77, 154, 215, 77, 51, 102, 85, 51, 133, 17, 148, 133, 69, 138, 207, 69, 249, 233, 16, 249, 2, 4, 6, 2, 127, 254, 129, 127, 80, 160, 240, 80, 60, 120, 68, 60, 159, 37, 186, 159, 168, 75, 227, 168, 81, 162, 243, 81, 163, 93, 254, 163, 64, 128, 192, 64, 143, 5, 138, 143, 146, 63, 173, 146, 157, 33, 188, 157, 56, 112, 72, 56, 245, 241, 4, 245, 188, 99, 223, 188, 182, 119, 193, 182, 218, 175, 117, 218, 33, 66, 99, 33, 16, 32, 48, 16, 255, 229, 26, 255, 243, 253, 14, 243, 210, 191, 109, 210, 205, 129, 76, 205, 12, 24, 20, 12, 19, 38, 53, 19, 236, 195, 47, 236, 95, 190, 225, 95, 151, 53, 162, 151, 68, 136, 204, 68, 23, 46, 57, 23, 196, 147, 87, 196, 167, 85, 242, 167, 126, 252, 130, 126, 61, 122, 71, 61, 100, 200, 172, 100, 93, 186, 231, 93, 25, 50, 43, 25, 115, 230, 149, 115, 96, 192, 160, 96, 129, 25, 152, 129, 79, 158, 209, 79, 220, 163, 127, 220, 34, 68, 102, 34, 42, 84, 126, 42, 144, 59, 171, 144, 136, 11, 131, 136, 70, 140, 202, 70, 238, 199, 41, 238, 184, 107, 211, 184, 20, 40, 60, 20, 222, 167, 121, 222, 94, 188, 226, 94, 11, 22, 29, 11, 219, 173, 118, 219, 224, 219, 59, 224, 50, 100, 86, 50, 58, 116, 78, 58, 10, 20, 30, 10, 73, 146, 219, 73, 6, 12, 10, 6, 36, 72, 108, 36, 92, 184, 228, 92, 194, 159, 93, 194, 211, 189, 110, 211, 172, 67, 239, 172, 98, 196, 166, 98, 145, 57, 168, 145, 149, 49, 164, 149, 228, 211, 55, 228, 121, 242, 139, 121, 231, 213, 50, 231, 200, 139, 67, 200, 55, 110, 89, 55, 109, 218, 183, 109, 141, 1, 140, 141, 213, 177, 100, 213, 78, 156, 210, 78, 169, 73, 224, 169, 108, 216, 180, 108, 86, 172, 250, 86, 244, 243, 7, 244, 234, 207, 37, 234, 101, 202, 175, 101, 122, 244, 142, 122, 174, 71, 233, 174, 8, 16, 24, 8, 186, 111, 213, 186, 120, 240, 136, 120, 37, 74, 111, 37, 46, 92, 114, 46, 28, 56, 36, 28, 166, 87, 241, 166, 180, 115, 199, 180, 198, 151, 81, 198, 232, 203, 35, 232, 221, 161, 124, 221, 116, 232, 156, 116, 31, 62, 33, 31, 75, 150, 221, 75, 189, 97, 220, 189, 139, 13, 134, 139, 138, 15, 133, 138, 112, 224, 144, 112, 62, 124, 66, 62, 181, 113, 196, 181, 102, 204, 170, 102, 72, 144, 216, 72, 3, 6, 5, 3, 246, 247, 1, 246, 14, 28, 18, 14, 97, 194, 163, 97, 53, 106, 95, 53, 87, 174, 249, 87, 185, 105, 208, 185, 134, 23, 145, 134, 193, 153, 88, 193, 29, 58, 39, 29, 158, 39, 185, 158, 225, 217, 56, 225, 248, 235, 19, 248, 152, 43, 179, 152, 17, 34, 51, 17, 105, 210, 187, 105, 217, 169, 112, 217, 142, 7, 137, 142, 148, 51, 167, 148, 155, 45, 182, 155, 30, 60, 34, 30, 135, 21, 146, 135, 233, 201, 32, 233, 206, 135, 73, 206, 85, 170, 255, 85, 40, 80, 120, 40, 223, 165, 122, 223, 140, 3, 143, 140, 161, 89, 248, 161, 137, 9, 128, 137, 13, 26, 23, 13, 191, 101, 218, 191, 230, 215, 49, 230, 66, 132, 198, 66, 104, 208, 184, 104, 65, 130, 195, 65, 153, 41, 176, 153, 45, 90, 119, 45, 15, 30, 17, 15, 176, 123, 203, 176, 84, 168, 252, 84, 187, 109, 214, 187, 22, 44, 58, 22};
.visible .const .align 4 .b8 Te3[1024] = {198, 165, 99, 99, 248, 132, 124, 124, 238, 153, 119, 119, 246, 141, 123, 123, 255, 13, 242, 242, 214, 189, 107, 107, 222, 177, 111, 111, 145, 84, 197, 197, 96, 80, 48, 48, 2, 3, 1, 1, 206, 169, 103, 103, 86, 125, 43, 43, 231, 25, 254, 254, 181, 98, 215, 215, 77, 230, 171, 171, 236, 154, 118, 118, 143, 69, 202, 202, 31, 157, 130, 130, 137, 64, 201, 201, 250, 135, 125, 125, 239, 21, 250, 250, 178, 235, 89, 89, 142, 201, 71, 71, 251, 11, 240, 240, 65, 236, 173, 173, 179, 103, 212, 212, 95, 253, 162, 162, 69, 234, 175, 175, 35, 191, 156, 156, 83, 247, 164, 164, 228, 150, 114, 114, 155, 91, 192, 192, 117, 194, 183, 183, 225, 28, 253, 253, 61, 174, 147, 147, 76, 106, 38, 38, 108, 90, 54, 54, 126, 65, 63, 63, 245, 2, 247, 247, 131, 79, 204, 204, 104, 92, 52, 52, 81, 244, 165, 165, 209, 52, 229, 229, 249, 8, 241, 241, 226, 147, 113, 113, 171, 115, 216, 216, 98, 83, 49, 49, 42, 63, 21, 21, 8, 12, 4, 4, 149, 82, 199, 199, 70, 101, 35, 35, 157, 94, 195, 195, 48, 40, 24, 24, 55, 161, 150, 150, 10, 15, 5, 5, 47, 181, 154, 154, 14, 9, 7, 7, 36, 54, 18, 18, 27, 155, 128, 128, 223, 61, 226, 226, 205, 38, 235, 235, 78, 105, 39, 39, 127, 205, 178, 178, 234, 159, 117, 117, 18, 27, 9, 9, 29, 158, 131, 131, 88, 116, 44, 44, 52, 46, 26, 26, 54, 45, 27, 27, 220, 178, 110, 110, 180, 238, 90, 90, 91, 251, 160, 160, 164, 246, 82, 82, 118, 77, 59, 59, 183, 97, 214, 214, 125, 206, 179, 179, 82, 123, 41, 41, 221, 62, 227, 227, 94, 113, 47, 47, 19, 151, 132, 132, 166, 245, 83, 83, 185, 104, 209, 209, 0, 0, 0, 0, 193, 44, 237, 237, 64, 96, 32, 32, 227, 31, 252, 252, 121, 200, 177, 177, 182, 237, 91, 91, 212, 190, 106, 106, 141, 70, 203, 203, 103, 217, 190, 190, 114, 75, 57, 57, 148, 222, 74, 74, 152, 212, 76, 76, 176, 232, 88, 88, 133, 74, 207, 207, 187, 107, 208, 208, 197, 42, 239, 239, 79, 229, 170, 170, 237, 22, 251, 251, 134, 197, 67, 67, 154, 215, 77, 77, 102, 85, 51, 51, 17, 148, 133, 133, 138, 207, 69, 69, 233, 16, 249, 249, 4, 6, 2, 2, 254, 129, 127, 127, 160, 240, 80, 80, 120, 68, 60, 60, 37, 186, 159, 159, 75, 227, 168, 168, 162, 243, 81, 81, 93, 254, 163, 163, 128, 192, 64, 64, 5, 138, 143, 143, 63, 173, 146, 146, 33, 188, 157, 157, 112, 72, 56, 56, 241, 4, 245, 245, 99, 223, 188, 188, 119, 193, 182, 182, 175, 117, 218, 218, 66, 99, 33, 33, 32, 48, 16, 16, 229, 26, 255, 255, 253, 14, 243, 243, 191, 109, 210, 210, 129, 76, 205, 205, 24, 20, 12, 12, 38, 53, 19, 19, 195, 47, 236, 236, 190, 225, 95, 95, 53, 162, 151, 151, 136, 204, 68, 68, 46, 57, 23, 23, 147, 87, 196, 196, 85, 242, 167, 167, 252, 130, 126, 126, 122, 71, 61, 61, 200, 172, 100, 100, 186, 231, 93, 93, 50, 43, 25, 25, 230, 149, 115, 115, 192, 160, 96, 96, 25, 152, 129, 129, 158, 209, 79, 79, 163, 127, 220, 220, 68, 102, 34, 34, 84, 126, 42, 42, 59, 171, 144, 144, 11, 131, 136, 136, 140, 202, 70, 70, 199, 41, 238, 238, 107, 211, 184, 184, 40, 60, 20, 20, 167, 121, 222, 222, 188, 226, 94, 94, 22, 29, 11, 11, 173, 118, 219, 219, 219, 59, 224, 224, 100, 86, 50, 50, 116, 78, 58, 58, 20, 30, 10, 10, 146, 219, 73, 73, 12, 10, 6, 6, 72, 108, 36, 36, 184, 228, 92, 92, 159, 93, 194, 194, 189, 110, 211, 211, 67, 239, 172, 172, 196, 166, 98, 98, 57, 168, 145, 145, 49, 164, 149, 149, 211, 55, 228, 228, 242, 139, 121, 121, 213, 50, 231, 231, 139, 67, 200, 200, 110, 89, 55, 55, 218, 183, 109, 109, 1, 140, 141, 141, 177, 100, 213, 213, 156, 210, 78, 78, 73, 224, 169, 169, 216, 180, 108, 108, 172, 250, 86, 86, 243, 7, 244, 244, 207, 37, 234, 234, 202, 175, 101, 101, 244, 142, 122, 122, 71, 233, 174, 174, 16, 24, 8, 8, 111, 213, 186, 186, 240, 136, 120, 120, 74, 111, 37, 37, 92, 114, 46, 46, 56, 36, 28, 28, 87, 241, 166, 166, 115, 199, 180, 180, 151, 81, 198, 198, 203, 35, 232, 232, 161, 124, 221, 221, 232, 156, 116, 116, 62, 33, 31, 31, 150, 221, 75, 75, 97, 220, 189, 189, 13, 134, 139, 139, 15, 133, 138, 138, 224, 144, 112, 112, 124, 66, 62, 62, 113, 196, 181, 181, 204, 170, 102, 102, 144, 216, 72, 72, 6, 5, 3, 3, 247, 1, 246, 246, 28, 18, 14, 14, 194, 163, 97, 97, 106, 95, 53, 53, 174, 249, 87, 87, 105, 208, 185, 185, 23, 145, 134, 134, 153, 88, 193, 193, 58, 39, 29, 29, 39, 185, 158, 158, 217, 56, 225, 225, 235, 19, 248, 248, 43, 179, 152, 152, 34, 51, 17, 17, 210, 187, 105, 105, 169, 112, 217, 217, 7, 137, 142, 142, 51, 167, 148, 148, 45, 182, 155, 155, 60, 34, 30, 30, 21, 146, 135, 135, 201, 32, 233, 233, 135, 73, 206, 206, 170, 255, 85, 85, 80, 120, 40, 40, 165, 122, 223, 223, 3, 143, 140, 140, 89, 248, 161, 161, 9, 128, 137, 137, 26, 23, 13, 13, 101, 218, 191, 191, 215, 49, 230, 230, 132, 198, 66, 66, 208, 184, 104, 104, 130, 195, 65, 65, 41, 176, 153, 153, 90, 119, 45, 45, 30, 17, 15, 15, 123, 203, 176, 176, 168, 252, 84, 84, 109, 214, 187, 187, 44, 58, 22, 22};
.visible .const .align 4 .b8 Te4[1024] = {99, 99, 99, 99, 124, 124, 124, 124, 119, 119, 119, 119, 123, 123, 123, 123, 242, 242, 242, 242, 107, 107, 107, 107, 111, 111, 111, 111, 197, 197, 197, 197, 48, 48, 48, 48, 1, 1, 1, 1, 103, 103, 103, 103, 43, 43, 43, 43, 254, 254, 254, 254, 215, 215, 215, 215, 171, 171, 171, 171, 118, 118, 118, 118, 202, 202, 202, 202, 130, 130, 130, 130, 201, 201, 201, 201, 125, 125, 125, 125, 250, 250, 250, 250, 89, 89, 89, 89, 71, 71, 71, 71, 240, 240, 240, 240, 173, 173, 173, 173, 212, 212, 212, 212, 162, 162, 162, 162, 175, 175, 175, 175, 156, 156, 156, 156, 164, 164, 164, 164, 114, 114, 114, 114, 192, 192, 192, 192, 183, 183, 183, 183, 253, 253, 253, 253, 147, 147, 147, 147, 38, 38, 38, 38, 54, 54, 54, 54, 63, 63, 63, 63, 247, 247, 247, 247, 204, 204, 204, 204, 52, 52, 52, 52, 165, 165, 165, 165, 229, 229, 229, 229, 241, 241, 241, 241, 113, 113, 113, 113, 216, 216, 216, 216, 49, 49, 49, 49, 21, 21, 21, 21, 4, 4, 4, 4, 199, 199, 199, 199, 35, 35, 35, 35, 195, 195, 195, 195, 24, 24, 24, 24, 150, 150, 150, 150, 5, 5, 5, 5, 154, 154, 154, 154, 7, 7, 7, 7, 18, 18, 18, 18, 128, 128, 128, 128, 226, 226, 226, 226, 235, 235, 235, 235, 39, 39, 39, 39, 178, 178, 178, 178, 117, 117, 117, 117, 9, 9, 9, 9, 131, 131, 131, 131, 44, 44, 44, 44, 26, 26, 26, 26, 27, 27, 27, 27, 110, 110, 110, 110, 90, 90, 90, 90, 160, 160, 160, 160, 82, 82, 82, 82, 59, 59, 59, 59, 214, 214, 214, 214, 179, 179, 179, 179, 41, 41, 41, 41, 227, 227, 227, 227, 47, 47, 47, 47, 132, 132, 132, 132, 83, 83, 83, 83, 209, 209, 209, 209, 0, 0, 0, 0, 237, 237, 237, 237, 32, 32, 32, 32, 252, 252, 252, 252, 177, 177, 177, 177, 91, 91, 91, 91, 106, 106, 106, 106, 203, 203, 203, 203, 190, 190, 190, 190, 57, 57, 57, 57, 74, 74, 74, 74, 76, 76, 76, 76, 88, 88, 88, 88, 207, 207, 207, 207, 208, 208, 208, 208, 239, 239, 239, 239, 170, 170, 170, 170, 251, 251, 251, 251, 67, 67, 67, 67, 77, 77, 77, 77, 51, 51, 51, 51, 133, 133, 133, 133, 69, 69, 69, 69, 249, 249, 249, 249, 2, 2, 2, 2, 127, 127, 127, 127, 80, 80, 80, 80, 60, 60, 60, 60, 159, 159, 159, 159, 168, 168, 168, 168, 81, 81, 81, 81, 163, 163, 163, 163, 64, 64, 64, 64, 143, 143, 143, 143, 146, 146, 146, 146, 157, 157, 157, 157, 56, 56, 56, 56, 245, 245, 245, 245, 188, 188, 188, 188, 182, 182, 182, 182, 218, 218, 218, 218, 33, 33, 33, 33, 16, 16, 16, 16, 255, 255, 255, 255, 243, 243, 243, 243, 210, 210, 210, 210, 205, 205, 205, 205, 12, 12, 12, 12, 19, 19, 19, 19, 236, 236, 236, 236, 95, 95, 95, 95, 151, 151, 151, 151, 68, 68, 68, 68, 23, 23, 23, 23, 196, 196, 196, 196, 167, 167, 167, 167, 126, 126, 126, 126, 61, 61, 61, 61, 100, 100, 100, 100, 93, 93, 93, 93, 25, 25, 25, 25, 115, 115, 115, 115, 96, 96, 96, 96, 129, 129, 129, 129, 79, 79, 79, 79, 220, 220, 220, 220, 34, 34, 34, 34, 42, 42, 42, 42, 144, 144, 144, 144, 136, 136, 136, 136, 70, 70, 70, 70, 238, 238, 238, 238, 184, 184, 184, 184, 20, 20, 20, 20, 222, 222, 222, 222, 94, 94, 94, 94, 11, 11, 11, 11, 219, 219, 219, 219, 224, 224, 224, 224, 50, 50, 50, 50, 58, 58, 58, 58, 10, 10, 10, 10, 73, 73, 73, 73, 6, 6, 6, 6, 36, 36, 36, 36, 92, 92, 92, 92, 194, 194, 194, 194, 211, 211, 211, 211, 172, 172, 172, 172, 98, 98, 98, 98, 145, 145, 145, 145, 149, 149, 149, 149, 228, 228, 228, 228, 121, 121, 121, 121, 231, 231, 231, 231, 200, 200, 200, 200, 55, 55, 55, 55, 109, 109, 109, 109, 141, 141, 141, 141, 213, 213, 213, 213, 78, 78, 78, 78, 169, 169, 169, 169, 108, 108, 108, 108, 86, 86, 86, 86, 244, 244, 244, 244, 234, 234, 234, 234, 101, 101, 101, 101, 122, 122, 122, 122, 174, 174, 174, 174, 8, 8, 8, 8, 186, 186, 186, 186, 120, 120, 120, 120, 37, 37, 37, 37, 46, 46, 46, 46, 28, 28, 28, 28, 166, 166, 166, 166, 180, 180, 180, 180, 198, 198, 198, 198, 232, 232, 232, 232, 221, 221, 221, 221, 116, 116, 116, 116, 31, 31, 31, 31, 75, 75, 75, 75, 189, 189, 189, 189, 139, 139, 139, 139, 138, 138, 138, 138, 112, 112, 112, 112, 62, 62, 62, 62, 181, 181, 181, 181, 102, 102, 102, 102, 72, 72, 72, 72, 3, 3, 3, 3, 246, 246, 246, 246, 14, 14, 14, 14, 97, 97, 97, 97, 53, 53, 53, 53, 87, 87, 87, 87, 185, 185, 185, 185, 134, 134, 134, 134, 193, 193, 193, 193, 29, 29, 29, 29, 158, 158, 158, 158, 225, 225, 225, 225, 248, 248, 248, 248, 152, 152, 152, 152, 17, 17, 17, 17, 105, 105, 105, 105, 217, 217, 217, 217, 142, 142, 142, 142, 148, 148, 148, 148, 155, 155, 155, 155, 30, 30, 30, 30, 135, 135, 135, 135, 233, 233, 233, 233, 206, 206, 206, 206, 85, 85, 85, 85, 40, 40, 40, 40, 223, 223, 223, 223, 140, 140, 140, 140, 161, 161, 161, 161, 137, 137, 137, 137, 13, 13, 13, 13, 191, 191, 191, 191, 230, 230, 230, 230, 66, 66, 66, 66, 104, 104, 104, 104, 65, 65, 65, 65, 153, 153, 153, 153, 45, 45, 45, 45, 15, 15, 15, 15, 176, 176, 176, 176, 84, 84, 84, 84, 187, 187, 187, 187, 22, 22, 22, 22};
.extern .shared .align 16 .b8 shr_1_lroundkeys[240];

.entry aes_vector_local_constant_roundkeys(
	.param .u32 .ptr .global .align 16 aes_vector_local_constant_roundkeys_param_0,
	.param .u32 .ptr .const .align 16 aes_vector_local_constant_roundkeys_param_1
)
{
	.reg .pred 	%p<2>;
	.reg .s32 	%r<588>;


	ld.param.u32 	%r31, [aes_vector_local_constant_roundkeys_param_1];
	// inline asm
	mov.u32 	%r26, %envreg3;
	// inline asm
	// inline asm
	mov.u32 	%r27, %ntid.x;
	// inline asm
	// inline asm
	mov.u32 	%r28, %ctaid.x;
	// inline asm
	// inline asm
	mov.u32 	%r29, %tid.x;
	// inline asm
	add.s32 	%r32, %r29, %r26;
	mad.lo.s32 	%r2, %r28, %r27, %r32;
	// inline asm
	mov.u32 	%r30, %tid.x;
	// inline asm
	mul.hi.u32 	%r33, %r30, -2004318071;
	shr.u32 	%r34, %r33, 3;
	mul.lo.s32 	%r35, %r34, 15;
	sub.s32 	%r36, %r30, %r35;
	shl.b32 	%r37, %r36, 4;
	add.s32 	%r38, %r31, %r37;
	mov.u32 	%r583, shr_1_lroundkeys;
	add.s32 	%r40, %r583, %r37;
	ld.const.v4.u32 	{%r577, %r578, %r579, %r580}, [%r38];
	st.shared.v4.u32 	[%r40], {%r577, %r578, %r579, %r580};
	bar.sync 	0;
	shl.b32 	%r43, %r2, 4;
	ld.param.u32 	%r581, [aes_vector_local_constant_roundkeys_param_0];
	add.s32 	%r3, %r581, %r43;
	ld.global.v4.u32 	{%r501, %r502, %r503, %r504}, [%r3];
	mov.u32 	%r44, 24;
	shl.b32 	%r509, %r501, %r44;
	shl.b32 	%r510, %r502, %r44;
	shl.b32 	%r511, %r503, %r44;
	shl.b32 	%r512, %r504, %r44;
	mov.u32 	%r45, -16777216;
	and.b32  	%r517, %r509, %r45;
	and.b32  	%r518, %r510, %r45;
	and.b32  	%r519, %r511, %r45;
	and.b32  	%r520, %r512, %r45;
	mov.u32 	%r46, 8;
	shl.b32 	%r525, %r501, %r46;
	shl.b32 	%r526, %r502, %r46;
	shl.b32 	%r527, %r503, %r46;
	shl.b32 	%r528, %r504, %r46;
	mov.u32 	%r47, 16711680;
	and.b32  	%r533, %r525, %r47;
	and.b32  	%r534, %r526, %r47;
	and.b32  	%r535, %r527, %r47;
	and.b32  	%r536, %r528, %r47;
	or.b32  	%r537, %r517, %r533;
	or.b32  	%r538, %r518, %r534;
	or.b32  	%r539, %r519, %r535;
	or.b32  	%r540, %r520, %r536;
	shr.u32 	%r541, %r501, %r46;
	shr.u32 	%r542, %r502, %r46;
	shr.u32 	%r543, %r503, %r46;
	shr.u32 	%r544, %r504, %r46;
	mov.u32 	%r48, 65280;
	and.b32  	%r549, %r541, %r48;
	and.b32  	%r550, %r542, %r48;
	and.b32  	%r551, %r543, %r48;
	and.b32  	%r552, %r544, %r48;
	or.b32  	%r553, %r537, %r549;
	or.b32  	%r554, %r538, %r550;
	or.b32  	%r555, %r539, %r551;
	or.b32  	%r556, %r540, %r552;
	shr.u32 	%r557, %r501, %r44;
	shr.u32 	%r558, %r502, %r44;
	shr.u32 	%r559, %r503, %r44;
	shr.u32 	%r560, %r504, %r44;
	mov.u32 	%r49, 255;
	and.b32  	%r565, %r557, %r49;
	and.b32  	%r566, %r558, %r49;
	and.b32  	%r567, %r559, %r49;
	and.b32  	%r568, %r560, %r49;
	or.b32  	%r569, %r553, %r565;
	or.b32  	%r570, %r554, %r566;
	or.b32  	%r571, %r555, %r567;
	or.b32  	%r572, %r556, %r568;
	ld.shared.v4.u32 	{%r573, %r574, %r575, %r576}, [shr_1_lroundkeys];
	xor.b32  	%r584, %r569, %r573;
	xor.b32  	%r585, %r570, %r574;
	xor.b32  	%r586, %r571, %r575;
	xor.b32  	%r587, %r572, %r576;
	mov.u32 	%r582, 7;

BB0_1:
	mov.u32 	%r388, %r587;
	mov.u32 	%r387, %r586;
	mov.u32 	%r386, %r585;
	mov.u32 	%r385, %r584;
	shr.u32 	%r397, %r385, %r46;
	shr.u32 	%r398, %r386, %r46;
	shr.u32 	%r399, %r387, %r46;
	shr.u32 	%r400, %r388, %r46;
	and.b32  	%r405, %r397, %r49;
	and.b32  	%r406, %r398, %r49;
	and.b32  	%r407, %r399, %r49;
	and.b32  	%r408, %r400, %r49;
	mov.u32 	%r52, 16;
	shr.u32 	%r413, %r385, %r52;
	shr.u32 	%r414, %r386, %r52;
	shr.u32 	%r415, %r387, %r52;
	shr.u32 	%r416, %r388, %r52;
	and.b32  	%r417, %r413, %r49;
	and.b32  	%r418, %r414, %r49;
	and.b32  	%r419, %r415, %r49;
	and.b32  	%r420, %r416, %r49;
	shr.u32 	%r425, %r385, %r44;
	shr.u32 	%r426, %r386, %r44;
	shr.u32 	%r427, %r387, %r44;
	shr.u32 	%r428, %r388, %r44;
	and.b32  	%r429, %r425, %r49;
	and.b32  	%r430, %r426, %r49;
	and.b32  	%r431, %r427, %r49;
	and.b32  	%r432, %r428, %r49;
	shl.b32 	%r55, %r429, 2;
	mov.u32 	%r56, Te0;
	add.s32 	%r57, %r56, %r55;
	ld.const.u32 	%r58, [%r57];
	shl.b32 	%r60, %r430, 2;
	add.s32 	%r61, %r56, %r60;
	ld.const.u32 	%r62, [%r61];
	shl.b32 	%r64, %r431, 2;
	add.s32 	%r65, %r56, %r64;
	ld.const.u32 	%r66, [%r65];
	shl.b32 	%r68, %r432, 2;
	add.s32 	%r69, %r56, %r68;
	ld.const.u32 	%r70, [%r69];
	shl.b32 	%r72, %r418, 2;
	mov.u32 	%r73, Te1;
	add.s32 	%r74, %r73, %r72;
	ld.const.u32 	%r75, [%r74];
	shl.b32 	%r77, %r419, 2;
	add.s32 	%r78, %r73, %r77;
	ld.const.u32 	%r79, [%r78];
	shl.b32 	%r81, %r420, 2;
	add.s32 	%r82, %r73, %r81;
	ld.const.u32 	%r83, [%r82];
	shl.b32 	%r85, %r417, 2;
	add.s32 	%r86, %r73, %r85;
	ld.const.u32 	%r87, [%r86];
	xor.b32  	%r441, %r58, %r75;
	xor.b32  	%r442, %r62, %r79;
	xor.b32  	%r443, %r66, %r83;
	xor.b32  	%r444, %r70, %r87;
	shl.b32 	%r89, %r407, 2;
	mov.u32 	%r90, Te2;
	add.s32 	%r91, %r90, %r89;
	ld.const.u32 	%r92, [%r91];
	shl.b32 	%r94, %r408, 2;
	add.s32 	%r95, %r90, %r94;
	ld.const.u32 	%r96, [%r95];
	shl.b32 	%r98, %r405, 2;
	add.s32 	%r99, %r90, %r98;
	ld.const.u32 	%r100, [%r99];
	shl.b32 	%r102, %r406, 2;
	add.s32 	%r103, %r90, %r102;
	ld.const.u32 	%r104, [%r103];
	xor.b32  	%r449, %r441, %r92;
	xor.b32  	%r450, %r442, %r96;
	xor.b32  	%r451, %r443, %r100;
	xor.b32  	%r452, %r444, %r104;
	and.b32  	%r453, %r385, %r49;
	and.b32  	%r454, %r386, %r49;
	and.b32  	%r455, %r387, %r49;
	and.b32  	%r456, %r388, %r49;
	shl.b32 	%r106, %r456, 2;
	mov.u32 	%r107, Te3;
	add.s32 	%r108, %r107, %r106;
	ld.const.u32 	%r109, [%r108];
	shl.b32 	%r111, %r453, 2;
	add.s32 	%r112, %r107, %r111;
	ld.const.u32 	%r113, [%r112];
	shl.b32 	%r115, %r454, 2;
	add.s32 	%r116, %r107, %r115;
	ld.const.u32 	%r117, [%r116];
	shl.b32 	%r119, %r455, 2;
	add.s32 	%r120, %r107, %r119;
	ld.const.u32 	%r121, [%r120];
	xor.b32  	%r461, %r449, %r109;
	xor.b32  	%r462, %r450, %r113;
	xor.b32  	%r463, %r451, %r117;
	xor.b32  	%r464, %r452, %r121;
	ld.shared.v4.u32 	{%r465, %r466, %r467, %r468}, [%r583+16];
	xor.b32  	%r469, %r461, %r465;
	xor.b32  	%r470, %r462, %r466;
	xor.b32  	%r471, %r463, %r467;
	xor.b32  	%r472, %r464, %r468;
	and.b32  	%r473, %r469, %r49;
	and.b32  	%r474, %r470, %r49;
	and.b32  	%r475, %r471, %r49;
	and.b32  	%r476, %r472, %r49;
	shr.u32 	%r477, %r469, %r46;
	shr.u32 	%r478, %r470, %r46;
	shr.u32 	%r479, %r471, %r46;
	shr.u32 	%r480, %r472, %r46;
	and.b32  	%r481, %r477, %r49;
	and.b32  	%r482, %r478, %r49;
	and.b32  	%r483, %r479, %r49;
	and.b32  	%r484, %r480, %r49;
	shr.u32 	%r485, %r469, %r52;
	shr.u32 	%r486, %r470, %r52;
	shr.u32 	%r487, %r471, %r52;
	shr.u32 	%r488, %r472, %r52;
	and.b32  	%r489, %r485, %r49;
	and.b32  	%r490, %r486, %r49;
	and.b32  	%r491, %r487, %r49;
	and.b32  	%r492, %r488, %r49;
	shr.u32 	%r493, %r469, %r44;
	shr.u32 	%r494, %r470, %r44;
	shr.u32 	%r495, %r471, %r44;
	shr.u32 	%r496, %r472, %r44;
	and.b32  	%r497, %r493, %r49;
	and.b32  	%r498, %r494, %r49;
	and.b32  	%r499, %r495, %r49;
	and.b32  	%r500, %r496, %r49;
	add.s32 	%r23, %r583, 32;
	add.s32 	%r582, %r582, -1;
	setp.eq.s32 	%p1, %r582, 0;
	@%p1 bra 	BB0_3;

	shl.b32 	%r122, %r497, 2;
	add.s32 	%r124, %r56, %r122;
	ld.const.u32 	%r125, [%r124];
	shl.b32 	%r126, %r498, 2;
	add.s32 	%r127, %r56, %r126;
	ld.const.u32 	%r128, [%r127];
	shl.b32 	%r129, %r499, 2;
	add.s32 	%r130, %r56, %r129;
	ld.const.u32 	%r131, [%r130];
	shl.b32 	%r132, %r500, 2;
	add.s32 	%r133, %r56, %r132;
	ld.const.u32 	%r134, [%r133];
	shl.b32 	%r135, %r490, 2;
	add.s32 	%r137, %r73, %r135;
	ld.const.u32 	%r138, [%r137];
	shl.b32 	%r139, %r491, 2;
	add.s32 	%r140, %r73, %r139;
	ld.const.u32 	%r141, [%r140];
	shl.b32 	%r142, %r492, 2;
	add.s32 	%r143, %r73, %r142;
	ld.const.u32 	%r144, [%r143];
	shl.b32 	%r145, %r489, 2;
	add.s32 	%r146, %r73, %r145;
	ld.const.u32 	%r147, [%r146];
	xor.b32  	%r357, %r125, %r138;
	xor.b32  	%r358, %r128, %r141;
	xor.b32  	%r359, %r131, %r144;
	xor.b32  	%r360, %r134, %r147;
	shl.b32 	%r148, %r483, 2;
	add.s32 	%r150, %r90, %r148;
	ld.const.u32 	%r151, [%r150];
	shl.b32 	%r152, %r484, 2;
	add.s32 	%r153, %r90, %r152;
	ld.const.u32 	%r154, [%r153];
	shl.b32 	%r155, %r481, 2;
	add.s32 	%r156, %r90, %r155;
	ld.const.u32 	%r157, [%r156];
	shl.b32 	%r158, %r482, 2;
	add.s32 	%r159, %r90, %r158;
	ld.const.u32 	%r160, [%r159];
	xor.b32  	%r365, %r357, %r151;
	xor.b32  	%r366, %r358, %r154;
	xor.b32  	%r367, %r359, %r157;
	xor.b32  	%r368, %r360, %r160;
	shl.b32 	%r161, %r476, 2;
	add.s32 	%r163, %r107, %r161;
	ld.const.u32 	%r164, [%r163];
	shl.b32 	%r165, %r473, 2;
	add.s32 	%r166, %r107, %r165;
	ld.const.u32 	%r167, [%r166];
	shl.b32 	%r168, %r474, 2;
	add.s32 	%r169, %r107, %r168;
	ld.const.u32 	%r170, [%r169];
	shl.b32 	%r171, %r475, 2;
	add.s32 	%r172, %r107, %r171;
	ld.const.u32 	%r173, [%r172];
	xor.b32  	%r373, %r365, %r164;
	xor.b32  	%r374, %r366, %r167;
	xor.b32  	%r375, %r367, %r170;
	xor.b32  	%r376, %r368, %r173;
	ld.shared.v4.u32 	{%r377, %r378, %r379, %r380}, [%r583+32];
	xor.b32  	%r381, %r373, %r377;
	xor.b32  	%r382, %r374, %r378;
	xor.b32  	%r383, %r375, %r379;
	xor.b32  	%r384, %r376, %r380;
	mov.u32 	%r583, %r23;
	mov.u32 	%r584, %r381;
	mov.u32 	%r585, %r382;
	mov.u32 	%r586, %r383;
	mov.u32 	%r587, %r384;
	bra.uni 	BB0_1;

BB0_3:
	shl.b32 	%r174, %r497, 2;
	mov.u32 	%r175, Te4;
	add.s32 	%r176, %r175, %r174;
	ld.const.u32 	%r177, [%r176];
	shl.b32 	%r178, %r498, 2;
	add.s32 	%r179, %r175, %r178;
	ld.const.u32 	%r180, [%r179];
	shl.b32 	%r181, %r499, 2;
	add.s32 	%r182, %r175, %r181;
	ld.const.u32 	%r183, [%r182];
	shl.b32 	%r184, %r500, 2;
	add.s32 	%r185, %r175, %r184;
	ld.const.u32 	%r186, [%r185];
	and.b32  	%r237, %r177, %r45;
	and.b32  	%r238, %r180, %r45;
	and.b32  	%r239, %r183, %r45;
	and.b32  	%r240, %r186, %r45;
	shl.b32 	%r188, %r490, 2;
	add.s32 	%r189, %r175, %r188;
	ld.const.u32 	%r190, [%r189];
	shl.b32 	%r191, %r491, 2;
	add.s32 	%r192, %r175, %r191;
	ld.const.u32 	%r193, [%r192];
	shl.b32 	%r194, %r492, 2;
	add.s32 	%r195, %r175, %r194;
	ld.const.u32 	%r196, [%r195];
	shl.b32 	%r197, %r489, 2;
	add.s32 	%r198, %r175, %r197;
	ld.const.u32 	%r199, [%r198];
	and.b32  	%r249, %r190, %r47;
	and.b32  	%r250, %r193, %r47;
	and.b32  	%r251, %r196, %r47;
	and.b32  	%r252, %r199, %r47;
	or.b32  	%r253, %r237, %r249;
	or.b32  	%r254, %r238, %r250;
	or.b32  	%r255, %r239, %r251;
	or.b32  	%r256, %r240, %r252;
	shl.b32 	%r201, %r483, 2;
	add.s32 	%r202, %r175, %r201;
	ld.const.u32 	%r203, [%r202];
	shl.b32 	%r204, %r484, 2;
	add.s32 	%r205, %r175, %r204;
	ld.const.u32 	%r206, [%r205];
	shl.b32 	%r207, %r481, 2;
	add.s32 	%r208, %r175, %r207;
	ld.const.u32 	%r209, [%r208];
	shl.b32 	%r210, %r482, 2;
	add.s32 	%r211, %r175, %r210;
	ld.const.u32 	%r212, [%r211];
	and.b32  	%r265, %r203, %r48;
	and.b32  	%r266, %r206, %r48;
	and.b32  	%r267, %r209, %r48;
	and.b32  	%r268, %r212, %r48;
	or.b32  	%r269, %r253, %r265;
	or.b32  	%r270, %r254, %r266;
	or.b32  	%r271, %r255, %r267;
	or.b32  	%r272, %r256, %r268;
	shl.b32 	%r214, %r476, 2;
	add.s32 	%r215, %r175, %r214;
	ld.const.u32 	%r216, [%r215];
	shl.b32 	%r217, %r473, 2;
	add.s32 	%r218, %r175, %r217;
	ld.const.u32 	%r219, [%r218];
	shl.b32 	%r220, %r474, 2;
	add.s32 	%r221, %r175, %r220;
	ld.const.u32 	%r222, [%r221];
	shl.b32 	%r223, %r475, 2;
	add.s32 	%r224, %r175, %r223;
	ld.const.u32 	%r225, [%r224];
	and.b32  	%r281, %r216, %r49;
	and.b32  	%r282, %r219, %r49;
	and.b32  	%r283, %r222, %r49;
	and.b32  	%r284, %r225, %r49;
	or.b32  	%r285, %r269, %r281;
	or.b32  	%r286, %r270, %r282;
	or.b32  	%r287, %r271, %r283;
	or.b32  	%r288, %r272, %r284;
	ld.shared.v4.u32 	{%r289, %r290, %r291, %r292}, [shr_1_lroundkeys+224];
	xor.b32  	%r293, %r285, %r289;
	xor.b32  	%r294, %r286, %r290;
	xor.b32  	%r295, %r287, %r291;
	xor.b32  	%r296, %r288, %r292;
	shl.b32 	%r301, %r293, %r44;
	shl.b32 	%r302, %r294, %r44;
	shl.b32 	%r303, %r295, %r44;
	shl.b32 	%r304, %r296, %r44;
	and.b32  	%r305, %r301, %r45;
	and.b32  	%r306, %r302, %r45;
	and.b32  	%r307, %r303, %r45;
	and.b32  	%r308, %r304, %r45;
	shl.b32 	%r313, %r293, %r46;
	shl.b32 	%r314, %r294, %r46;
	shl.b32 	%r315, %r295, %r46;
	shl.b32 	%r316, %r296, %r46;
	and.b32  	%r317, %r313, %r47;
	and.b32  	%r318, %r314, %r47;
	and.b32  	%r319, %r315, %r47;
	and.b32  	%r320, %r316, %r47;
	or.b32  	%r321, %r305, %r317;
	or.b32  	%r322, %r306, %r318;
	or.b32  	%r323, %r307, %r319;
	or.b32  	%r324, %r308, %r320;
	shr.u32 	%r325, %r293, %r46;
	shr.u32 	%r326, %r294, %r46;
	shr.u32 	%r327, %r295, %r46;
	shr.u32 	%r328, %r296, %r46;
	and.b32  	%r329, %r325, %r48;
	and.b32  	%r330, %r326, %r48;
	and.b32  	%r331, %r327, %r48;
	and.b32  	%r332, %r328, %r48;
	or.b32  	%r333, %r321, %r329;
	or.b32  	%r334, %r322, %r330;
	or.b32  	%r335, %r323, %r331;
	or.b32  	%r336, %r324, %r332;
	shr.u32 	%r337, %r293, %r44;
	shr.u32 	%r338, %r294, %r44;
	shr.u32 	%r339, %r295, %r44;
	shr.u32 	%r340, %r296, %r44;
	and.b32  	%r341, %r337, %r49;
	and.b32  	%r342, %r338, %r49;
	and.b32  	%r343, %r339, %r49;
	and.b32  	%r344, %r340, %r49;
	or.b32  	%r345, %r333, %r341;
	or.b32  	%r346, %r334, %r342;
	or.b32  	%r347, %r335, %r343;
	or.b32  	%r348, %r336, %r344;
	st.global.v4.u32 	[%r3], {%r345, %r346, %r347, %r348};
	ret;
}