//
// Generated by NVIDIA NVVM Compiler
// Compiler built on Sat Oct 15 07:10:50 2011 (1318655450)
// Driver 
//

.version 3.0
.target sm_12, texmode_independent
.address_size 32

.const .align 4 .u32 timestamp = 1346782229;
.const .align 4 .b8 Te0[1024] = {165, 99, 99, 198, 132, 124, 124, 248, 153, 119, 119, 238, 141, 123, 123, 246, 13, 242, 242, 255, 189, 107, 107, 214, 177, 111, 111, 222, 84, 197, 197, 145, 80, 48, 48, 96, 3, 1, 1, 2, 169, 103, 103, 206, 125, 43, 43, 86, 25, 254, 254, 231, 98, 215, 215, 181, 230, 171, 171, 77, 154, 118, 118, 236, 69, 202, 202, 143, 157, 130, 130, 31, 64, 201, 201, 137, 135, 125, 125, 250, 21, 250, 250, 239, 235, 89, 89, 178, 201, 71, 71, 142, 11, 240, 240, 251, 236, 173, 173, 65, 103, 212, 212, 179, 253, 162, 162, 95, 234, 175, 175, 69, 191, 156, 156, 35, 247, 164, 164, 83, 150, 114, 114, 228, 91, 192, 192, 155, 194, 183, 183, 117, 28, 253, 253, 225, 174, 147, 147, 61, 106, 38, 38, 76, 90, 54, 54, 108, 65, 63, 63, 126, 2, 247, 247, 245, 79, 204, 204, 131, 92, 52, 52, 104, 244, 165, 165, 81, 52, 229, 229, 209, 8, 241, 241, 249, 147, 113, 113, 226, 115, 216, 216, 171, 83, 49, 49, 98, 63, 21, 21, 42, 12, 4, 4, 8, 82, 199, 199, 149, 101, 35, 35, 70, 94, 195, 195, 157, 40, 24, 24, 48, 161, 150, 150, 55, 15, 5, 5, 10, 181, 154, 154, 47, 9, 7, 7, 14, 54, 18, 18, 36, 155, 128, 128, 27, 61, 226, 226, 223, 38, 235, 235, 205, 105, 39, 39, 78, 205, 178, 178, 127, 159, 117, 117, 234, 27, 9, 9, 18, 158, 131, 131, 29, 116, 44, 44, 88, 46, 26, 26, 52, 45, 27, 27, 54, 178, 110, 110, 220, 238, 90, 90, 180, 251, 160, 160, 91, 246, 82, 82, 164, 77, 59, 59, 118, 97, 214, 214, 183, 206, 179, 179, 125, 123, 41, 41, 82, 62, 227, 227, 221, 113, 47, 47, 94, 151, 132, 132, 19, 245, 83, 83, 166, 104, 209, 209, 185, 0, 0, 0, 0, 44, 237, 237, 193, 96, 32, 32, 64, 31, 252, 252, 227, 200, 177, 177, 121, 237, 91, 91, 182, 190, 106, 106, 212, 70, 203, 203, 141, 217, 190, 190, 103, 75, 57, 57, 114, 222, 74, 74, 148, 212, 76, 76, 152, 232, 88, 88, 176, 74, 207, 207, 133, 107, 208, 208, 187, 42, 239, 239, 197, 229, 170, 170, 79, 22, 251, 251, 237, 197, 67, 67, 134, 215, 77, 77, 154, 85, 51, 51, 102, 148, 133, 133, 17, 207, 69, 69, 138, 16, 249, 249, 233, 6, 2, 2, 4, 129, 127, 127, 254, 240, 80, 80, 160, 68, 60, 60, 120, 186, 159, 159, 37, 227, 168, 168, 75, 243, 81, 81, 162, 254, 163, 163, 93, 192, 64, 64, 128, 138, 143, 143, 5, 173, 146, 146, 63, 188, 157, 157, 33, 72, 56, 56, 112, 4, 245, 245, 241, 223, 188, 188, 99, 193, 182, 182, 119, 117, 218, 218, 175, 99, 33, 33, 66, 48, 16, 16, 32, 26, 255, 255, 229, 14, 243, 243, 253, 109, 210, 210, 191, 76, 205, 205, 129, 20, 12, 12, 24, 53, 19, 19, 38, 47, 236, 236, 195, 225, 95, 95, 190, 162, 151, 151, 53, 204, 68, 68, 136, 57, 23, 23, 46, 87, 196, 196, 147, 242, 167, 167, 85, 130, 126, 126, 252, 71, 61, 61, 122, 172, 100, 100, 200, 231, 93, 93, 186, 43, 25, 25, 50, 149, 115, 115, 230, 160, 96, 96, 192, 152, 129, 129, 25, 209, 79, 79, 158, 127, 220, 220, 163, 102, 34, 34, 68, 126, 42, 42, 84, 171, 144, 144, 59, 131, 136, 136, 11, 202, 70, 70, 140, 41, 238, 238, 199, 211, 184, 184, 107, 60, 20, 20, 40, 121, 222, 222, 167, 226, 94, 94, 188, 29, 11, 11, 22, 118, 219, 219, 173, 59, 224, 224, 219, 86, 50, 50, 100, 78, 58, 58, 116, 30, 10, 10, 20, 219, 73, 73, 146, 10, 6, 6, 12, 108, 36, 36, 72, 228, 92, 92, 184, 93, 194, 194, 159, 110, 211, 211, 189, 239, 172, 172, 67, 166, 98, 98, 196, 168, 145, 145, 57, 164, 149, 149, 49, 55, 228, 228, 211, 139, 121, 121, 242, 50, 231, 231, 213, 67, 200, 200, 139, 89, 55, 55, 110, 183, 109, 109, 218, 140, 141, 141, 1, 100, 213, 213, 177, 210, 78, 78, 156, 224, 169, 169, 73, 180, 108, 108, 216, 250, 86, 86, 172, 7, 244, 244, 243, 37, 234, 234, 207, 175, 101, 101, 202, 142, 122, 122, 244, 233, 174, 174, 71, 24, 8, 8, 16, 213, 186, 186, 111, 136, 120, 120, 240, 111, 37, 37, 74, 114, 46, 46, 92, 36, 28, 28, 56, 241, 166, 166, 87, 199, 180, 180, 115, 81, 198, 198, 151, 35, 232, 232, 203, 124, 221, 221, 161, 156, 116, 116, 232, 33, 31, 31, 62, 221, 75, 75, 150, 220, 189, 189, 97, 134, 139, 139, 13, 133, 138, 138, 15, 144, 112, 112, 224, 66, 62, 62, 124, 196, 181, 181, 113, 170, 102, 102, 204, 216, 72, 72, 144, 5, 3, 3, 6, 1, 246, 246, 247, 18, 14, 14, 28, 163, 97, 97, 194, 95, 53, 53, 106, 249, 87, 87, 174, 208, 185, 185, 105, 145, 134, 134, 23, 88, 193, 193, 153, 39, 29, 29, 58, 185, 158, 158, 39, 56, 225, 225, 217, 19, 248, 248, 235, 179, 152, 152, 43, 51, 17, 17, 34, 187, 105, 105, 210, 112, 217, 217, 169, 137, 142, 142, 7, 167, 148, 148, 51, 182, 155, 155, 45, 34, 30, 30, 60, 146, 135, 135, 21, 32, 233, 233, 201, 73, 206, 206, 135, 255, 85, 85, 170, 120, 40, 40, 80, 122, 223, 223, 165, 143, 140, 140, 3, 248, 161, 161, 89, 128, 137, 137, 9, 23, 13, 13, 26, 218, 191, 191, 101, 49, 230, 230, 215, 198, 66, 66, 132, 184, 104, 104, 208, 195, 65, 65, 130, 176, 153, 153, 41, 119, 45, 45, 90, 17, 15, 15, 30, 203, 176, 176, 123, 252, 84, 84, 168, 214, 187, 187, 109, 58, 22, 22, 44};
.const .align 4 .b8 Te1[1024] = {99, 99, 198, 165, 124, 124, 248, 132, 119, 119, 238, 153, 123, 123, 246, 141, 242, 242, 255, 13, 107, 107, 214, 189, 111, 111, 222, 177, 197, 197, 145, 84, 48, 48, 96, 80, 1, 1, 2, 3, 103, 103, 206, 169, 43, 43, 86, 125, 254, 254, 231, 25, 215, 215, 181, 98, 171, 171, 77, 230, 118, 118, 236, 154, 202, 202, 143, 69, 130, 130, 31, 157, 201, 201, 137, 64, 125, 125, 250, 135, 250, 250, 239, 21, 89, 89, 178, 235, 71, 71, 142, 201, 240, 240, 251, 11, 173, 173, 65, 236, 212, 212, 179, 103, 162, 162, 95, 253, 175, 175, 69, 234, 156, 156, 35, 191, 164, 164, 83, 247, 114, 114, 228, 150, 192, 192, 155, 91, 183, 183, 117, 194, 253, 253, 225, 28, 147, 147, 61, 174, 38, 38, 76, 106, 54, 54, 108, 90, 63, 63, 126, 65, 247, 247, 245, 2, 204, 204, 131, 79, 52, 52, 104, 92, 165, 165, 81, 244, 229, 229, 209, 52, 241, 241, 249, 8, 113, 113, 226, 147, 216, 216, 171, 115, 49, 49, 98, 83, 21, 21, 42, 63, 4, 4, 8, 12, 199, 199, 149, 82, 35, 35, 70, 101, 195, 195, 157, 94, 24, 24, 48, 40, 150, 150, 55, 161, 5, 5, 10, 15, 154, 154, 47, 181, 7, 7, 14, 9, 18, 18, 36, 54, 128, 128, 27, 155, 226, 226, 223, 61, 235, 235, 205, 38, 39, 39, 78, 105, 178, 178, 127, 205, 117, 117, 234, 159, 9, 9, 18, 27, 131, 131, 29, 158, 44, 44, 88, 116, 26, 26, 52, 46, 27, 27, 54, 45, 110, 110, 220, 178, 90, 90, 180, 238, 160, 160, 91, 251, 82, 82, 164, 246, 59, 59, 118, 77, 214, 214, 183, 97, 179, 179, 125, 206, 41, 41, 82, 123, 227, 227, 221, 62, 47, 47, 94, 113, 132, 132, 19, 151, 83, 83, 166, 245, 209, 209, 185, 104, 0, 0, 0, 0, 237, 237, 193, 44, 32, 32, 64, 96, 252, 252, 227, 31, 177, 177, 121, 200, 91, 91, 182, 237, 106, 106, 212, 190, 203, 203, 141, 70, 190, 190, 103, 217, 57, 57, 114, 75, 74, 74, 148, 222, 76, 76, 152, 212, 88, 88, 176, 232, 207, 207, 133, 74, 208, 208, 187, 107, 239, 239, 197, 42, 170, 170, 79, 229, 251, 251, 237, 22, 67, 67, 134, 197, 77, 77, 154, 215, 51, 51, 102, 85, 133, 133, 17, 148, 69, 69, 138, 207, 249, 249, 233, 16, 2, 2, 4, 6, 127, 127, 254, 129, 80, 80, 160, 240, 60, 60, 120, 68, 159, 159, 37, 186, 168, 168, 75, 227, 81, 81, 162, 243, 163, 163, 93, 254, 64, 64, 128, 192, 143, 143, 5, 138, 146, 146, 63, 173, 157, 157, 33, 188, 56, 56, 112, 72, 245, 245, 241, 4, 188, 188, 99, 223, 182, 182, 119, 193, 218, 218, 175, 117, 33, 33, 66, 99, 16, 16, 32, 48, 255, 255, 229, 26, 243, 243, 253, 14, 210, 210, 191, 109, 205, 205, 129, 76, 12, 12, 24, 20, 19, 19, 38, 53, 236, 236, 195, 47, 95, 95, 190, 225, 151, 151, 53, 162, 68, 68, 136, 204, 23, 23, 46, 57, 196, 196, 147, 87, 167, 167, 85, 242, 126, 126, 252, 130, 61, 61, 122, 71, 100, 100, 200, 172, 93, 93, 186, 231, 25, 25, 50, 43, 115, 115, 230, 149, 96, 96, 192, 160, 129, 129, 25, 152, 79, 79, 158, 209, 220, 220, 163, 127, 34, 34, 68, 102, 42, 42, 84, 126, 144, 144, 59, 171, 136, 136, 11, 131, 70, 70, 140, 202, 238, 238, 199, 41, 184, 184, 107, 211, 20, 20, 40, 60, 222, 222, 167, 121, 94, 94, 188, 226, 11, 11, 22, 29, 219, 219, 173, 118, 224, 224, 219, 59, 50, 50, 100, 86, 58, 58, 116, 78, 10, 10, 20, 30, 73, 73, 146, 219, 6, 6, 12, 10, 36, 36, 72, 108, 92, 92, 184, 228, 194, 194, 159, 93, 211, 211, 189, 110, 172, 172, 67, 239, 98, 98, 196, 166, 145, 145, 57, 168, 149, 149, 49, 164, 228, 228, 211, 55, 121, 121, 242, 139, 231, 231, 213, 50, 200, 200, 139, 67, 55, 55, 110, 89, 109, 109, 218, 183, 141, 141, 1, 140, 213, 213, 177, 100, 78, 78, 156, 210, 169, 169, 73, 224, 108, 108, 216, 180, 86, 86, 172, 250, 244, 244, 243, 7, 234, 234, 207, 37, 101, 101, 202, 175, 122, 122, 244, 142, 174, 174, 71, 233, 8, 8, 16, 24, 186, 186, 111, 213, 120, 120, 240, 136, 37, 37, 74, 111, 46, 46, 92, 114, 28, 28, 56, 36, 166, 166, 87, 241, 180, 180, 115, 199, 198, 198, 151, 81, 232, 232, 203, 35, 221, 221, 161, 124, 116, 116, 232, 156, 31, 31, 62, 33, 75, 75, 150, 221, 189, 189, 97, 220, 139, 139, 13, 134, 138, 138, 15, 133, 112, 112, 224, 144, 62, 62, 124, 66, 181, 181, 113, 196, 102, 102, 204, 170, 72, 72, 144, 216, 3, 3, 6, 5, 246, 246, 247, 1, 14, 14, 28, 18, 97, 97, 194, 163, 53, 53, 106, 95, 87, 87, 174, 249, 185, 185, 105, 208, 134, 134, 23, 145, 193, 193, 153, 88, 29, 29, 58, 39, 158, 158, 39, 185, 225, 225, 217, 56, 248, 248, 235, 19, 152, 152, 43, 179, 17, 17, 34, 51, 105, 105, 210, 187, 217, 217, 169, 112, 142, 142, 7, 137, 148, 148, 51, 167, 155, 155, 45, 182, 30, 30, 60, 34, 135, 135, 21, 146, 233, 233, 201, 32, 206, 206, 135, 73, 85, 85, 170, 255, 40, 40, 80, 120, 223, 223, 165, 122, 140, 140, 3, 143, 161, 161, 89, 248, 137, 137, 9, 128, 13, 13, 26, 23, 191, 191, 101, 218, 230, 230, 215, 49, 66, 66, 132, 198, 104, 104, 208, 184, 65, 65, 130, 195, 153, 153, 41, 176, 45, 45, 90, 119, 15, 15, 30, 17, 176, 176, 123, 203, 84, 84, 168, 252, 187, 187, 109, 214, 22, 22, 44, 58};
.const .align 4 .b8 Te2[1024] = {99, 198, 165, 99, 124, 248, 132, 124, 119, 238, 153, 119, 123, 246, 141, 123, 242, 255, 13, 242, 107, 214, 189, 107, 111, 222, 177, 111, 197, 145, 84, 197, 48, 96, 80, 48, 1, 2, 3, 1, 103, 206, 169, 103, 43, 86, 125, 43, 254, 231, 25, 254, 215, 181, 98, 215, 171, 77, 230, 171, 118, 236, 154, 118, 202, 143, 69, 202, 130, 31, 157, 130, 201, 137, 64, 201, 125, 250, 135, 125, 250, 239, 21, 250, 89, 178, 235, 89, 71, 142, 201, 71, 240, 251, 11, 240, 173, 65, 236, 173, 212, 179, 103, 212, 162, 95, 253, 162, 175, 69, 234, 175, 156, 35, 191, 156, 164, 83, 247, 164, 114, 228, 150, 114, 192, 155, 91, 192, 183, 117, 194, 183, 253, 225, 28, 253, 147, 61, 174, 147, 38, 76, 106, 38, 54, 108, 90, 54, 63, 126, 65, 63, 247, 245, 2, 247, 204, 131, 79, 204, 52, 104, 92, 52, 165, 81, 244, 165, 229, 209, 52, 229, 241, 249, 8, 241, 113, 226, 147, 113, 216, 171, 115, 216, 49, 98, 83, 49, 21, 42, 63, 21, 4, 8, 12, 4, 199, 149, 82, 199, 35, 70, 101, 35, 195, 157, 94, 195, 24, 48, 40, 24, 150, 55, 161, 150, 5, 10, 15, 5, 154, 47, 181, 154, 7, 14, 9, 7, 18, 36, 54, 18, 128, 27, 155, 128, 226, 223, 61, 226, 235, 205, 38, 235, 39, 78, 105, 39, 178, 127, 205, 178, 117, 234, 159, 117, 9, 18, 27, 9, 131, 29, 158, 131, 44, 88, 116, 44, 26, 52, 46, 26, 27, 54, 45, 27, 110, 220, 178, 110, 90, 180, 238, 90, 160, 91, 251, 160, 82, 164, 246, 82, 59, 118, 77, 59, 214, 183, 97, 214, 179, 125, 206, 179, 41, 82, 123, 41, 227, 221, 62, 227, 47, 94, 113, 47, 132, 19, 151, 132, 83, 166, 245, 83, 209, 185, 104, 209, 0, 0, 0, 0, 237, 193, 44, 237, 32, 64, 96, 32, 252, 227, 31, 252, 177, 121, 200, 177, 91, 182, 237, 91, 106, 212, 190, 106, 203, 141, 70, 203, 190, 103, 217, 190, 57, 114, 75, 57, 74, 148, 222, 74, 76, 152, 212, 76, 88, 176, 232, 88, 207, 133, 74, 207, 208, 187, 107, 208, 239, 197, 42, 239, 170, 79, 229, 170, 251, 237, 22, 251, 67, 134, 197, 67, 77, 154, 215, 77, 51, 102, 85, 51, 133, 17, 148, 133, 69, 138, 207, 69, 249, 233, 16, 249, 2, 4, 6, 2, 127, 254, 129, 127, 80, 160, 240, 80, 60, 120, 68, 60, 159, 37, 186, 159, 168, 75, 227, 168, 81, 162, 243, 81, 163, 93, 254, 163, 64, 128, 192, 64, 143, 5, 138, 143, 146, 63, 173, 146, 157, 33, 188, 157, 56, 112, 72, 56, 245, 241, 4, 245, 188, 99, 223, 188, 182, 119, 193, 182, 218, 175, 117, 218, 33, 66, 99, 33, 16, 32, 48, 16, 255, 229, 26, 255, 243, 253, 14, 243, 210, 191, 109, 210, 205, 129, 76, 205, 12, 24, 20, 12, 19, 38, 53, 19, 236, 195, 47, 236, 95, 190, 225, 95, 151, 53, 162, 151, 68, 136, 204, 68, 23, 46, 57, 23, 196, 147, 87, 196, 167, 85, 242, 167, 126, 252, 130, 126, 61, 122, 71, 61, 100, 200, 172, 100, 93, 186, 231, 93, 25, 50, 43, 25, 115, 230, 149, 115, 96, 192, 160, 96, 129, 25, 152, 129, 79, 158, 209, 79, 220, 163, 127, 220, 34, 68, 102, 34, 42, 84, 126, 42, 144, 59, 171, 144, 136, 11, 131, 136, 70, 140, 202, 70, 238, 199, 41, 238, 184, 107, 211, 184, 20, 40, 60, 20, 222, 167, 121, 222, 94, 188, 226, 94, 11, 22, 29, 11, 219, 173, 118, 219, 224, 219, 59, 224, 50, 100, 86, 50, 58, 116, 78, 58, 10, 20, 30, 10, 73, 146, 219, 73, 6, 12, 10, 6, 36, 72, 108, 36, 92, 184, 228, 92, 194, 159, 93, 194, 211, 189, 110, 211, 172, 67, 239, 172, 98, 196, 166, 98, 145, 57, 168, 145, 149, 49, 164, 149, 228, 211, 55, 228, 121, 242, 139, 121, 231, 213, 50, 231, 200, 139, 67, 200, 55, 110, 89, 55, 109, 218, 183, 109, 141, 1, 140, 141, 213, 177, 100, 213, 78, 156, 210, 78, 169, 73, 224, 169, 108, 216, 180, 108, 86, 172, 250, 86, 244, 243, 7, 244, 234, 207, 37, 234, 101, 202, 175, 101, 122, 244, 142, 122, 174, 71, 233, 174, 8, 16, 24, 8, 186, 111, 213, 186, 120, 240, 136, 120, 37, 74, 111, 37, 46, 92, 114, 46, 28, 56, 36, 28, 166, 87, 241, 166, 180, 115, 199, 180, 198, 151, 81, 198, 232, 203, 35, 232, 221, 161, 124, 221, 116, 232, 156, 116, 31, 62, 33, 31, 75, 150, 221, 75, 189, 97, 220, 189, 139, 13, 134, 139, 138, 15, 133, 138, 112, 224, 144, 112, 62, 124, 66, 62, 181, 113, 196, 181, 102, 204, 170, 102, 72, 144, 216, 72, 3, 6, 5, 3, 246, 247, 1, 246, 14, 28, 18, 14, 97, 194, 163, 97, 53, 106, 95, 53, 87, 174, 249, 87, 185, 105, 208, 185, 134, 23, 145, 134, 193, 153, 88, 193, 29, 58, 39, 29, 158, 39, 185, 158, 225, 217, 56, 225, 248, 235, 19, 248, 152, 43, 179, 152, 17, 34, 51, 17, 105, 210, 187, 105, 217, 169, 112, 217, 142, 7, 137, 142, 148, 51, 167, 148, 155, 45, 182, 155, 30, 60, 34, 30, 135, 21, 146, 135, 233, 201, 32, 233, 206, 135, 73, 206, 85, 170, 255, 85, 40, 80, 120, 40, 223, 165, 122, 223, 140, 3, 143, 140, 161, 89, 248, 161, 137, 9, 128, 137, 13, 26, 23, 13, 191, 101, 218, 191, 230, 215, 49, 230, 66, 132, 198, 66, 104, 208, 184, 104, 65, 130, 195, 65, 153, 41, 176, 153, 45, 90, 119, 45, 15, 30, 17, 15, 176, 123, 203, 176, 84, 168, 252, 84, 187, 109, 214, 187, 22, 44, 58, 22};
.const .align 4 .b8 Te3[1024] = {198, 165, 99, 99, 248, 132, 124, 124, 238, 153, 119, 119, 246, 141, 123, 123, 255, 13, 242, 242, 214, 189, 107, 107, 222, 177, 111, 111, 145, 84, 197, 197, 96, 80, 48, 48, 2, 3, 1, 1, 206, 169, 103, 103, 86, 125, 43, 43, 231, 25, 254, 254, 181, 98, 215, 215, 77, 230, 171, 171, 236, 154, 118, 118, 143, 69, 202, 202, 31, 157, 130, 130, 137, 64, 201, 201, 250, 135, 125, 125, 239, 21, 250, 250, 178, 235, 89, 89, 142, 201, 71, 71, 251, 11, 240, 240, 65, 236, 173, 173, 179, 103, 212, 212, 95, 253, 162, 162, 69, 234, 175, 175, 35, 191, 156, 156, 83, 247, 164, 164, 228, 150, 114, 114, 155, 91, 192, 192, 117, 194, 183, 183, 225, 28, 253, 253, 61, 174, 147, 147, 76, 106, 38, 38, 108, 90, 54, 54, 126, 65, 63, 63, 245, 2, 247, 247, 131, 79, 204, 204, 104, 92, 52, 52, 81, 244, 165, 165, 209, 52, 229, 229, 249, 8, 241, 241, 226, 147, 113, 113, 171, 115, 216, 216, 98, 83, 49, 49, 42, 63, 21, 21, 8, 12, 4, 4, 149, 82, 199, 199, 70, 101, 35, 35, 157, 94, 195, 195, 48, 40, 24, 24, 55, 161, 150, 150, 10, 15, 5, 5, 47, 181, 154, 154, 14, 9, 7, 7, 36, 54, 18, 18, 27, 155, 128, 128, 223, 61, 226, 226, 205, 38, 235, 235, 78, 105, 39, 39, 127, 205, 178, 178, 234, 159, 117, 117, 18, 27, 9, 9, 29, 158, 131, 131, 88, 116, 44, 44, 52, 46, 26, 26, 54, 45, 27, 27, 220, 178, 110, 110, 180, 238, 90, 90, 91, 251, 160, 160, 164, 246, 82, 82, 118, 77, 59, 59, 183, 97, 214, 214, 125, 206, 179, 179, 82, 123, 41, 41, 221, 62, 227, 227, 94, 113, 47, 47, 19, 151, 132, 132, 166, 245, 83, 83, 185, 104, 209, 209, 0, 0, 0, 0, 193, 44, 237, 237, 64, 96, 32, 32, 227, 31, 252, 252, 121, 200, 177, 177, 182, 237, 91, 91, 212, 190, 106, 106, 141, 70, 203, 203, 103, 217, 190, 190, 114, 75, 57, 57, 148, 222, 74, 74, 152, 212, 76, 76, 176, 232, 88, 88, 133, 74, 207, 207, 187, 107, 208, 208, 197, 42, 239, 239, 79, 229, 170, 170, 237, 22, 251, 251, 134, 197, 67, 67, 154, 215, 77, 77, 102, 85, 51, 51, 17, 148, 133, 133, 138, 207, 69, 69, 233, 16, 249, 249, 4, 6, 2, 2, 254, 129, 127, 127, 160, 240, 80, 80, 120, 68, 60, 60, 37, 186, 159, 159, 75, 227, 168, 168, 162, 243, 81, 81, 93, 254, 163, 163, 128, 192, 64, 64, 5, 138, 143, 143, 63, 173, 146, 146, 33, 188, 157, 157, 112, 72, 56, 56, 241, 4, 245, 245, 99, 223, 188, 188, 119, 193, 182, 182, 175, 117, 218, 218, 66, 99, 33, 33, 32, 48, 16, 16, 229, 26, 255, 255, 253, 14, 243, 243, 191, 109, 210, 210, 129, 76, 205, 205, 24, 20, 12, 12, 38, 53, 19, 19, 195, 47, 236, 236, 190, 225, 95, 95, 53, 162, 151, 151, 136, 204, 68, 68, 46, 57, 23, 23, 147, 87, 196, 196, 85, 242, 167, 167, 252, 130, 126, 126, 122, 71, 61, 61, 200, 172, 100, 100, 186, 231, 93, 93, 50, 43, 25, 25, 230, 149, 115, 115, 192, 160, 96, 96, 25, 152, 129, 129, 158, 209, 79, 79, 163, 127, 220, 220, 68, 102, 34, 34, 84, 126, 42, 42, 59, 171, 144, 144, 11, 131, 136, 136, 140, 202, 70, 70, 199, 41, 238, 238, 107, 211, 184, 184, 40, 60, 20, 20, 167, 121, 222, 222, 188, 226, 94, 94, 22, 29, 11, 11, 173, 118, 219, 219, 219, 59, 224, 224, 100, 86, 50, 50, 116, 78, 58, 58, 20, 30, 10, 10, 146, 219, 73, 73, 12, 10, 6, 6, 72, 108, 36, 36, 184, 228, 92, 92, 159, 93, 194, 194, 189, 110, 211, 211, 67, 239, 172, 172, 196, 166, 98, 98, 57, 168, 145, 145, 49, 164, 149, 149, 211, 55, 228, 228, 242, 139, 121, 121, 213, 50, 231, 231, 139, 67, 200, 200, 110, 89, 55, 55, 218, 183, 109, 109, 1, 140, 141, 141, 177, 100, 213, 213, 156, 210, 78, 78, 73, 224, 169, 169, 216, 180, 108, 108, 172, 250, 86, 86, 243, 7, 244, 244, 207, 37, 234, 234, 202, 175, 101, 101, 244, 142, 122, 122, 71, 233, 174, 174, 16, 24, 8, 8, 111, 213, 186, 186, 240, 136, 120, 120, 74, 111, 37, 37, 92, 114, 46, 46, 56, 36, 28, 28, 87, 241, 166, 166, 115, 199, 180, 180, 151, 81, 198, 198, 203, 35, 232, 232, 161, 124, 221, 221, 232, 156, 116, 116, 62, 33, 31, 31, 150, 221, 75, 75, 97, 220, 189, 189, 13, 134, 139, 139, 15, 133, 138, 138, 224, 144, 112, 112, 124, 66, 62, 62, 113, 196, 181, 181, 204, 170, 102, 102, 144, 216, 72, 72, 6, 5, 3, 3, 247, 1, 246, 246, 28, 18, 14, 14, 194, 163, 97, 97, 106, 95, 53, 53, 174, 249, 87, 87, 105, 208, 185, 185, 23, 145, 134, 134, 153, 88, 193, 193, 58, 39, 29, 29, 39, 185, 158, 158, 217, 56, 225, 225, 235, 19, 248, 248, 43, 179, 152, 152, 34, 51, 17, 17, 210, 187, 105, 105, 169, 112, 217, 217, 7, 137, 142, 142, 51, 167, 148, 148, 45, 182, 155, 155, 60, 34, 30, 30, 21, 146, 135, 135, 201, 32, 233, 233, 135, 73, 206, 206, 170, 255, 85, 85, 80, 120, 40, 40, 165, 122, 223, 223, 3, 143, 140, 140, 89, 248, 161, 161, 9, 128, 137, 137, 26, 23, 13, 13, 101, 218, 191, 191, 215, 49, 230, 230, 132, 198, 66, 66, 208, 184, 104, 104, 130, 195, 65, 65, 41, 176, 153, 153, 90, 119, 45, 45, 30, 17, 15, 15, 123, 203, 176, 176, 168, 252, 84, 84, 109, 214, 187, 187, 44, 58, 22, 22};
.const .align 4 .b8 Te4[1024] = {99, 99, 99, 99, 124, 124, 124, 124, 119, 119, 119, 119, 123, 123, 123, 123, 242, 242, 242, 242, 107, 107, 107, 107, 111, 111, 111, 111, 197, 197, 197, 197, 48, 48, 48, 48, 1, 1, 1, 1, 103, 103, 103, 103, 43, 43, 43, 43, 254, 254, 254, 254, 215, 215, 215, 215, 171, 171, 171, 171, 118, 118, 118, 118, 202, 202, 202, 202, 130, 130, 130, 130, 201, 201, 201, 201, 125, 125, 125, 125, 250, 250, 250, 250, 89, 89, 89, 89, 71, 71, 71, 71, 240, 240, 240, 240, 173, 173, 173, 173, 212, 212, 212, 212, 162, 162, 162, 162, 175, 175, 175, 175, 156, 156, 156, 156, 164, 164, 164, 164, 114, 114, 114, 114, 192, 192, 192, 192, 183, 183, 183, 183, 253, 253, 253, 253, 147, 147, 147, 147, 38, 38, 38, 38, 54, 54, 54, 54, 63, 63, 63, 63, 247, 247, 247, 247, 204, 204, 204, 204, 52, 52, 52, 52, 165, 165, 165, 165, 229, 229, 229, 229, 241, 241, 241, 241, 113, 113, 113, 113, 216, 216, 216, 216, 49, 49, 49, 49, 21, 21, 21, 21, 4, 4, 4, 4, 199, 199, 199, 199, 35, 35, 35, 35, 195, 195, 195, 195, 24, 24, 24, 24, 150, 150, 150, 150, 5, 5, 5, 5, 154, 154, 154, 154, 7, 7, 7, 7, 18, 18, 18, 18, 128, 128, 128, 128, 226, 226, 226, 226, 235, 235, 235, 235, 39, 39, 39, 39, 178, 178, 178, 178, 117, 117, 117, 117, 9, 9, 9, 9, 131, 131, 131, 131, 44, 44, 44, 44, 26, 26, 26, 26, 27, 27, 27, 27, 110, 110, 110, 110, 90, 90, 90, 90, 160, 160, 160, 160, 82, 82, 82, 82, 59, 59, 59, 59, 214, 214, 214, 214, 179, 179, 179, 179, 41, 41, 41, 41, 227, 227, 227, 227, 47, 47, 47, 47, 132, 132, 132, 132, 83, 83, 83, 83, 209, 209, 209, 209, 0, 0, 0, 0, 237, 237, 237, 237, 32, 32, 32, 32, 252, 252, 252, 252, 177, 177, 177, 177, 91, 91, 91, 91, 106, 106, 106, 106, 203, 203, 203, 203, 190, 190, 190, 190, 57, 57, 57, 57, 74, 74, 74, 74, 76, 76, 76, 76, 88, 88, 88, 88, 207, 207, 207, 207, 208, 208, 208, 208, 239, 239, 239, 239, 170, 170, 170, 170, 251, 251, 251, 251, 67, 67, 67, 67, 77, 77, 77, 77, 51, 51, 51, 51, 133, 133, 133, 133, 69, 69, 69, 69, 249, 249, 249, 249, 2, 2, 2, 2, 127, 127, 127, 127, 80, 80, 80, 80, 60, 60, 60, 60, 159, 159, 159, 159, 168, 168, 168, 168, 81, 81, 81, 81, 163, 163, 163, 163, 64, 64, 64, 64, 143, 143, 143, 143, 146, 146, 146, 146, 157, 157, 157, 157, 56, 56, 56, 56, 245, 245, 245, 245, 188, 188, 188, 188, 182, 182, 182, 182, 218, 218, 218, 218, 33, 33, 33, 33, 16, 16, 16, 16, 255, 255, 255, 255, 243, 243, 243, 243, 210, 210, 210, 210, 205, 205, 205, 205, 12, 12, 12, 12, 19, 19, 19, 19, 236, 236, 236, 236, 95, 95, 95, 95, 151, 151, 151, 151, 68, 68, 68, 68, 23, 23, 23, 23, 196, 196, 196, 196, 167, 167, 167, 167, 126, 126, 126, 126, 61, 61, 61, 61, 100, 100, 100, 100, 93, 93, 93, 93, 25, 25, 25, 25, 115, 115, 115, 115, 96, 96, 96, 96, 129, 129, 129, 129, 79, 79, 79, 79, 220, 220, 220, 220, 34, 34, 34, 34, 42, 42, 42, 42, 144, 144, 144, 144, 136, 136, 136, 136, 70, 70, 70, 70, 238, 238, 238, 238, 184, 184, 184, 184, 20, 20, 20, 20, 222, 222, 222, 222, 94, 94, 94, 94, 11, 11, 11, 11, 219, 219, 219, 219, 224, 224, 224, 224, 50, 50, 50, 50, 58, 58, 58, 58, 10, 10, 10, 10, 73, 73, 73, 73, 6, 6, 6, 6, 36, 36, 36, 36, 92, 92, 92, 92, 194, 194, 194, 194, 211, 211, 211, 211, 172, 172, 172, 172, 98, 98, 98, 98, 145, 145, 145, 145, 149, 149, 149, 149, 228, 228, 228, 228, 121, 121, 121, 121, 231, 231, 231, 231, 200, 200, 200, 200, 55, 55, 55, 55, 109, 109, 109, 109, 141, 141, 141, 141, 213, 213, 213, 213, 78, 78, 78, 78, 169, 169, 169, 169, 108, 108, 108, 108, 86, 86, 86, 86, 244, 244, 244, 244, 234, 234, 234, 234, 101, 101, 101, 101, 122, 122, 122, 122, 174, 174, 174, 174, 8, 8, 8, 8, 186, 186, 186, 186, 120, 120, 120, 120, 37, 37, 37, 37, 46, 46, 46, 46, 28, 28, 28, 28, 166, 166, 166, 166, 180, 180, 180, 180, 198, 198, 198, 198, 232, 232, 232, 232, 221, 221, 221, 221, 116, 116, 116, 116, 31, 31, 31, 31, 75, 75, 75, 75, 189, 189, 189, 189, 139, 139, 139, 139, 138, 138, 138, 138, 112, 112, 112, 112, 62, 62, 62, 62, 181, 181, 181, 181, 102, 102, 102, 102, 72, 72, 72, 72, 3, 3, 3, 3, 246, 246, 246, 246, 14, 14, 14, 14, 97, 97, 97, 97, 53, 53, 53, 53, 87, 87, 87, 87, 185, 185, 185, 185, 134, 134, 134, 134, 193, 193, 193, 193, 29, 29, 29, 29, 158, 158, 158, 158, 225, 225, 225, 225, 248, 248, 248, 248, 152, 152, 152, 152, 17, 17, 17, 17, 105, 105, 105, 105, 217, 217, 217, 217, 142, 142, 142, 142, 148, 148, 148, 148, 155, 155, 155, 155, 30, 30, 30, 30, 135, 135, 135, 135, 233, 233, 233, 233, 206, 206, 206, 206, 85, 85, 85, 85, 40, 40, 40, 40, 223, 223, 223, 223, 140, 140, 140, 140, 161, 161, 161, 161, 137, 137, 137, 137, 13, 13, 13, 13, 191, 191, 191, 191, 230, 230, 230, 230, 66, 66, 66, 66, 104, 104, 104, 104, 65, 65, 65, 65, 153, 153, 153, 153, 45, 45, 45, 45, 15, 15, 15, 15, 176, 176, 176, 176, 84, 84, 84, 84, 187, 187, 187, 187, 22, 22, 22, 22};
.extern .shared .align 4 .b8 shr_1_lTe0[1024];
.extern .shared .align 4 .b8 shr_2_lTe1[1024];
.extern .shared .align 4 .b8 shr_3_lTe2[1024];
.extern .shared .align 4 .b8 shr_4_lTe3[1024];
.extern .shared .align 4 .b8 shr_5_lTe4[1024];
.extern .shared .align 16 .b8 shr_6_lroundkeys[240];

.entry aes_vector_unroll_local_roundkeys_local_tables_if(
	.param .u32 .ptr .global .align 16 aes_vector_unroll_local_roundkeys_local_tables_if_param_0,
	.param .u32 .ptr .global .align 16 aes_vector_unroll_local_roundkeys_local_tables_if_param_1
)
{
	.reg .pred 	%p<2>;
	.reg .s32 	%r<1997>;


	// inline asm
	mov.u32 	%r5, %envreg3;
	// inline asm
	// inline asm
	mov.u32 	%r6, %ntid.x;
	// inline asm
	// inline asm
	mov.u32 	%r7, %ctaid.x;
	// inline asm
	// inline asm
	mov.u32 	%r8, %tid.x;
	// inline asm
	add.s32 	%r10, %r8, %r5;
	mad.lo.s32 	%r3, %r7, %r6, %r10;
	// inline asm
	mov.u32 	%r9, %tid.x;
	// inline asm
	shl.b32 	%r11, %r9, 2;
	mov.u32 	%r12, Te0;
	add.s32 	%r13, %r12, %r11;
	ld.const.u32 	%r14, [%r13];
	mov.u32 	%r15, shr_1_lTe0;
	add.s32 	%r16, %r15, %r11;
	st.shared.u32 	[%r16], %r14;
	mov.u32 	%r17, Te1;
	add.s32 	%r18, %r17, %r11;
	ld.const.u32 	%r19, [%r18];
	mov.u32 	%r20, shr_2_lTe1;
	add.s32 	%r21, %r20, %r11;
	st.shared.u32 	[%r21], %r19;
	mov.u32 	%r22, Te2;
	add.s32 	%r23, %r22, %r11;
	ld.const.u32 	%r24, [%r23];
	mov.u32 	%r25, shr_3_lTe2;
	add.s32 	%r26, %r25, %r11;
	st.shared.u32 	[%r26], %r24;
	mov.u32 	%r27, Te3;
	add.s32 	%r28, %r27, %r11;
	ld.const.u32 	%r29, [%r28];
	mov.u32 	%r30, shr_4_lTe3;
	add.s32 	%r31, %r30, %r11;
	st.shared.u32 	[%r31], %r29;
	mov.u32 	%r32, Te4;
	add.s32 	%r33, %r32, %r11;
	ld.const.u32 	%r34, [%r33];
	mov.u32 	%r35, shr_5_lTe4;
	add.s32 	%r36, %r35, %r11;
	st.shared.u32 	[%r36], %r34;
	setp.gt.u32 	%p1, %r9, 14;
	@%p1 bra 	BB0_2;

	shl.b32 	%r37, %r9, 4;
	ld.param.u32 	%r1995, [aes_vector_unroll_local_roundkeys_local_tables_if_param_1];
	add.s32 	%r38, %r1995, %r37;
	ld.global.v4.u32 	{%r1991, %r1992, %r1993, %r1994}, [%r38];
	mov.u32 	%r39, shr_6_lroundkeys;
	add.s32 	%r40, %r39, %r37;
	st.shared.v4.u32 	[%r40], {%r1991, %r1992, %r1993, %r1994};

BB0_2:
	bar.sync 	0;
	shl.b32 	%r41, %r3, 4;
	ld.param.u32 	%r1996, [aes_vector_unroll_local_roundkeys_local_tables_if_param_0];
	add.s32 	%r42, %r1996, %r41;
	ld.global.v4.u32 	{%r951, %r952, %r953, %r954}, [%r42];
	mov.u32 	%r43, 24;
	shl.b32 	%r959, %r951, %r43;
	shl.b32 	%r960, %r952, %r43;
	shl.b32 	%r961, %r953, %r43;
	shl.b32 	%r962, %r954, %r43;
	mov.u32 	%r44, -16777216;
	and.b32  	%r967, %r959, %r44;
	and.b32  	%r968, %r960, %r44;
	and.b32  	%r969, %r961, %r44;
	and.b32  	%r970, %r962, %r44;
	mov.u32 	%r45, 8;
	shl.b32 	%r975, %r951, %r45;
	shl.b32 	%r976, %r952, %r45;
	shl.b32 	%r977, %r953, %r45;
	shl.b32 	%r978, %r954, %r45;
	mov.u32 	%r46, 16711680;
	and.b32  	%r983, %r975, %r46;
	and.b32  	%r984, %r976, %r46;
	and.b32  	%r985, %r977, %r46;
	and.b32  	%r986, %r978, %r46;
	or.b32  	%r987, %r967, %r983;
	or.b32  	%r988, %r968, %r984;
	or.b32  	%r989, %r969, %r985;
	or.b32  	%r990, %r970, %r986;
	shr.u32 	%r991, %r951, %r45;
	shr.u32 	%r992, %r952, %r45;
	shr.u32 	%r993, %r953, %r45;
	shr.u32 	%r994, %r954, %r45;
	mov.u32 	%r47, 65280;
	and.b32  	%r999, %r991, %r47;
	and.b32  	%r1000, %r992, %r47;
	and.b32  	%r1001, %r993, %r47;
	and.b32  	%r1002, %r994, %r47;
	or.b32  	%r1003, %r987, %r999;
	or.b32  	%r1004, %r988, %r1000;
	or.b32  	%r1005, %r989, %r1001;
	or.b32  	%r1006, %r990, %r1002;
	shr.u32 	%r1007, %r951, %r43;
	shr.u32 	%r1008, %r952, %r43;
	shr.u32 	%r1009, %r953, %r43;
	shr.u32 	%r1010, %r954, %r43;
	mov.u32 	%r48, 255;
	and.b32  	%r1015, %r1007, %r48;
	and.b32  	%r1016, %r1008, %r48;
	and.b32  	%r1017, %r1009, %r48;
	and.b32  	%r1018, %r1010, %r48;
	or.b32  	%r1019, %r1003, %r1015;
	or.b32  	%r1020, %r1004, %r1016;
	or.b32  	%r1021, %r1005, %r1017;
	or.b32  	%r1022, %r1006, %r1018;
	ld.shared.v4.u32 	{%r1023, %r1024, %r1025, %r1026}, [shr_6_lroundkeys];
	xor.b32  	%r1027, %r1019, %r1023;
	xor.b32  	%r1028, %r1020, %r1024;
	xor.b32  	%r1029, %r1021, %r1025;
	xor.b32  	%r1030, %r1022, %r1026;
	and.b32  	%r1031, %r1027, %r48;
	and.b32  	%r1032, %r1028, %r48;
	and.b32  	%r1033, %r1029, %r48;
	and.b32  	%r1034, %r1030, %r48;
	shr.u32 	%r1035, %r1027, %r45;
	shr.u32 	%r1036, %r1028, %r45;
	shr.u32 	%r1037, %r1029, %r45;
	shr.u32 	%r1038, %r1030, %r45;
	and.b32  	%r1039, %r1035, %r48;
	and.b32  	%r1040, %r1036, %r48;
	and.b32  	%r1041, %r1037, %r48;
	and.b32  	%r1042, %r1038, %r48;
	mov.u32 	%r49, 16;
	shr.u32 	%r1047, %r1027, %r49;
	shr.u32 	%r1048, %r1028, %r49;
	shr.u32 	%r1049, %r1029, %r49;
	shr.u32 	%r1050, %r1030, %r49;
	and.b32  	%r1051, %r1047, %r48;
	and.b32  	%r1052, %r1048, %r48;
	and.b32  	%r1053, %r1049, %r48;
	and.b32  	%r1054, %r1050, %r48;
	shr.u32 	%r1055, %r1027, %r43;
	shr.u32 	%r1056, %r1028, %r43;
	shr.u32 	%r1057, %r1029, %r43;
	shr.u32 	%r1058, %r1030, %r43;
	and.b32  	%r1059, %r1055, %r48;
	and.b32  	%r1060, %r1056, %r48;
	and.b32  	%r1061, %r1057, %r48;
	and.b32  	%r1062, %r1058, %r48;
	shl.b32 	%r51, %r1059, 2;
	add.s32 	%r53, %r15, %r51;
	ld.shared.u32 	%r54, [%r53];
	shl.b32 	%r56, %r1060, 2;
	add.s32 	%r57, %r15, %r56;
	ld.shared.u32 	%r58, [%r57];
	shl.b32 	%r60, %r1061, 2;
	add.s32 	%r61, %r15, %r60;
	ld.shared.u32 	%r62, [%r61];
	shl.b32 	%r64, %r1062, 2;
	add.s32 	%r65, %r15, %r64;
	ld.shared.u32 	%r66, [%r65];
	shl.b32 	%r68, %r1052, 2;
	add.s32 	%r70, %r20, %r68;
	ld.shared.u32 	%r71, [%r70];
	shl.b32 	%r73, %r1053, 2;
	add.s32 	%r74, %r20, %r73;
	ld.shared.u32 	%r75, [%r74];
	shl.b32 	%r77, %r1054, 2;
	add.s32 	%r78, %r20, %r77;
	ld.shared.u32 	%r79, [%r78];
	shl.b32 	%r81, %r1051, 2;
	add.s32 	%r82, %r20, %r81;
	ld.shared.u32 	%r83, [%r82];
	xor.b32  	%r1071, %r54, %r71;
	xor.b32  	%r1072, %r58, %r75;
	xor.b32  	%r1073, %r62, %r79;
	xor.b32  	%r1074, %r66, %r83;
	shl.b32 	%r85, %r1041, 2;
	add.s32 	%r87, %r25, %r85;
	ld.shared.u32 	%r88, [%r87];
	shl.b32 	%r90, %r1042, 2;
	add.s32 	%r91, %r25, %r90;
	ld.shared.u32 	%r92, [%r91];
	shl.b32 	%r94, %r1039, 2;
	add.s32 	%r95, %r25, %r94;
	ld.shared.u32 	%r96, [%r95];
	shl.b32 	%r98, %r1040, 2;
	add.s32 	%r99, %r25, %r98;
	ld.shared.u32 	%r100, [%r99];
	xor.b32  	%r1079, %r1071, %r88;
	xor.b32  	%r1080, %r1072, %r92;
	xor.b32  	%r1081, %r1073, %r96;
	xor.b32  	%r1082, %r1074, %r100;
	shl.b32 	%r102, %r1034, 2;
	add.s32 	%r104, %r30, %r102;
	ld.shared.u32 	%r105, [%r104];
	shl.b32 	%r107, %r1031, 2;
	add.s32 	%r108, %r30, %r107;
	ld.shared.u32 	%r109, [%r108];
	shl.b32 	%r111, %r1032, 2;
	add.s32 	%r112, %r30, %r111;
	ld.shared.u32 	%r113, [%r112];
	shl.b32 	%r115, %r1033, 2;
	add.s32 	%r116, %r30, %r115;
	ld.shared.u32 	%r117, [%r116];
	xor.b32  	%r1087, %r1079, %r105;
	xor.b32  	%r1088, %r1080, %r109;
	xor.b32  	%r1089, %r1081, %r113;
	xor.b32  	%r1090, %r1082, %r117;
	ld.shared.v4.u32 	{%r1091, %r1092, %r1093, %r1094}, [shr_6_lroundkeys+16];
	xor.b32  	%r1095, %r1087, %r1091;
	xor.b32  	%r1096, %r1088, %r1092;
	xor.b32  	%r1097, %r1089, %r1093;
	xor.b32  	%r1098, %r1090, %r1094;
	and.b32  	%r1099, %r1095, %r48;
	and.b32  	%r1100, %r1096, %r48;
	and.b32  	%r1101, %r1097, %r48;
	and.b32  	%r1102, %r1098, %r48;
	shr.u32 	%r1103, %r1095, %r45;
	shr.u32 	%r1104, %r1096, %r45;
	shr.u32 	%r1105, %r1097, %r45;
	shr.u32 	%r1106, %r1098, %r45;
	and.b32  	%r1107, %r1103, %r48;
	and.b32  	%r1108, %r1104, %r48;
	and.b32  	%r1109, %r1105, %r48;
	and.b32  	%r1110, %r1106, %r48;
	shr.u32 	%r1111, %r1095, %r49;
	shr.u32 	%r1112, %r1096, %r49;
	shr.u32 	%r1113, %r1097, %r49;
	shr.u32 	%r1114, %r1098, %r49;
	and.b32  	%r1115, %r1111, %r48;
	and.b32  	%r1116, %r1112, %r48;
	and.b32  	%r1117, %r1113, %r48;
	and.b32  	%r1118, %r1114, %r48;
	shr.u32 	%r1119, %r1095, %r43;
	shr.u32 	%r1120, %r1096, %r43;
	shr.u32 	%r1121, %r1097, %r43;
	shr.u32 	%r1122, %r1098, %r43;
	and.b32  	%r1123, %r1119, %r48;
	and.b32  	%r1124, %r1120, %r48;
	and.b32  	%r1125, %r1121, %r48;
	and.b32  	%r1126, %r1122, %r48;
	shl.b32 	%r119, %r1123, 2;
	add.s32 	%r120, %r15, %r119;
	ld.shared.u32 	%r121, [%r120];
	shl.b32 	%r123, %r1124, 2;
	add.s32 	%r124, %r15, %r123;
	ld.shared.u32 	%r125, [%r124];
	shl.b32 	%r127, %r1125, 2;
	add.s32 	%r128, %r15, %r127;
	ld.shared.u32 	%r129, [%r128];
	shl.b32 	%r131, %r1126, 2;
	add.s32 	%r132, %r15, %r131;
	ld.shared.u32 	%r133, [%r132];
	shl.b32 	%r135, %r1116, 2;
	add.s32 	%r136, %r20, %r135;
	ld.shared.u32 	%r137, [%r136];
	shl.b32 	%r139, %r1117, 2;
	add.s32 	%r140, %r20, %r139;
	ld.shared.u32 	%r141, [%r140];
	shl.b32 	%r143, %r1118, 2;
	add.s32 	%r144, %r20, %r143;
	ld.shared.u32 	%r145, [%r144];
	shl.b32 	%r147, %r1115, 2;
	add.s32 	%r148, %r20, %r147;
	ld.shared.u32 	%r149, [%r148];
	xor.b32  	%r1135, %r121, %r137;
	xor.b32  	%r1136, %r125, %r141;
	xor.b32  	%r1137, %r129, %r145;
	xor.b32  	%r1138, %r133, %r149;
	shl.b32 	%r151, %r1109, 2;
	add.s32 	%r152, %r25, %r151;
	ld.shared.u32 	%r153, [%r152];
	shl.b32 	%r155, %r1110, 2;
	add.s32 	%r156, %r25, %r155;
	ld.shared.u32 	%r157, [%r156];
	shl.b32 	%r159, %r1107, 2;
	add.s32 	%r160, %r25, %r159;
	ld.shared.u32 	%r161, [%r160];
	shl.b32 	%r163, %r1108, 2;
	add.s32 	%r164, %r25, %r163;
	ld.shared.u32 	%r165, [%r164];
	xor.b32  	%r1143, %r1135, %r153;
	xor.b32  	%r1144, %r1136, %r157;
	xor.b32  	%r1145, %r1137, %r161;
	xor.b32  	%r1146, %r1138, %r165;
	shl.b32 	%r167, %r1102, 2;
	add.s32 	%r168, %r30, %r167;
	ld.shared.u32 	%r169, [%r168];
	shl.b32 	%r171, %r1099, 2;
	add.s32 	%r172, %r30, %r171;
	ld.shared.u32 	%r173, [%r172];
	shl.b32 	%r175, %r1100, 2;
	add.s32 	%r176, %r30, %r175;
	ld.shared.u32 	%r177, [%r176];
	shl.b32 	%r179, %r1101, 2;
	add.s32 	%r180, %r30, %r179;
	ld.shared.u32 	%r181, [%r180];
	xor.b32  	%r1151, %r1143, %r169;
	xor.b32  	%r1152, %r1144, %r173;
	xor.b32  	%r1153, %r1145, %r177;
	xor.b32  	%r1154, %r1146, %r181;
	ld.shared.v4.u32 	{%r1155, %r1156, %r1157, %r1158}, [shr_6_lroundkeys+32];
	xor.b32  	%r1159, %r1151, %r1155;
	xor.b32  	%r1160, %r1152, %r1156;
	xor.b32  	%r1161, %r1153, %r1157;
	xor.b32  	%r1162, %r1154, %r1158;
	and.b32  	%r1163, %r1159, %r48;
	and.b32  	%r1164, %r1160, %r48;
	and.b32  	%r1165, %r1161, %r48;
	and.b32  	%r1166, %r1162, %r48;
	shr.u32 	%r1167, %r1159, %r45;
	shr.u32 	%r1168, %r1160, %r45;
	shr.u32 	%r1169, %r1161, %r45;
	shr.u32 	%r1170, %r1162, %r45;
	and.b32  	%r1171, %r1167, %r48;
	and.b32  	%r1172, %r1168, %r48;
	and.b32  	%r1173, %r1169, %r48;
	and.b32  	%r1174, %r1170, %r48;
	shr.u32 	%r1175, %r1159, %r49;
	shr.u32 	%r1176, %r1160, %r49;
	shr.u32 	%r1177, %r1161, %r49;
	shr.u32 	%r1178, %r1162, %r49;
	and.b32  	%r1179, %r1175, %r48;
	and.b32  	%r1180, %r1176, %r48;
	and.b32  	%r1181, %r1177, %r48;
	and.b32  	%r1182, %r1178, %r48;
	shr.u32 	%r1183, %r1159, %r43;
	shr.u32 	%r1184, %r1160, %r43;
	shr.u32 	%r1185, %r1161, %r43;
	shr.u32 	%r1186, %r1162, %r43;
	and.b32  	%r1187, %r1183, %r48;
	and.b32  	%r1188, %r1184, %r48;
	and.b32  	%r1189, %r1185, %r48;
	and.b32  	%r1190, %r1186, %r48;
	shl.b32 	%r183, %r1187, 2;
	add.s32 	%r184, %r15, %r183;
	ld.shared.u32 	%r185, [%r184];
	shl.b32 	%r187, %r1188, 2;
	add.s32 	%r188, %r15, %r187;
	ld.shared.u32 	%r189, [%r188];
	shl.b32 	%r191, %r1189, 2;
	add.s32 	%r192, %r15, %r191;
	ld.shared.u32 	%r193, [%r192];
	shl.b32 	%r195, %r1190, 2;
	add.s32 	%r196, %r15, %r195;
	ld.shared.u32 	%r197, [%r196];
	shl.b32 	%r199, %r1180, 2;
	add.s32 	%r200, %r20, %r199;
	ld.shared.u32 	%r201, [%r200];
	shl.b32 	%r203, %r1181, 2;
	add.s32 	%r204, %r20, %r203;
	ld.shared.u32 	%r205, [%r204];
	shl.b32 	%r207, %r1182, 2;
	add.s32 	%r208, %r20, %r207;
	ld.shared.u32 	%r209, [%r208];
	shl.b32 	%r211, %r1179, 2;
	add.s32 	%r212, %r20, %r211;
	ld.shared.u32 	%r213, [%r212];
	xor.b32  	%r1199, %r185, %r201;
	xor.b32  	%r1200, %r189, %r205;
	xor.b32  	%r1201, %r193, %r209;
	xor.b32  	%r1202, %r197, %r213;
	shl.b32 	%r215, %r1173, 2;
	add.s32 	%r216, %r25, %r215;
	ld.shared.u32 	%r217, [%r216];
	shl.b32 	%r219, %r1174, 2;
	add.s32 	%r220, %r25, %r219;
	ld.shared.u32 	%r221, [%r220];
	shl.b32 	%r223, %r1171, 2;
	add.s32 	%r224, %r25, %r223;
	ld.shared.u32 	%r225, [%r224];
	shl.b32 	%r227, %r1172, 2;
	add.s32 	%r228, %r25, %r227;
	ld.shared.u32 	%r229, [%r228];
	xor.b32  	%r1207, %r1199, %r217;
	xor.b32  	%r1208, %r1200, %r221;
	xor.b32  	%r1209, %r1201, %r225;
	xor.b32  	%r1210, %r1202, %r229;
	shl.b32 	%r231, %r1166, 2;
	add.s32 	%r232, %r30, %r231;
	ld.shared.u32 	%r233, [%r232];
	shl.b32 	%r235, %r1163, 2;
	add.s32 	%r236, %r30, %r235;
	ld.shared.u32 	%r237, [%r236];
	shl.b32 	%r239, %r1164, 2;
	add.s32 	%r240, %r30, %r239;
	ld.shared.u32 	%r241, [%r240];
	shl.b32 	%r243, %r1165, 2;
	add.s32 	%r244, %r30, %r243;
	ld.shared.u32 	%r245, [%r244];
	xor.b32  	%r1215, %r1207, %r233;
	xor.b32  	%r1216, %r1208, %r237;
	xor.b32  	%r1217, %r1209, %r241;
	xor.b32  	%r1218, %r1210, %r245;
	ld.shared.v4.u32 	{%r1219, %r1220, %r1221, %r1222}, [shr_6_lroundkeys+48];
	xor.b32  	%r1223, %r1215, %r1219;
	xor.b32  	%r1224, %r1216, %r1220;
	xor.b32  	%r1225, %r1217, %r1221;
	xor.b32  	%r1226, %r1218, %r1222;
	and.b32  	%r1227, %r1223, %r48;
	and.b32  	%r1228, %r1224, %r48;
	and.b32  	%r1229, %r1225, %r48;
	and.b32  	%r1230, %r1226, %r48;
	shr.u32 	%r1231, %r1223, %r45;
	shr.u32 	%r1232, %r1224, %r45;
	shr.u32 	%r1233, %r1225, %r45;
	shr.u32 	%r1234, %r1226, %r45;
	and.b32  	%r1235, %r1231, %r48;
	and.b32  	%r1236, %r1232, %r48;
	and.b32  	%r1237, %r1233, %r48;
	and.b32  	%r1238, %r1234, %r48;
	shr.u32 	%r1239, %r1223, %r49;
	shr.u32 	%r1240, %r1224, %r49;
	shr.u32 	%r1241, %r1225, %r49;
	shr.u32 	%r1242, %r1226, %r49;
	and.b32  	%r1243, %r1239, %r48;
	and.b32  	%r1244, %r1240, %r48;
	and.b32  	%r1245, %r1241, %r48;
	and.b32  	%r1246, %r1242, %r48;
	shr.u32 	%r1247, %r1223, %r43;
	shr.u32 	%r1248, %r1224, %r43;
	shr.u32 	%r1249, %r1225, %r43;
	shr.u32 	%r1250, %r1226, %r43;
	and.b32  	%r1251, %r1247, %r48;
	and.b32  	%r1252, %r1248, %r48;
	and.b32  	%r1253, %r1249, %r48;
	and.b32  	%r1254, %r1250, %r48;
	shl.b32 	%r247, %r1251, 2;
	add.s32 	%r248, %r15, %r247;
	ld.shared.u32 	%r249, [%r248];
	shl.b32 	%r251, %r1252, 2;
	add.s32 	%r252, %r15, %r251;
	ld.shared.u32 	%r253, [%r252];
	shl.b32 	%r255, %r1253, 2;
	add.s32 	%r256, %r15, %r255;
	ld.shared.u32 	%r257, [%r256];
	shl.b32 	%r259, %r1254, 2;
	add.s32 	%r260, %r15, %r259;
	ld.shared.u32 	%r261, [%r260];
	shl.b32 	%r263, %r1244, 2;
	add.s32 	%r264, %r20, %r263;
	ld.shared.u32 	%r265, [%r264];
	shl.b32 	%r267, %r1245, 2;
	add.s32 	%r268, %r20, %r267;
	ld.shared.u32 	%r269, [%r268];
	shl.b32 	%r271, %r1246, 2;
	add.s32 	%r272, %r20, %r271;
	ld.shared.u32 	%r273, [%r272];
	shl.b32 	%r275, %r1243, 2;
	add.s32 	%r276, %r20, %r275;
	ld.shared.u32 	%r277, [%r276];
	xor.b32  	%r1263, %r249, %r265;
	xor.b32  	%r1264, %r253, %r269;
	xor.b32  	%r1265, %r257, %r273;
	xor.b32  	%r1266, %r261, %r277;
	shl.b32 	%r279, %r1237, 2;
	add.s32 	%r280, %r25, %r279;
	ld.shared.u32 	%r281, [%r280];
	shl.b32 	%r283, %r1238, 2;
	add.s32 	%r284, %r25, %r283;
	ld.shared.u32 	%r285, [%r284];
	shl.b32 	%r287, %r1235, 2;
	add.s32 	%r288, %r25, %r287;
	ld.shared.u32 	%r289, [%r288];
	shl.b32 	%r291, %r1236, 2;
	add.s32 	%r292, %r25, %r291;
	ld.shared.u32 	%r293, [%r292];
	xor.b32  	%r1271, %r1263, %r281;
	xor.b32  	%r1272, %r1264, %r285;
	xor.b32  	%r1273, %r1265, %r289;
	xor.b32  	%r1274, %r1266, %r293;
	shl.b32 	%r295, %r1230, 2;
	add.s32 	%r296, %r30, %r295;
	ld.shared.u32 	%r297, [%r296];
	shl.b32 	%r299, %r1227, 2;
	add.s32 	%r300, %r30, %r299;
	ld.shared.u32 	%r301, [%r300];
	shl.b32 	%r303, %r1228, 2;
	add.s32 	%r304, %r30, %r303;
	ld.shared.u32 	%r305, [%r304];
	shl.b32 	%r307, %r1229, 2;
	add.s32 	%r308, %r30, %r307;
	ld.shared.u32 	%r309, [%r308];
	xor.b32  	%r1279, %r1271, %r297;
	xor.b32  	%r1280, %r1272, %r301;
	xor.b32  	%r1281, %r1273, %r305;
	xor.b32  	%r1282, %r1274, %r309;
	ld.shared.v4.u32 	{%r1283, %r1284, %r1285, %r1286}, [shr_6_lroundkeys+64];
	xor.b32  	%r1287, %r1279, %r1283;
	xor.b32  	%r1288, %r1280, %r1284;
	xor.b32  	%r1289, %r1281, %r1285;
	xor.b32  	%r1290, %r1282, %r1286;
	and.b32  	%r1291, %r1287, %r48;
	and.b32  	%r1292, %r1288, %r48;
	and.b32  	%r1293, %r1289, %r48;
	and.b32  	%r1294, %r1290, %r48;
	shr.u32 	%r1295, %r1287, %r45;
	shr.u32 	%r1296, %r1288, %r45;
	shr.u32 	%r1297, %r1289, %r45;
	shr.u32 	%r1298, %r1290, %r45;
	and.b32  	%r1299, %r1295, %r48;
	and.b32  	%r1300, %r1296, %r48;
	and.b32  	%r1301, %r1297, %r48;
	and.b32  	%r1302, %r1298, %r48;
	shr.u32 	%r1303, %r1287, %r49;
	shr.u32 	%r1304, %r1288, %r49;
	shr.u32 	%r1305, %r1289, %r49;
	shr.u32 	%r1306, %r1290, %r49;
	and.b32  	%r1307, %r1303, %r48;
	and.b32  	%r1308, %r1304, %r48;
	and.b32  	%r1309, %r1305, %r48;
	and.b32  	%r1310, %r1306, %r48;
	shr.u32 	%r1311, %r1287, %r43;
	shr.u32 	%r1312, %r1288, %r43;
	shr.u32 	%r1313, %r1289, %r43;
	shr.u32 	%r1314, %r1290, %r43;
	and.b32  	%r1315, %r1311, %r48;
	and.b32  	%r1316, %r1312, %r48;
	and.b32  	%r1317, %r1313, %r48;
	and.b32  	%r1318, %r1314, %r48;
	shl.b32 	%r311, %r1315, 2;
	add.s32 	%r312, %r15, %r311;
	ld.shared.u32 	%r313, [%r312];
	shl.b32 	%r315, %r1316, 2;
	add.s32 	%r316, %r15, %r315;
	ld.shared.u32 	%r317, [%r316];
	shl.b32 	%r319, %r1317, 2;
	add.s32 	%r320, %r15, %r319;
	ld.shared.u32 	%r321, [%r320];
	shl.b32 	%r323, %r1318, 2;
	add.s32 	%r324, %r15, %r323;
	ld.shared.u32 	%r325, [%r324];
	shl.b32 	%r327, %r1308, 2;
	add.s32 	%r328, %r20, %r327;
	ld.shared.u32 	%r329, [%r328];
	shl.b32 	%r331, %r1309, 2;
	add.s32 	%r332, %r20, %r331;
	ld.shared.u32 	%r333, [%r332];
	shl.b32 	%r335, %r1310, 2;
	add.s32 	%r336, %r20, %r335;
	ld.shared.u32 	%r337, [%r336];
	shl.b32 	%r339, %r1307, 2;
	add.s32 	%r340, %r20, %r339;
	ld.shared.u32 	%r341, [%r340];
	xor.b32  	%r1327, %r313, %r329;
	xor.b32  	%r1328, %r317, %r333;
	xor.b32  	%r1329, %r321, %r337;
	xor.b32  	%r1330, %r325, %r341;
	shl.b32 	%r343, %r1301, 2;
	add.s32 	%r344, %r25, %r343;
	ld.shared.u32 	%r345, [%r344];
	shl.b32 	%r347, %r1302, 2;
	add.s32 	%r348, %r25, %r347;
	ld.shared.u32 	%r349, [%r348];
	shl.b32 	%r351, %r1299, 2;
	add.s32 	%r352, %r25, %r351;
	ld.shared.u32 	%r353, [%r352];
	shl.b32 	%r355, %r1300, 2;
	add.s32 	%r356, %r25, %r355;
	ld.shared.u32 	%r357, [%r356];
	xor.b32  	%r1335, %r1327, %r345;
	xor.b32  	%r1336, %r1328, %r349;
	xor.b32  	%r1337, %r1329, %r353;
	xor.b32  	%r1338, %r1330, %r357;
	shl.b32 	%r359, %r1294, 2;
	add.s32 	%r360, %r30, %r359;
	ld.shared.u32 	%r361, [%r360];
	shl.b32 	%r363, %r1291, 2;
	add.s32 	%r364, %r30, %r363;
	ld.shared.u32 	%r365, [%r364];
	shl.b32 	%r367, %r1292, 2;
	add.s32 	%r368, %r30, %r367;
	ld.shared.u32 	%r369, [%r368];
	shl.b32 	%r371, %r1293, 2;
	add.s32 	%r372, %r30, %r371;
	ld.shared.u32 	%r373, [%r372];
	xor.b32  	%r1343, %r1335, %r361;
	xor.b32  	%r1344, %r1336, %r365;
	xor.b32  	%r1345, %r1337, %r369;
	xor.b32  	%r1346, %r1338, %r373;
	ld.shared.v4.u32 	{%r1347, %r1348, %r1349, %r1350}, [shr_6_lroundkeys+80];
	xor.b32  	%r1351, %r1343, %r1347;
	xor.b32  	%r1352, %r1344, %r1348;
	xor.b32  	%r1353, %r1345, %r1349;
	xor.b32  	%r1354, %r1346, %r1350;
	and.b32  	%r1355, %r1351, %r48;
	and.b32  	%r1356, %r1352, %r48;
	and.b32  	%r1357, %r1353, %r48;
	and.b32  	%r1358, %r1354, %r48;
	shr.u32 	%r1359, %r1351, %r45;
	shr.u32 	%r1360, %r1352, %r45;
	shr.u32 	%r1361, %r1353, %r45;
	shr.u32 	%r1362, %r1354, %r45;
	and.b32  	%r1363, %r1359, %r48;
	and.b32  	%r1364, %r1360, %r48;
	and.b32  	%r1365, %r1361, %r48;
	and.b32  	%r1366, %r1362, %r48;
	shr.u32 	%r1367, %r1351, %r49;
	shr.u32 	%r1368, %r1352, %r49;
	shr.u32 	%r1369, %r1353, %r49;
	shr.u32 	%r1370, %r1354, %r49;
	and.b32  	%r1371, %r1367, %r48;
	and.b32  	%r1372, %r1368, %r48;
	and.b32  	%r1373, %r1369, %r48;
	and.b32  	%r1374, %r1370, %r48;
	shr.u32 	%r1375, %r1351, %r43;
	shr.u32 	%r1376, %r1352, %r43;
	shr.u32 	%r1377, %r1353, %r43;
	shr.u32 	%r1378, %r1354, %r43;
	and.b32  	%r1379, %r1375, %r48;
	and.b32  	%r1380, %r1376, %r48;
	and.b32  	%r1381, %r1377, %r48;
	and.b32  	%r1382, %r1378, %r48;
	shl.b32 	%r375, %r1379, 2;
	add.s32 	%r376, %r15, %r375;
	ld.shared.u32 	%r377, [%r376];
	shl.b32 	%r379, %r1380, 2;
	add.s32 	%r380, %r15, %r379;
	ld.shared.u32 	%r381, [%r380];
	shl.b32 	%r383, %r1381, 2;
	add.s32 	%r384, %r15, %r383;
	ld.shared.u32 	%r385, [%r384];
	shl.b32 	%r387, %r1382, 2;
	add.s32 	%r388, %r15, %r387;
	ld.shared.u32 	%r389, [%r388];
	shl.b32 	%r391, %r1372, 2;
	add.s32 	%r392, %r20, %r391;
	ld.shared.u32 	%r393, [%r392];
	shl.b32 	%r395, %r1373, 2;
	add.s32 	%r396, %r20, %r395;
	ld.shared.u32 	%r397, [%r396];
	shl.b32 	%r399, %r1374, 2;
	add.s32 	%r400, %r20, %r399;
	ld.shared.u32 	%r401, [%r400];
	shl.b32 	%r403, %r1371, 2;
	add.s32 	%r404, %r20, %r403;
	ld.shared.u32 	%r405, [%r404];
	xor.b32  	%r1391, %r377, %r393;
	xor.b32  	%r1392, %r381, %r397;
	xor.b32  	%r1393, %r385, %r401;
	xor.b32  	%r1394, %r389, %r405;
	shl.b32 	%r407, %r1365, 2;
	add.s32 	%r408, %r25, %r407;
	ld.shared.u32 	%r409, [%r408];
	shl.b32 	%r411, %r1366, 2;
	add.s32 	%r412, %r25, %r411;
	ld.shared.u32 	%r413, [%r412];
	shl.b32 	%r415, %r1363, 2;
	add.s32 	%r416, %r25, %r415;
	ld.shared.u32 	%r417, [%r416];
	shl.b32 	%r419, %r1364, 2;
	add.s32 	%r420, %r25, %r419;
	ld.shared.u32 	%r421, [%r420];
	xor.b32  	%r1399, %r1391, %r409;
	xor.b32  	%r1400, %r1392, %r413;
	xor.b32  	%r1401, %r1393, %r417;
	xor.b32  	%r1402, %r1394, %r421;
	shl.b32 	%r423, %r1358, 2;
	add.s32 	%r424, %r30, %r423;
	ld.shared.u32 	%r425, [%r424];
	shl.b32 	%r427, %r1355, 2;
	add.s32 	%r428, %r30, %r427;
	ld.shared.u32 	%r429, [%r428];
	shl.b32 	%r431, %r1356, 2;
	add.s32 	%r432, %r30, %r431;
	ld.shared.u32 	%r433, [%r432];
	shl.b32 	%r435, %r1357, 2;
	add.s32 	%r436, %r30, %r435;
	ld.shared.u32 	%r437, [%r436];
	xor.b32  	%r1407, %r1399, %r425;
	xor.b32  	%r1408, %r1400, %r429;
	xor.b32  	%r1409, %r1401, %r433;
	xor.b32  	%r1410, %r1402, %r437;
	ld.shared.v4.u32 	{%r1411, %r1412, %r1413, %r1414}, [shr_6_lroundkeys+96];
	xor.b32  	%r1415, %r1407, %r1411;
	xor.b32  	%r1416, %r1408, %r1412;
	xor.b32  	%r1417, %r1409, %r1413;
	xor.b32  	%r1418, %r1410, %r1414;
	and.b32  	%r1419, %r1415, %r48;
	and.b32  	%r1420, %r1416, %r48;
	and.b32  	%r1421, %r1417, %r48;
	and.b32  	%r1422, %r1418, %r48;
	shr.u32 	%r1423, %r1415, %r45;
	shr.u32 	%r1424, %r1416, %r45;
	shr.u32 	%r1425, %r1417, %r45;
	shr.u32 	%r1426, %r1418, %r45;
	and.b32  	%r1427, %r1423, %r48;
	and.b32  	%r1428, %r1424, %r48;
	and.b32  	%r1429, %r1425, %r48;
	and.b32  	%r1430, %r1426, %r48;
	shr.u32 	%r1431, %r1415, %r49;
	shr.u32 	%r1432, %r1416, %r49;
	shr.u32 	%r1433, %r1417, %r49;
	shr.u32 	%r1434, %r1418, %r49;
	and.b32  	%r1435, %r1431, %r48;
	and.b32  	%r1436, %r1432, %r48;
	and.b32  	%r1437, %r1433, %r48;
	and.b32  	%r1438, %r1434, %r48;
	shr.u32 	%r1439, %r1415, %r43;
	shr.u32 	%r1440, %r1416, %r43;
	shr.u32 	%r1441, %r1417, %r43;
	shr.u32 	%r1442, %r1418, %r43;
	and.b32  	%r1443, %r1439, %r48;
	and.b32  	%r1444, %r1440, %r48;
	and.b32  	%r1445, %r1441, %r48;
	and.b32  	%r1446, %r1442, %r48;
	shl.b32 	%r439, %r1443, 2;
	add.s32 	%r440, %r15, %r439;
	ld.shared.u32 	%r441, [%r440];
	shl.b32 	%r443, %r1444, 2;
	add.s32 	%r444, %r15, %r443;
	ld.shared.u32 	%r445, [%r444];
	shl.b32 	%r447, %r1445, 2;
	add.s32 	%r448, %r15, %r447;
	ld.shared.u32 	%r449, [%r448];
	shl.b32 	%r451, %r1446, 2;
	add.s32 	%r452, %r15, %r451;
	ld.shared.u32 	%r453, [%r452];
	shl.b32 	%r455, %r1436, 2;
	add.s32 	%r456, %r20, %r455;
	ld.shared.u32 	%r457, [%r456];
	shl.b32 	%r459, %r1437, 2;
	add.s32 	%r460, %r20, %r459;
	ld.shared.u32 	%r461, [%r460];
	shl.b32 	%r463, %r1438, 2;
	add.s32 	%r464, %r20, %r463;
	ld.shared.u32 	%r465, [%r464];
	shl.b32 	%r467, %r1435, 2;
	add.s32 	%r468, %r20, %r467;
	ld.shared.u32 	%r469, [%r468];
	xor.b32  	%r1455, %r441, %r457;
	xor.b32  	%r1456, %r445, %r461;
	xor.b32  	%r1457, %r449, %r465;
	xor.b32  	%r1458, %r453, %r469;
	shl.b32 	%r471, %r1429, 2;
	add.s32 	%r472, %r25, %r471;
	ld.shared.u32 	%r473, [%r472];
	shl.b32 	%r475, %r1430, 2;
	add.s32 	%r476, %r25, %r475;
	ld.shared.u32 	%r477, [%r476];
	shl.b32 	%r479, %r1427, 2;
	add.s32 	%r480, %r25, %r479;
	ld.shared.u32 	%r481, [%r480];
	shl.b32 	%r483, %r1428, 2;
	add.s32 	%r484, %r25, %r483;
	ld.shared.u32 	%r485, [%r484];
	xor.b32  	%r1463, %r1455, %r473;
	xor.b32  	%r1464, %r1456, %r477;
	xor.b32  	%r1465, %r1457, %r481;
	xor.b32  	%r1466, %r1458, %r485;
	shl.b32 	%r487, %r1422, 2;
	add.s32 	%r488, %r30, %r487;
	ld.shared.u32 	%r489, [%r488];
	shl.b32 	%r491, %r1419, 2;
	add.s32 	%r492, %r30, %r491;
	ld.shared.u32 	%r493, [%r492];
	shl.b32 	%r495, %r1420, 2;
	add.s32 	%r496, %r30, %r495;
	ld.shared.u32 	%r497, [%r496];
	shl.b32 	%r499, %r1421, 2;
	add.s32 	%r500, %r30, %r499;
	ld.shared.u32 	%r501, [%r500];
	xor.b32  	%r1471, %r1463, %r489;
	xor.b32  	%r1472, %r1464, %r493;
	xor.b32  	%r1473, %r1465, %r497;
	xor.b32  	%r1474, %r1466, %r501;
	ld.shared.v4.u32 	{%r1475, %r1476, %r1477, %r1478}, [shr_6_lroundkeys+112];
	xor.b32  	%r1479, %r1471, %r1475;
	xor.b32  	%r1480, %r1472, %r1476;
	xor.b32  	%r1481, %r1473, %r1477;
	xor.b32  	%r1482, %r1474, %r1478;
	and.b32  	%r1483, %r1479, %r48;
	and.b32  	%r1484, %r1480, %r48;
	and.b32  	%r1485, %r1481, %r48;
	and.b32  	%r1486, %r1482, %r48;
	shr.u32 	%r1487, %r1479, %r45;
	shr.u32 	%r1488, %r1480, %r45;
	shr.u32 	%r1489, %r1481, %r45;
	shr.u32 	%r1490, %r1482, %r45;
	and.b32  	%r1491, %r1487, %r48;
	and.b32  	%r1492, %r1488, %r48;
	and.b32  	%r1493, %r1489, %r48;
	and.b32  	%r1494, %r1490, %r48;
	shr.u32 	%r1495, %r1479, %r49;
	shr.u32 	%r1496, %r1480, %r49;
	shr.u32 	%r1497, %r1481, %r49;
	shr.u32 	%r1498, %r1482, %r49;
	and.b32  	%r1499, %r1495, %r48;
	and.b32  	%r1500, %r1496, %r48;
	and.b32  	%r1501, %r1497, %r48;
	and.b32  	%r1502, %r1498, %r48;
	shr.u32 	%r1503, %r1479, %r43;
	shr.u32 	%r1504, %r1480, %r43;
	shr.u32 	%r1505, %r1481, %r43;
	shr.u32 	%r1506, %r1482, %r43;
	and.b32  	%r1507, %r1503, %r48;
	and.b32  	%r1508, %r1504, %r48;
	and.b32  	%r1509, %r1505, %r48;
	and.b32  	%r1510, %r1506, %r48;
	shl.b32 	%r503, %r1507, 2;
	add.s32 	%r504, %r15, %r503;
	ld.shared.u32 	%r505, [%r504];
	shl.b32 	%r507, %r1508, 2;
	add.s32 	%r508, %r15, %r507;
	ld.shared.u32 	%r509, [%r508];
	shl.b32 	%r511, %r1509, 2;
	add.s32 	%r512, %r15, %r511;
	ld.shared.u32 	%r513, [%r512];
	shl.b32 	%r515, %r1510, 2;
	add.s32 	%r516, %r15, %r515;
	ld.shared.u32 	%r517, [%r516];
	shl.b32 	%r519, %r1500, 2;
	add.s32 	%r520, %r20, %r519;
	ld.shared.u32 	%r521, [%r520];
	shl.b32 	%r523, %r1501, 2;
	add.s32 	%r524, %r20, %r523;
	ld.shared.u32 	%r525, [%r524];
	shl.b32 	%r527, %r1502, 2;
	add.s32 	%r528, %r20, %r527;
	ld.shared.u32 	%r529, [%r528];
	shl.b32 	%r531, %r1499, 2;
	add.s32 	%r532, %r20, %r531;
	ld.shared.u32 	%r533, [%r532];
	xor.b32  	%r1519, %r505, %r521;
	xor.b32  	%r1520, %r509, %r525;
	xor.b32  	%r1521, %r513, %r529;
	xor.b32  	%r1522, %r517, %r533;
	shl.b32 	%r535, %r1493, 2;
	add.s32 	%r536, %r25, %r535;
	ld.shared.u32 	%r537, [%r536];
	shl.b32 	%r539, %r1494, 2;
	add.s32 	%r540, %r25, %r539;
	ld.shared.u32 	%r541, [%r540];
	shl.b32 	%r543, %r1491, 2;
	add.s32 	%r544, %r25, %r543;
	ld.shared.u32 	%r545, [%r544];
	shl.b32 	%r547, %r1492, 2;
	add.s32 	%r548, %r25, %r547;
	ld.shared.u32 	%r549, [%r548];
	xor.b32  	%r1527, %r1519, %r537;
	xor.b32  	%r1528, %r1520, %r541;
	xor.b32  	%r1529, %r1521, %r545;
	xor.b32  	%r1530, %r1522, %r549;
	shl.b32 	%r551, %r1486, 2;
	add.s32 	%r552, %r30, %r551;
	ld.shared.u32 	%r553, [%r552];
	shl.b32 	%r555, %r1483, 2;
	add.s32 	%r556, %r30, %r555;
	ld.shared.u32 	%r557, [%r556];
	shl.b32 	%r559, %r1484, 2;
	add.s32 	%r560, %r30, %r559;
	ld.shared.u32 	%r561, [%r560];
	shl.b32 	%r563, %r1485, 2;
	add.s32 	%r564, %r30, %r563;
	ld.shared.u32 	%r565, [%r564];
	xor.b32  	%r1535, %r1527, %r553;
	xor.b32  	%r1536, %r1528, %r557;
	xor.b32  	%r1537, %r1529, %r561;
	xor.b32  	%r1538, %r1530, %r565;
	ld.shared.v4.u32 	{%r1539, %r1540, %r1541, %r1542}, [shr_6_lroundkeys+128];
	xor.b32  	%r1543, %r1535, %r1539;
	xor.b32  	%r1544, %r1536, %r1540;
	xor.b32  	%r1545, %r1537, %r1541;
	xor.b32  	%r1546, %r1538, %r1542;
	and.b32  	%r1547, %r1543, %r48;
	and.b32  	%r1548, %r1544, %r48;
	and.b32  	%r1549, %r1545, %r48;
	and.b32  	%r1550, %r1546, %r48;
	shr.u32 	%r1551, %r1543, %r45;
	shr.u32 	%r1552, %r1544, %r45;
	shr.u32 	%r1553, %r1545, %r45;
	shr.u32 	%r1554, %r1546, %r45;
	and.b32  	%r1555, %r1551, %r48;
	and.b32  	%r1556, %r1552, %r48;
	and.b32  	%r1557, %r1553, %r48;
	and.b32  	%r1558, %r1554, %r48;
	shr.u32 	%r1559, %r1543, %r49;
	shr.u32 	%r1560, %r1544, %r49;
	shr.u32 	%r1561, %r1545, %r49;
	shr.u32 	%r1562, %r1546, %r49;
	and.b32  	%r1563, %r1559, %r48;
	and.b32  	%r1564, %r1560, %r48;
	and.b32  	%r1565, %r1561, %r48;
	and.b32  	%r1566, %r1562, %r48;
	shr.u32 	%r1567, %r1543, %r43;
	shr.u32 	%r1568, %r1544, %r43;
	shr.u32 	%r1569, %r1545, %r43;
	shr.u32 	%r1570, %r1546, %r43;
	and.b32  	%r1571, %r1567, %r48;
	and.b32  	%r1572, %r1568, %r48;
	and.b32  	%r1573, %r1569, %r48;
	and.b32  	%r1574, %r1570, %r48;
	shl.b32 	%r567, %r1571, 2;
	add.s32 	%r568, %r15, %r567;
	ld.shared.u32 	%r569, [%r568];
	shl.b32 	%r571, %r1572, 2;
	add.s32 	%r572, %r15, %r571;
	ld.shared.u32 	%r573, [%r572];
	shl.b32 	%r575, %r1573, 2;
	add.s32 	%r576, %r15, %r575;
	ld.shared.u32 	%r577, [%r576];
	shl.b32 	%r579, %r1574, 2;
	add.s32 	%r580, %r15, %r579;
	ld.shared.u32 	%r581, [%r580];
	shl.b32 	%r583, %r1564, 2;
	add.s32 	%r584, %r20, %r583;
	ld.shared.u32 	%r585, [%r584];
	shl.b32 	%r587, %r1565, 2;
	add.s32 	%r588, %r20, %r587;
	ld.shared.u32 	%r589, [%r588];
	shl.b32 	%r591, %r1566, 2;
	add.s32 	%r592, %r20, %r591;
	ld.shared.u32 	%r593, [%r592];
	shl.b32 	%r595, %r1563, 2;
	add.s32 	%r596, %r20, %r595;
	ld.shared.u32 	%r597, [%r596];
	xor.b32  	%r1583, %r569, %r585;
	xor.b32  	%r1584, %r573, %r589;
	xor.b32  	%r1585, %r577, %r593;
	xor.b32  	%r1586, %r581, %r597;
	shl.b32 	%r599, %r1557, 2;
	add.s32 	%r600, %r25, %r599;
	ld.shared.u32 	%r601, [%r600];
	shl.b32 	%r603, %r1558, 2;
	add.s32 	%r604, %r25, %r603;
	ld.shared.u32 	%r605, [%r604];
	shl.b32 	%r607, %r1555, 2;
	add.s32 	%r608, %r25, %r607;
	ld.shared.u32 	%r609, [%r608];
	shl.b32 	%r611, %r1556, 2;
	add.s32 	%r612, %r25, %r611;
	ld.shared.u32 	%r613, [%r612];
	xor.b32  	%r1591, %r1583, %r601;
	xor.b32  	%r1592, %r1584, %r605;
	xor.b32  	%r1593, %r1585, %r609;
	xor.b32  	%r1594, %r1586, %r613;
	shl.b32 	%r615, %r1550, 2;
	add.s32 	%r616, %r30, %r615;
	ld.shared.u32 	%r617, [%r616];
	shl.b32 	%r619, %r1547, 2;
	add.s32 	%r620, %r30, %r619;
	ld.shared.u32 	%r621, [%r620];
	shl.b32 	%r623, %r1548, 2;
	add.s32 	%r624, %r30, %r623;
	ld.shared.u32 	%r625, [%r624];
	shl.b32 	%r627, %r1549, 2;
	add.s32 	%r628, %r30, %r627;
	ld.shared.u32 	%r629, [%r628];
	xor.b32  	%r1599, %r1591, %r617;
	xor.b32  	%r1600, %r1592, %r621;
	xor.b32  	%r1601, %r1593, %r625;
	xor.b32  	%r1602, %r1594, %r629;
	ld.shared.v4.u32 	{%r1603, %r1604, %r1605, %r1606}, [shr_6_lroundkeys+144];
	xor.b32  	%r1607, %r1599, %r1603;
	xor.b32  	%r1608, %r1600, %r1604;
	xor.b32  	%r1609, %r1601, %r1605;
	xor.b32  	%r1610, %r1602, %r1606;
	and.b32  	%r1611, %r1607, %r48;
	and.b32  	%r1612, %r1608, %r48;
	and.b32  	%r1613, %r1609, %r48;
	and.b32  	%r1614, %r1610, %r48;
	shr.u32 	%r1615, %r1607, %r45;
	shr.u32 	%r1616, %r1608, %r45;
	shr.u32 	%r1617, %r1609, %r45;
	shr.u32 	%r1618, %r1610, %r45;
	and.b32  	%r1619, %r1615, %r48;
	and.b32  	%r1620, %r1616, %r48;
	and.b32  	%r1621, %r1617, %r48;
	and.b32  	%r1622, %r1618, %r48;
	shr.u32 	%r1623, %r1607, %r49;
	shr.u32 	%r1624, %r1608, %r49;
	shr.u32 	%r1625, %r1609, %r49;
	shr.u32 	%r1626, %r1610, %r49;
	and.b32  	%r1627, %r1623, %r48;
	and.b32  	%r1628, %r1624, %r48;
	and.b32  	%r1629, %r1625, %r48;
	and.b32  	%r1630, %r1626, %r48;
	shr.u32 	%r1631, %r1607, %r43;
	shr.u32 	%r1632, %r1608, %r43;
	shr.u32 	%r1633, %r1609, %r43;
	shr.u32 	%r1634, %r1610, %r43;
	and.b32  	%r1635, %r1631, %r48;
	and.b32  	%r1636, %r1632, %r48;
	and.b32  	%r1637, %r1633, %r48;
	and.b32  	%r1638, %r1634, %r48;
	shl.b32 	%r631, %r1635, 2;
	add.s32 	%r632, %r15, %r631;
	ld.shared.u32 	%r633, [%r632];
	shl.b32 	%r635, %r1636, 2;
	add.s32 	%r636, %r15, %r635;
	ld.shared.u32 	%r637, [%r636];
	shl.b32 	%r639, %r1637, 2;
	add.s32 	%r640, %r15, %r639;
	ld.shared.u32 	%r641, [%r640];
	shl.b32 	%r643, %r1638, 2;
	add.s32 	%r644, %r15, %r643;
	ld.shared.u32 	%r645, [%r644];
	shl.b32 	%r647, %r1628, 2;
	add.s32 	%r648, %r20, %r647;
	ld.shared.u32 	%r649, [%r648];
	shl.b32 	%r651, %r1629, 2;
	add.s32 	%r652, %r20, %r651;
	ld.shared.u32 	%r653, [%r652];
	shl.b32 	%r655, %r1630, 2;
	add.s32 	%r656, %r20, %r655;
	ld.shared.u32 	%r657, [%r656];
	shl.b32 	%r659, %r1627, 2;
	add.s32 	%r660, %r20, %r659;
	ld.shared.u32 	%r661, [%r660];
	xor.b32  	%r1647, %r633, %r649;
	xor.b32  	%r1648, %r637, %r653;
	xor.b32  	%r1649, %r641, %r657;
	xor.b32  	%r1650, %r645, %r661;
	shl.b32 	%r663, %r1621, 2;
	add.s32 	%r664, %r25, %r663;
	ld.shared.u32 	%r665, [%r664];
	shl.b32 	%r667, %r1622, 2;
	add.s32 	%r668, %r25, %r667;
	ld.shared.u32 	%r669, [%r668];
	shl.b32 	%r671, %r1619, 2;
	add.s32 	%r672, %r25, %r671;
	ld.shared.u32 	%r673, [%r672];
	shl.b32 	%r675, %r1620, 2;
	add.s32 	%r676, %r25, %r675;
	ld.shared.u32 	%r677, [%r676];
	xor.b32  	%r1655, %r1647, %r665;
	xor.b32  	%r1656, %r1648, %r669;
	xor.b32  	%r1657, %r1649, %r673;
	xor.b32  	%r1658, %r1650, %r677;
	shl.b32 	%r679, %r1614, 2;
	add.s32 	%r680, %r30, %r679;
	ld.shared.u32 	%r681, [%r680];
	shl.b32 	%r683, %r1611, 2;
	add.s32 	%r684, %r30, %r683;
	ld.shared.u32 	%r685, [%r684];
	shl.b32 	%r687, %r1612, 2;
	add.s32 	%r688, %r30, %r687;
	ld.shared.u32 	%r689, [%r688];
	shl.b32 	%r691, %r1613, 2;
	add.s32 	%r692, %r30, %r691;
	ld.shared.u32 	%r693, [%r692];
	xor.b32  	%r1663, %r1655, %r681;
	xor.b32  	%r1664, %r1656, %r685;
	xor.b32  	%r1665, %r1657, %r689;
	xor.b32  	%r1666, %r1658, %r693;
	ld.shared.v4.u32 	{%r1667, %r1668, %r1669, %r1670}, [shr_6_lroundkeys+160];
	xor.b32  	%r1671, %r1663, %r1667;
	xor.b32  	%r1672, %r1664, %r1668;
	xor.b32  	%r1673, %r1665, %r1669;
	xor.b32  	%r1674, %r1666, %r1670;
	and.b32  	%r1675, %r1671, %r48;
	and.b32  	%r1676, %r1672, %r48;
	and.b32  	%r1677, %r1673, %r48;
	and.b32  	%r1678, %r1674, %r48;
	shr.u32 	%r1679, %r1671, %r45;
	shr.u32 	%r1680, %r1672, %r45;
	shr.u32 	%r1681, %r1673, %r45;
	shr.u32 	%r1682, %r1674, %r45;
	and.b32  	%r1683, %r1679, %r48;
	and.b32  	%r1684, %r1680, %r48;
	and.b32  	%r1685, %r1681, %r48;
	and.b32  	%r1686, %r1682, %r48;
	shr.u32 	%r1687, %r1671, %r49;
	shr.u32 	%r1688, %r1672, %r49;
	shr.u32 	%r1689, %r1673, %r49;
	shr.u32 	%r1690, %r1674, %r49;
	and.b32  	%r1691, %r1687, %r48;
	and.b32  	%r1692, %r1688, %r48;
	and.b32  	%r1693, %r1689, %r48;
	and.b32  	%r1694, %r1690, %r48;
	shr.u32 	%r1695, %r1671, %r43;
	shr.u32 	%r1696, %r1672, %r43;
	shr.u32 	%r1697, %r1673, %r43;
	shr.u32 	%r1698, %r1674, %r43;
	and.b32  	%r1699, %r1695, %r48;
	and.b32  	%r1700, %r1696, %r48;
	and.b32  	%r1701, %r1697, %r48;
	and.b32  	%r1702, %r1698, %r48;
	shl.b32 	%r695, %r1699, 2;
	add.s32 	%r696, %r15, %r695;
	ld.shared.u32 	%r697, [%r696];
	shl.b32 	%r699, %r1700, 2;
	add.s32 	%r700, %r15, %r699;
	ld.shared.u32 	%r701, [%r700];
	shl.b32 	%r703, %r1701, 2;
	add.s32 	%r704, %r15, %r703;
	ld.shared.u32 	%r705, [%r704];
	shl.b32 	%r707, %r1702, 2;
	add.s32 	%r708, %r15, %r707;
	ld.shared.u32 	%r709, [%r708];
	shl.b32 	%r711, %r1692, 2;
	add.s32 	%r712, %r20, %r711;
	ld.shared.u32 	%r713, [%r712];
	shl.b32 	%r715, %r1693, 2;
	add.s32 	%r716, %r20, %r715;
	ld.shared.u32 	%r717, [%r716];
	shl.b32 	%r719, %r1694, 2;
	add.s32 	%r720, %r20, %r719;
	ld.shared.u32 	%r721, [%r720];
	shl.b32 	%r723, %r1691, 2;
	add.s32 	%r724, %r20, %r723;
	ld.shared.u32 	%r725, [%r724];
	xor.b32  	%r1711, %r697, %r713;
	xor.b32  	%r1712, %r701, %r717;
	xor.b32  	%r1713, %r705, %r721;
	xor.b32  	%r1714, %r709, %r725;
	shl.b32 	%r727, %r1685, 2;
	add.s32 	%r728, %r25, %r727;
	ld.shared.u32 	%r729, [%r728];
	shl.b32 	%r731, %r1686, 2;
	add.s32 	%r732, %r25, %r731;
	ld.shared.u32 	%r733, [%r732];
	shl.b32 	%r735, %r1683, 2;
	add.s32 	%r736, %r25, %r735;
	ld.shared.u32 	%r737, [%r736];
	shl.b32 	%r739, %r1684, 2;
	add.s32 	%r740, %r25, %r739;
	ld.shared.u32 	%r741, [%r740];
	xor.b32  	%r1719, %r1711, %r729;
	xor.b32  	%r1720, %r1712, %r733;
	xor.b32  	%r1721, %r1713, %r737;
	xor.b32  	%r1722, %r1714, %r741;
	shl.b32 	%r743, %r1678, 2;
	add.s32 	%r744, %r30, %r743;
	ld.shared.u32 	%r745, [%r744];
	shl.b32 	%r747, %r1675, 2;
	add.s32 	%r748, %r30, %r747;
	ld.shared.u32 	%r749, [%r748];
	shl.b32 	%r751, %r1676, 2;
	add.s32 	%r752, %r30, %r751;
	ld.shared.u32 	%r753, [%r752];
	shl.b32 	%r755, %r1677, 2;
	add.s32 	%r756, %r30, %r755;
	ld.shared.u32 	%r757, [%r756];
	xor.b32  	%r1727, %r1719, %r745;
	xor.b32  	%r1728, %r1720, %r749;
	xor.b32  	%r1729, %r1721, %r753;
	xor.b32  	%r1730, %r1722, %r757;
	ld.shared.v4.u32 	{%r1731, %r1732, %r1733, %r1734}, [shr_6_lroundkeys+176];
	xor.b32  	%r1735, %r1727, %r1731;
	xor.b32  	%r1736, %r1728, %r1732;
	xor.b32  	%r1737, %r1729, %r1733;
	xor.b32  	%r1738, %r1730, %r1734;
	and.b32  	%r1739, %r1735, %r48;
	and.b32  	%r1740, %r1736, %r48;
	and.b32  	%r1741, %r1737, %r48;
	and.b32  	%r1742, %r1738, %r48;
	shr.u32 	%r1743, %r1735, %r45;
	shr.u32 	%r1744, %r1736, %r45;
	shr.u32 	%r1745, %r1737, %r45;
	shr.u32 	%r1746, %r1738, %r45;
	and.b32  	%r1747, %r1743, %r48;
	and.b32  	%r1748, %r1744, %r48;
	and.b32  	%r1749, %r1745, %r48;
	and.b32  	%r1750, %r1746, %r48;
	shr.u32 	%r1751, %r1735, %r49;
	shr.u32 	%r1752, %r1736, %r49;
	shr.u32 	%r1753, %r1737, %r49;
	shr.u32 	%r1754, %r1738, %r49;
	and.b32  	%r1755, %r1751, %r48;
	and.b32  	%r1756, %r1752, %r48;
	and.b32  	%r1757, %r1753, %r48;
	and.b32  	%r1758, %r1754, %r48;
	shr.u32 	%r1759, %r1735, %r43;
	shr.u32 	%r1760, %r1736, %r43;
	shr.u32 	%r1761, %r1737, %r43;
	shr.u32 	%r1762, %r1738, %r43;
	and.b32  	%r1763, %r1759, %r48;
	and.b32  	%r1764, %r1760, %r48;
	and.b32  	%r1765, %r1761, %r48;
	and.b32  	%r1766, %r1762, %r48;
	shl.b32 	%r759, %r1763, 2;
	add.s32 	%r760, %r15, %r759;
	ld.shared.u32 	%r761, [%r760];
	shl.b32 	%r763, %r1764, 2;
	add.s32 	%r764, %r15, %r763;
	ld.shared.u32 	%r765, [%r764];
	shl.b32 	%r767, %r1765, 2;
	add.s32 	%r768, %r15, %r767;
	ld.shared.u32 	%r769, [%r768];
	shl.b32 	%r771, %r1766, 2;
	add.s32 	%r772, %r15, %r771;
	ld.shared.u32 	%r773, [%r772];
	shl.b32 	%r775, %r1756, 2;
	add.s32 	%r776, %r20, %r775;
	ld.shared.u32 	%r777, [%r776];
	shl.b32 	%r779, %r1757, 2;
	add.s32 	%r780, %r20, %r779;
	ld.shared.u32 	%r781, [%r780];
	shl.b32 	%r783, %r1758, 2;
	add.s32 	%r784, %r20, %r783;
	ld.shared.u32 	%r785, [%r784];
	shl.b32 	%r787, %r1755, 2;
	add.s32 	%r788, %r20, %r787;
	ld.shared.u32 	%r789, [%r788];
	xor.b32  	%r1775, %r761, %r777;
	xor.b32  	%r1776, %r765, %r781;
	xor.b32  	%r1777, %r769, %r785;
	xor.b32  	%r1778, %r773, %r789;
	shl.b32 	%r791, %r1749, 2;
	add.s32 	%r792, %r25, %r791;
	ld.shared.u32 	%r793, [%r792];
	shl.b32 	%r795, %r1750, 2;
	add.s32 	%r796, %r25, %r795;
	ld.shared.u32 	%r797, [%r796];
	shl.b32 	%r799, %r1747, 2;
	add.s32 	%r800, %r25, %r799;
	ld.shared.u32 	%r801, [%r800];
	shl.b32 	%r803, %r1748, 2;
	add.s32 	%r804, %r25, %r803;
	ld.shared.u32 	%r805, [%r804];
	xor.b32  	%r1783, %r1775, %r793;
	xor.b32  	%r1784, %r1776, %r797;
	xor.b32  	%r1785, %r1777, %r801;
	xor.b32  	%r1786, %r1778, %r805;
	shl.b32 	%r807, %r1742, 2;
	add.s32 	%r808, %r30, %r807;
	ld.shared.u32 	%r809, [%r808];
	shl.b32 	%r811, %r1739, 2;
	add.s32 	%r812, %r30, %r811;
	ld.shared.u32 	%r813, [%r812];
	shl.b32 	%r815, %r1740, 2;
	add.s32 	%r816, %r30, %r815;
	ld.shared.u32 	%r817, [%r816];
	shl.b32 	%r819, %r1741, 2;
	add.s32 	%r820, %r30, %r819;
	ld.shared.u32 	%r821, [%r820];
	xor.b32  	%r1791, %r1783, %r809;
	xor.b32  	%r1792, %r1784, %r813;
	xor.b32  	%r1793, %r1785, %r817;
	xor.b32  	%r1794, %r1786, %r821;
	ld.shared.v4.u32 	{%r1795, %r1796, %r1797, %r1798}, [shr_6_lroundkeys+192];
	xor.b32  	%r1799, %r1791, %r1795;
	xor.b32  	%r1800, %r1792, %r1796;
	xor.b32  	%r1801, %r1793, %r1797;
	xor.b32  	%r1802, %r1794, %r1798;
	and.b32  	%r1803, %r1799, %r48;
	and.b32  	%r1804, %r1800, %r48;
	and.b32  	%r1805, %r1801, %r48;
	and.b32  	%r1806, %r1802, %r48;
	shr.u32 	%r1807, %r1799, %r45;
	shr.u32 	%r1808, %r1800, %r45;
	shr.u32 	%r1809, %r1801, %r45;
	shr.u32 	%r1810, %r1802, %r45;
	and.b32  	%r1811, %r1807, %r48;
	and.b32  	%r1812, %r1808, %r48;
	and.b32  	%r1813, %r1809, %r48;
	and.b32  	%r1814, %r1810, %r48;
	shr.u32 	%r1815, %r1799, %r49;
	shr.u32 	%r1816, %r1800, %r49;
	shr.u32 	%r1817, %r1801, %r49;
	shr.u32 	%r1818, %r1802, %r49;
	and.b32  	%r1819, %r1815, %r48;
	and.b32  	%r1820, %r1816, %r48;
	and.b32  	%r1821, %r1817, %r48;
	and.b32  	%r1822, %r1818, %r48;
	shr.u32 	%r1823, %r1799, %r43;
	shr.u32 	%r1824, %r1800, %r43;
	shr.u32 	%r1825, %r1801, %r43;
	shr.u32 	%r1826, %r1802, %r43;
	and.b32  	%r1827, %r1823, %r48;
	and.b32  	%r1828, %r1824, %r48;
	and.b32  	%r1829, %r1825, %r48;
	and.b32  	%r1830, %r1826, %r48;
	shl.b32 	%r823, %r1827, 2;
	add.s32 	%r824, %r15, %r823;
	ld.shared.u32 	%r825, [%r824];
	shl.b32 	%r827, %r1828, 2;
	add.s32 	%r828, %r15, %r827;
	ld.shared.u32 	%r829, [%r828];
	shl.b32 	%r831, %r1829, 2;
	add.s32 	%r832, %r15, %r831;
	ld.shared.u32 	%r833, [%r832];
	shl.b32 	%r835, %r1830, 2;
	add.s32 	%r836, %r15, %r835;
	ld.shared.u32 	%r837, [%r836];
	shl.b32 	%r839, %r1820, 2;
	add.s32 	%r840, %r20, %r839;
	ld.shared.u32 	%r841, [%r840];
	shl.b32 	%r843, %r1821, 2;
	add.s32 	%r844, %r20, %r843;
	ld.shared.u32 	%r845, [%r844];
	shl.b32 	%r847, %r1822, 2;
	add.s32 	%r848, %r20, %r847;
	ld.shared.u32 	%r849, [%r848];
	shl.b32 	%r851, %r1819, 2;
	add.s32 	%r852, %r20, %r851;
	ld.shared.u32 	%r853, [%r852];
	xor.b32  	%r1839, %r825, %r841;
	xor.b32  	%r1840, %r829, %r845;
	xor.b32  	%r1841, %r833, %r849;
	xor.b32  	%r1842, %r837, %r853;
	shl.b32 	%r855, %r1813, 2;
	add.s32 	%r856, %r25, %r855;
	ld.shared.u32 	%r857, [%r856];
	shl.b32 	%r859, %r1814, 2;
	add.s32 	%r860, %r25, %r859;
	ld.shared.u32 	%r861, [%r860];
	shl.b32 	%r863, %r1811, 2;
	add.s32 	%r864, %r25, %r863;
	ld.shared.u32 	%r865, [%r864];
	shl.b32 	%r867, %r1812, 2;
	add.s32 	%r868, %r25, %r867;
	ld.shared.u32 	%r869, [%r868];
	xor.b32  	%r1847, %r1839, %r857;
	xor.b32  	%r1848, %r1840, %r861;
	xor.b32  	%r1849, %r1841, %r865;
	xor.b32  	%r1850, %r1842, %r869;
	shl.b32 	%r871, %r1806, 2;
	add.s32 	%r872, %r30, %r871;
	ld.shared.u32 	%r873, [%r872];
	shl.b32 	%r875, %r1803, 2;
	add.s32 	%r876, %r30, %r875;
	ld.shared.u32 	%r877, [%r876];
	shl.b32 	%r879, %r1804, 2;
	add.s32 	%r880, %r30, %r879;
	ld.shared.u32 	%r881, [%r880];
	shl.b32 	%r883, %r1805, 2;
	add.s32 	%r884, %r30, %r883;
	ld.shared.u32 	%r885, [%r884];
	xor.b32  	%r1855, %r1847, %r873;
	xor.b32  	%r1856, %r1848, %r877;
	xor.b32  	%r1857, %r1849, %r881;
	xor.b32  	%r1858, %r1850, %r885;
	ld.shared.v4.u32 	{%r1859, %r1860, %r1861, %r1862}, [shr_6_lroundkeys+208];
	xor.b32  	%r1863, %r1855, %r1859;
	xor.b32  	%r1864, %r1856, %r1860;
	xor.b32  	%r1865, %r1857, %r1861;
	xor.b32  	%r1866, %r1858, %r1862;
	and.b32  	%r1867, %r1863, %r48;
	and.b32  	%r1868, %r1864, %r48;
	and.b32  	%r1869, %r1865, %r48;
	and.b32  	%r1870, %r1866, %r48;
	shr.u32 	%r1871, %r1863, %r45;
	shr.u32 	%r1872, %r1864, %r45;
	shr.u32 	%r1873, %r1865, %r45;
	shr.u32 	%r1874, %r1866, %r45;
	and.b32  	%r1875, %r1871, %r48;
	and.b32  	%r1876, %r1872, %r48;
	and.b32  	%r1877, %r1873, %r48;
	and.b32  	%r1878, %r1874, %r48;
	shr.u32 	%r1879, %r1863, %r49;
	shr.u32 	%r1880, %r1864, %r49;
	shr.u32 	%r1881, %r1865, %r49;
	shr.u32 	%r1882, %r1866, %r49;
	and.b32  	%r1883, %r1879, %r48;
	and.b32  	%r1884, %r1880, %r48;
	and.b32  	%r1885, %r1881, %r48;
	and.b32  	%r1886, %r1882, %r48;
	shr.u32 	%r1887, %r1863, %r43;
	shr.u32 	%r1888, %r1864, %r43;
	shr.u32 	%r1889, %r1865, %r43;
	shr.u32 	%r1890, %r1866, %r43;
	and.b32  	%r1891, %r1887, %r48;
	and.b32  	%r1892, %r1888, %r48;
	and.b32  	%r1893, %r1889, %r48;
	and.b32  	%r1894, %r1890, %r48;
	shl.b32 	%r887, %r1891, 2;
	add.s32 	%r889, %r35, %r887;
	ld.shared.u32 	%r890, [%r889];
	shl.b32 	%r892, %r1892, 2;
	add.s32 	%r893, %r35, %r892;
	ld.shared.u32 	%r894, [%r893];
	shl.b32 	%r896, %r1893, 2;
	add.s32 	%r897, %r35, %r896;
	ld.shared.u32 	%r898, [%r897];
	shl.b32 	%r900, %r1894, 2;
	add.s32 	%r901, %r35, %r900;
	ld.shared.u32 	%r902, [%r901];
	and.b32  	%r1899, %r890, %r44;
	and.b32  	%r1900, %r894, %r44;
	and.b32  	%r1901, %r898, %r44;
	and.b32  	%r1902, %r902, %r44;
	shl.b32 	%r904, %r1884, 2;
	add.s32 	%r905, %r35, %r904;
	ld.shared.u32 	%r906, [%r905];
	shl.b32 	%r908, %r1885, 2;
	add.s32 	%r909, %r35, %r908;
	ld.shared.u32 	%r910, [%r909];
	shl.b32 	%r912, %r1886, 2;
	add.s32 	%r913, %r35, %r912;
	ld.shared.u32 	%r914, [%r913];
	shl.b32 	%r916, %r1883, 2;
	add.s32 	%r917, %r35, %r916;
	ld.shared.u32 	%r918, [%r917];
	and.b32  	%r1907, %r906, %r46;
	and.b32  	%r1908, %r910, %r46;
	and.b32  	%r1909, %r914, %r46;
	and.b32  	%r1910, %r918, %r46;
	or.b32  	%r1911, %r1899, %r1907;
	or.b32  	%r1912, %r1900, %r1908;
	or.b32  	%r1913, %r1901, %r1909;
	or.b32  	%r1914, %r1902, %r1910;
	shl.b32 	%r920, %r1877, 2;
	add.s32 	%r921, %r35, %r920;
	ld.shared.u32 	%r922, [%r921];
	shl.b32 	%r924, %r1878, 2;
	add.s32 	%r925, %r35, %r924;
	ld.shared.u32 	%r926, [%r925];
	shl.b32 	%r928, %r1875, 2;
	add.s32 	%r929, %r35, %r928;
	ld.shared.u32 	%r930, [%r929];
	shl.b32 	%r932, %r1876, 2;
	add.s32 	%r933, %r35, %r932;
	ld.shared.u32 	%r934, [%r933];
	and.b32  	%r1919, %r922, %r47;
	and.b32  	%r1920, %r926, %r47;
	and.b32  	%r1921, %r930, %r47;
	and.b32  	%r1922, %r934, %r47;
	or.b32  	%r1923, %r1911, %r1919;
	or.b32  	%r1924, %r1912, %r1920;
	or.b32  	%r1925, %r1913, %r1921;
	or.b32  	%r1926, %r1914, %r1922;
	shl.b32 	%r936, %r1870, 2;
	add.s32 	%r937, %r35, %r936;
	ld.shared.u32 	%r938, [%r937];
	shl.b32 	%r940, %r1867, 2;
	add.s32 	%r941, %r35, %r940;
	ld.shared.u32 	%r942, [%r941];
	shl.b32 	%r944, %r1868, 2;
	add.s32 	%r945, %r35, %r944;
	ld.shared.u32 	%r946, [%r945];
	shl.b32 	%r948, %r1869, 2;
	add.s32 	%r949, %r35, %r948;
	ld.shared.u32 	%r950, [%r949];
	and.b32  	%r1931, %r938, %r48;
	and.b32  	%r1932, %r942, %r48;
	and.b32  	%r1933, %r946, %r48;
	and.b32  	%r1934, %r950, %r48;
	or.b32  	%r1935, %r1923, %r1931;
	or.b32  	%r1936, %r1924, %r1932;
	or.b32  	%r1937, %r1925, %r1933;
	or.b32  	%r1938, %r1926, %r1934;
	ld.shared.v4.u32 	{%r1939, %r1940, %r1941, %r1942}, [shr_6_lroundkeys+224];
	xor.b32  	%r1943, %r1935, %r1939;
	xor.b32  	%r1944, %r1936, %r1940;
	xor.b32  	%r1945, %r1937, %r1941;
	xor.b32  	%r1946, %r1938, %r1942;
	shl.b32 	%r1947, %r1943, %r43;
	shl.b32 	%r1948, %r1944, %r43;
	shl.b32 	%r1949, %r1945, %r43;
	shl.b32 	%r1950, %r1946, %r43;
	and.b32  	%r1951, %r1947, %r44;
	and.b32  	%r1952, %r1948, %r44;
	and.b32  	%r1953, %r1949, %r44;
	and.b32  	%r1954, %r1950, %r44;
	shl.b32 	%r1955, %r1943, %r45;
	shl.b32 	%r1956, %r1944, %r45;
	shl.b32 	%r1957, %r1945, %r45;
	shl.b32 	%r1958, %r1946, %r45;
	and.b32  	%r1959, %r1955, %r46;
	and.b32  	%r1960, %r1956, %r46;
	and.b32  	%r1961, %r1957, %r46;
	and.b32  	%r1962, %r1958, %r46;
	or.b32  	%r1963, %r1951, %r1959;
	or.b32  	%r1964, %r1952, %r1960;
	or.b32  	%r1965, %r1953, %r1961;
	or.b32  	%r1966, %r1954, %r1962;
	shr.u32 	%r1967, %r1943, %r45;
	shr.u32 	%r1968, %r1944, %r45;
	shr.u32 	%r1969, %r1945, %r45;
	shr.u32 	%r1970, %r1946, %r45;
	and.b32  	%r1971, %r1967, %r47;
	and.b32  	%r1972, %r1968, %r47;
	and.b32  	%r1973, %r1969, %r47;
	and.b32  	%r1974, %r1970, %r47;
	or.b32  	%r1975, %r1963, %r1971;
	or.b32  	%r1976, %r1964, %r1972;
	or.b32  	%r1977, %r1965, %r1973;
	or.b32  	%r1978, %r1966, %r1974;
	shr.u32 	%r1979, %r1943, %r43;
	shr.u32 	%r1980, %r1944, %r43;
	shr.u32 	%r1981, %r1945, %r43;
	shr.u32 	%r1982, %r1946, %r43;
	and.b32  	%r1983, %r1979, %r48;
	and.b32  	%r1984, %r1980, %r48;
	and.b32  	%r1985, %r1981, %r48;
	and.b32  	%r1986, %r1982, %r48;
	or.b32  	%r1987, %r1975, %r1983;
	or.b32  	%r1988, %r1976, %r1984;
	or.b32  	%r1989, %r1977, %r1985;
	or.b32  	%r1990, %r1978, %r1986;
	st.global.v4.u32 	[%r42], {%r1987, %r1988, %r1989, %r1990};
	ret;
}