155146
150968
151920
151245
151105
151962
151399
151629
157331
151826
151444
150962
150984
151707
151686
151244
151795
153018
152980
151356
151476
151763
151331
151381
151514
150967
153531
152054
151677
151541
151416
152108
158400
151422
151830
151098
152140
151316
151448
151459
151345
151710
152417
151407
151170
153566
153605
151925
151430
152151
151586
150859
150935
151451
153439
152770
152501
152345
151501
151881
153495
151994
151666
151407
152081
151932
154126
151387
152274
158177
151972
151811
151704
151021
151739
155632
152350
151643
151464
151882
151839
151521
151068
151624
151402
151507
151760
151690
151828
151374
151183
152909
151594
151136
151515
151946
151777
151491
151414
151585
151692
151543
151429
152061
151761
151311
152186
151200
152832
151819
151758
153085
151457
151330
151569
151666
151319
151413
151308
151536
152321
151924
151835
150835
151212
151480
152172
151564
151319
161872
151996
151450
151649
151021
152337
151618
151170
151447
151512
151562
152770
152089
151507
151158
151835
151770
151265
151624
151652
151803
151756
151240
152236
152134
151369
151474
152032
151845
151246
152445
151942
151924
151357
151480
151662
151544
151706
151854
151860
152974
153279
152655
152604
151343
151730
151852
151536
151841
151975
151560
151725
151536
150841
151757
152219
152097
150960
151574
151506
151710
151534
151714
151434
151512
151136
151501
151333
151437
151609
151942
151618
151203
151835
151743
151348
153249
151888
151728
151435
151277
151758
150983
150886
151076
151528
151718
151521
151263
150928
151643
151012
151522
151545
151968
151263
151862
151733
150975
151582
151706
151334
152135
151046
151987
151638
151425
151686
150828
151713
151951
151658
151311
151109
151361
151370
151396
151224
151582
151548
151492
