161522
157037
158195
157050
157296
156453
157794
157064
156956
156780
156986
156912
156775
157751
157169
156790
157221
157425
157278
157002
157588
156795
157107
157407
156821
156972
156833
157015
157224
157601
157454
156652
157245
157246
156632
157344
156837
157379
157903
157515
156664
156502
157029
157423
157256
156687
157368
156974
157209
157010
158039
156828
157411
156832
157309
157267
158048
156853
157510
156893
156854
156757
157220
157453
156793
157052
156937
157320
157033
156413
157029
157575
157154
157614
157585
157666
157187
156950
156834
156873
156662
156996
156982
157407
157166
157034
157328
157103
157791
157484
157443
157313
157253
156836
157296
156853
156622
156960
156591
156917
157337
157640
157059
156840
157053
156963
157038
156700
157218
157266
157443
157709
156631
157172
157719
157456
157002
157522
157078
157075
157124
156998
156987
157249
157421
157323
157191
156950
156351
156948
157507
157627
157079
157409
157338
157053
157231
157379
156474
157008
156952
157177
156782
157257
157309
157237
157030
157443
157441
157305
157637
156920
157373
157338
157439
157479
156833
156817
156477
157127
157396
157367
156983
157095
156812
156764
156721
156836
156545
157383
156940
157272
157105
157039
156526
157225
157628
157677
157394
157369
157538
157507
157400
157289
157559
157271
156658
157457
157101
157481
157692
157497
156800
156997
157204
157132
157393
157630
157072
157664
157590
157023
156696
156841
157400
157365
156866
157027
156952
157110
157065
156813
157146
157164
156914
157117
156717
157296
157144
157671
157582
156710
156790
157279
157342
157310
156798
157229
157047
157262
157472
157000
157040
157089
156977
156632
157143
157766
157146
157061
157237
156968
156627
156906
157508
157456
157043
156651
158814
157037
