140035
135694
135892
136267
136471
135802
135392
135847
135969
136093
135884
136001
135743
135105
135867
135481
135542
135469
135963
135819
135765
135919
135861
135473
135800
135658
136036
135390
135957
134999
135463
135212
135808
135737
135855
135768
135956
135879
136297
135489
135745
136045
135405
135865
135678
135415
135405
135502
135423
135837
135753
135676
135568
135822
136096
135300
136013
135524
135480
135486
135459
135958
135659
135804
135185
135917
135764
135666
135730
135378
135193
135740
135435
135896
135779
135573
135814
135591
135545
135655
135722
135608
136178
135690
135644
135885
135578
135639
136219
136791
136785
136235
135485
135976
135438
135312
136024
135550
135540
135670
136142
135961
135457
135556
135455
135451
135361
135775
135445
135171
135464
135412
135268
135110
135628
135713
135678
135712
136072
135566
135759
136000
134998
135848
136020
136119
135684
136379
135762
135995
135483
135723
135614
135391
135468
135452
135309
135053
135959
135431
135235
134975
135706
135594
135246
135695
136205
137041
136016
136495
135677
136201
135861
135721
135046
135239
135435
135685
136438
135906
135464
135886
135608
135905
135907
135967
136351
135404
135876
136438
135825
135376
135951
136274
135511
136110
135607
135216
135040
135574
135892
135721
135340
136428
136099
135449
135695
135531
136224
136354
135299
135516
135840
135322
135695
135940
136122
136276
135567
136021
136522
136792
136044
135642
136262
135986
135477
135712
136128
135906
135449
135700
135860
135457
135650
135650
135613
135433
136178
136088
136084
135456
136397
135015
135407
135819
135421
136091
135716
135661
136152
136025
135703
135660
135647
136104
135672
135217
135785
135946
135514
136125
135601
135676
135060
135334
135620
135477
135590
135396
