154176
150726
151607
154844
150816
150723
150624
151761
151200
151045
150880
151795
149976
150738
150407
151122
150892
150290
151228
150876
151195
150758
150387
150674
150837
152402
154526
151055
150643
150594
151436
151322
150720
151407
151680
151290
151072
150445
151243
151103
150202
149947
150609
150187
150963
150763
150803
150368
151195
149854
150696
150526
150537
150663
150302
150621
150888
151021
150698
150941
150605
150735
150573
150776
150975
150385
150554
150283
150577
150311
150643
150825
150363
150349
150792
150886
151164
151108
150645
151598
150496
150337
150397
151066
150992
151015
151295
150739
150806
151679
151576
151173
150977
150958
150549
150656
151198
150489
150654
151153
151647
150074
150839
150472
150809
151286
150970
150057
150240
150574
150748
150210
150960
150940
151036
152018
151564
150186
150521
151157
150224
150848
149821
150126
151096
150454
150625
150723
150783
150564
151562
150914
150544
150768
151243
150669
151069
150171
150305
150877
150891
150198
150712
150180
150818
150557
151144
151425
150698
150899
151192
150457
150453
150983
150985
150600
150721
151083
150385
151425
150810
150751
150933
150663
150737
150601
150858
151487
150949
150508
150867
149846
150603
150806
150455
150373
150743
151459
150514
151368
151141
150934
151623
151592
150797
150182
150042
150264
150854
150556
150779
150661
150382
151372
150770
151191
150363
150743
150402
150619
151233
151200
151027
151328
150807
150544
151101
150567
151206
150638
150680
150982
150613
150596
150234
150394
150775
151541
151270
150880
150944
151171
150160
150641
150546
150804
150174
150299
150132
149830
150977
151384
150780
150760
150808
150766
151081
151011
151716
150754
150776
150892
150977
150832
150452
150814
150799
151033
151610
151005
