139870
135641
136596
136714
135667
135979
136194
137049
136200
135558
135965
135842
136043
135562
136174
135803
135894
135872
136542
135982
136237
135972
136846
136065
136263
135975
135787
135749
136316
135961
136019
135450
136137
135390
136125
135394
135496
135919
135750
136039
136133
136075
136123
135494
136319
135531
135108
135638
136083
136081
136212
135865
136441
136180
136147
136031
135948
135795
136197
135900
135805
135578
136442
136291
135988
136534
136680
135810
136023
135560
135807
135922
135767
135677
135804
136378
136066
137113
136478
135919
135960
135799
136134
135800
135674
135677
136053
136211
136170
136197
136172
135671
136312
135624
136086
136264
136166
136332
136004
135916
136743
135953
136120
138006
136457
136014
135774
135324
136686
136407
136187
135757
136177
135575
135610
136011
135969
136035
135693
136153
135861
135598
135609
135869
135845
135944
136041
135785
136035
135649
135710
136053
135852
136230
135730
135938
135936
136165
136205
135815
136259
136139
135220
136244
135597
136028
135861
135616
136247
136230
136177
135864
135418
135935
136250
136125
135468
135143
135943
135246
135623
136099
135933
135444
136008
135675
136278
136294
136136
135764
135749
136430
135843
135818
135619
135598
136043
136696
136227
135407
135838
135804
135800
136030
135812
136062
135993
135603
135984
135320
137175
135352
135618
135226
136073
136130
135898
136410
136742
135829
136645
135858
135852
135952
136133
136248
136404
136259
135819
135491
135379
136318
135638
136148
136076
136491
135906
135823
136036
135979
135536
135854
135682
136325
136272
136637
136133
135269
135917
135798
135916
135310
135911
135467
135670
136079
135701
135718
136128
136170
136140
135930
135951
135827
136154
135754
136008
136333
136725
135988
