37473
33918
33790
33791
33952
33950
33808
33029
33668
33172
33850
33707
33787
33400
33661
33864
33549
33333
33124
33514
33505
33683
35295
33364
33553
33421
33497
33526
33640
33786
33822
33618
33569
33804
33659
33696
33924
33358
33285
33287
33822
33633
33400
33755
33866
34007
33773
33484
33387
33732
33936
35601
33922
33904
34028
33486
33263
34045
33939
33648
33735
33605
33386
33388
33588
33192
33592
33653
33728
33591
33312
33492
33443
33464
33498
33711
33260
33287
33636
33674
36737
33593
33889
33962
33627
33108
33471
33573
33929
33584
33458
34007
33879
33993
33532
33329
33459
33247
33658
33792
33741
33583
33498
33650
33402
33670
33632
33565
33313
35243
33680
33827
33613
33446
33225
33584
33505
33393
33952
33650
33902
33891
34042
33669
33272
33325
33273
33990
33738
34472
33574
34007
34125
34043
33646
33608
33415
33999
33552
34082
33806
33857
33424
33588
33648
33604
33649
34013
33527
34045
34009
33464
33627
33362
33534
33353
33570
33663
33822
34087
33901
33678
33894
33694
33531
33224
33810
33974
33441
33660
33553
33580
33661
33246
33103
33673
33398
33895
33918
33824
33759
33461
33503
33442
33472
33111
33140
33487
33622
33876
33815
33981
33768
33340
33611
33389
33103
33623
33647
33298
33907
33755
34001
33888
33455
33368
33261
33404
33722
33251
33753
33481
33340
33715
33418
33054
33331
33495
33683
33484
34048
33598
33689
33362
33675
33283
35135
33431
34135
33591
33676
33674
33403
33471
33578
33149
33315
33625
33984
33736
33894
33979
33569
33655
33371
33385
33581
33645
34036
33341
