149092
145031
146637
146151
144620
144322
144749
144526
144532
144740
144772
144585
144990
144121
144994
145411
144619
145192
145858
144760
145046
145400
144552
145035
144344
144388
144139
144433
144615
143869
144988
144841
144897
144941
145262
144911
144641
144697
144894
144653
145410
144476
145158
144586
144487
144591
144612
144627
144055
144939
144988
145269
144605
144580
144642
145068
144996
144880
144907
145093
144874
145029
145343
145271
144317
144853
145091
145180
144552
144302
145105
145336
144782
145305
144828
144570
145047
144688
145047
145213
144461
144989
144324
145048
144859
144238
145047
144929
145308
145006
144861
144987
144120
144627
146833
144406
144861
144817
145119
144823
145178
144662
144933
144929
145000
145138
145192
145042
144628
144333
144614
144226
144700
144630
144457
144210
144999
143987
144695
145029
144464
145253
144639
144923
145068
143946
144167
144984
145090
145355
145363
144351
144576
144933
144280
144031
144881
145096
144804
144789
145011
144926
144604
145000
144839
144632
144458
144513
144412
144956
144884
144881
144988
144458
144142
144848
144830
145516
144731
144369
144623
144834
144589
144441
144465
145321
144688
144643
144227
144296
144655
145631
144578
144655
144575
145171
144296
144514
144458
145202
144810
144633
144812
144640
144287
144195
144561
145004
144405
144876
145040
144854
144876
144764
145083
144763
144907
144362
144809
144377
145284
144549
144575
145487
144694
146463
144729
144327
144839
143954
144593
145236
144441
144187
145013
144491
144886
144431
145297
144690
144409
144948
144599
144417
144910
145606
144157
144666
144690
145074
144790
145326
144621
144929
145068
144558
144934
144879
144515
144344
144673
144765
145100
144611
144114
144811
144874
144908
144866
144682
