154979
150863
151686
152023
151553
150761
150913
150648
151190
151402
150955
150463
150200
150800
150958
151079
150628
151044
150656
150832
150864
150530
150894
151067
151022
150661
150374
150792
150410
150867
151056
151153
151082
150887
150616
150746
150602
150987
150835
151318
151028
150929
150703
150574
151021
150903
150766
151080
150368
151082
151282
150994
150653
150830
151136
150776
151163
150779
150857
150840
150757
150889
150870
151291
150819
150933
150999
151287
150731
150680
150741
150204
150978
151196
150483
150988
151077
150741
150407
150861
150851
150639
150691
150790
151379
150959
150669
150910
150729
150601
150637
151390
150683
151129
150431
151183
150436
151040
150438
150752
151023
151254
151269
150518
150762
150899
150607
150521
150926
150810
150733
150977
150827
150948
150708
150759
150472
150838
150793
151302
150815
151216
150452
150834
151279
150473
150913
150947
150614
150880
150594
150715
150650
150914
151126
150346
150750
151146
151002
150480
150643
150697
150333
150375
150648
150700
150726
151589
151073
150592
151328
150981
150930
150468
150772
150705
150566
150434
150915
151144
150398
150387
150707
151137
151123
151145
150920
151002
151080
150954
150717
151158
150734
151140
151427
150831
151065
150716
150972
151205
150518
150948
151116
150791
150914
150666
150986
151178
150670
150779
151141
151014
150632
150571
150617
151215
150234
151129
150834
150927
151452
150545
150853
150439
150445
150752
150884
151005
151767
151799
150731
151076
150742
151028
150636
151239
150686
151197
151155
150596
150590
150643
151204
150405
150646
150637
151156
150795
151085
150913
150803
150649
150944
150881
151088
150972
150663
150702
151196
151273
151230
150997
150624
150847
150462
150966
150799
150785
150663
150719
