155652
150925
151711
152188
151324
151370
151178
151335
150766
151761
151210
151342
151221
151807
151153
151187
151367
151460
151551
151353
151401
151397
151429
151604
151290
151036
151317
151223
151262
151509
151171
151920
151649
151561
151595
151776
151725
151744
151139
151423
151720
151086
151445
151372
151576
151303
151250
151363
151220
151404
152190
151360
151607
151624
151527
151626
151456
151410
151101
151840
151582
151694
151420
151820
151443
151190
151136
152078
151490
151502
151612
152103
151329
150875
151093
151771
151424
151444
151378
151267
151967
151571
151504
151185
150901
151256
151811
150617
151002
151704
151640
150915
151502
151894
151635
151594
151899
151192
151738
151336
151735
152031
150939
152090
151680
151462
151728
151620
151240
151499
151343
151427
151608
153631
151890
151608
151631
151198
151733
151341
151534
151322
151395
151485
151912
151926
150979
152075
151144
151636
151201
151578
151636
151188
152142
151461
151498
151643
152342
151610
151559
151852
151176
151798
151795
152056
151387
151953
151375
152002
151502
151633
151662
151768
150939
151324
150997
151656
151419
154235
152126
151844
151200
151274
151377
151647
151903
151198
150979
151838
151914
151774
152607
151548
151017
152542
151528
151524
151887
152304
152064
151124
151495
151668
152358
152386
151406
151285
151387
151419
152327
155742
151935
151384
152385
151715
152040
151952
151270
151340
152302
151351
151087
151806
153090
152665
152229
151572
151494
151620
151768
151482
151310
151599
151564
151203
151700
151620
151332
151152
151292
151729
151091
151293
151620
151750
151791
151422
151446
151108
152146
151865
151324
151813
151168
151367
151606
151774
151134
151438
151507
151244
151515
151163
151291
151303
151964
151399
151370
151016
