158629
155152
156711
155356
155438
154998
155168
155414
156136
155771
154658
154318
155672
155215
154996
155162
155485
155270
155317
154626
155727
156166
156034
155026
155578
155624
155279
155168
154993
155028
154596
155222
155133
155140
155812
155071
155186
155480
155048
155628
155219
155394
154945
154801
155125
154935
155158
155720
155556
155204
155314
155176
155719
154731
155399
154770
155107
154854
155479
155195
154872
154989
155156
155286
154777
155265
155214
154961
154824
155459
155175
154958
155641
154790
155179
155372
155401
155697
154867
155295
154654
155051
154862
154911
154914
154886
155087
155379
154761
155187
154852
155616
155097
155211
155023
155652
155066
155191
158131
155230
155052
154452
155033
154857
154791
155450
155405
155061
155334
155143
155124
155103
155529
155561
155106
154621
155833
154835
155253
155724
154906
155737
155421
155184
155501
155159
155444
155134
154960
155491
155066
155473
155026
155277
155571
154986
155003
154627
155199
155679
155338
155858
155580
155663
155358
155011
155306
155116
154648
155190
155456
155001
155120
154922
155206
154183
154835
155378
154948
154430
155124
155170
155211
155285
155583
155314
156336
155195
155105
155983
156361
155080
155183
155255
155663
155373
155734
155314
155177
155192
155320
155340
155346
154618
155122
155923
154837
155244
155632
154909
155358
155662
155726
155745
154657
155237
155241
155279
155269
155314
156321
156034
155770
155304
155365
155197
155369
155298
155445
155523
155423
157313
156557
155455
154969
155037
155594
154972
155596
156158
155198
155974
155286
155170
155281
155706
156348
155856
155311
155202
154791
154739
155029
155021
156410
155435
155285
155555
156088
156747
154990
155023
154902
155338
154555
155288
155263
155787
155851
155645
