152024
148291
148799
148584
149575
148247
148719
148102
148708
148348
148060
148367
148232
148913
148173
148704
148592
148636
148875
148530
148311
147722
148530
148338
148422
148315
148698
150137
148655
148416
148473
148608
148701
148611
149658
148542
148119
148525
148918
148564
148527
148768
148507
146954
148550
148843
148268
147780
148723
148130
148598
147964
147750
148401
148480
148213
148699
148171
147912
148433
148528
148110
148366
148181
148110
148123
148084
148515
148590
148348
148722
148910
148837
148016
148553
148234
148326
148695
148645
148762
148420
148514
148354
148140
148206
148048
147997
147802
148391
147925
148118
148325
148655
148520
149012
148376
148404
148380
148401
148308
149264
148341
147954
148141
148074
148806
149010
148316
148333
148212
148041
147973
147810
148591
148045
147997
148513
148743
148025
148434
148146
151001
148109
148368
148901
148178
148828
148438
148533
147687
148727
148431
148761
148561
148103
147955
148140
149050
148631
149080
148629
148575
148575
148013
148448
148186
148219
148604
148363
148472
149136
148403
148625
148737
148311
148012
149028
147599
148667
147816
148581
148973
148135
148416
148129
148402
148376
148469
147550
148185
148425
148359
148668
148448
148251
148943
148620
148418
148530
149166
148818
148451
147816
148312
148485
148393
149054
148245
148268
148272
148430
148316
148730
148572
147983
148460
149225
148264
148151
149278
148512
148652
148192
148599
148220
148174
148944
147821
148192
149079
148806
148450
148917
148577
149157
148315
148442
149097
148190
148587
148158
148921
148154
148453
148485
148015
148582
148089
148488
149052
148654
147694
148364
148684
148733
148352
148813
148717
148630
148227
148606
148791
148706
148413
148414
148095
149297
148210
148313
148936
