147530
144345
145819
144460
144102
144302
143945
144504
144466
144764
144101
144376
143824
144362
144514
144579
144064
144215
143975
144364
144255
144551
145050
144249
144467
144634
144846
144315
144272
144254
144344
144543
144217
144454
144330
144284
143951
144501
144056
144087
144192
144310
144387
144130
144146
143997
143560
143741
144215
144402
144602
144199
143643
144528
144641
144780
144553
144909
144001
144028
144121
144185
144011
144179
144307
144505
144650
143948
144203
144832
144397
144481
144473
144426
144405
144382
143862
144506
143997
144323
144163
143926
143992
144694
144465
144343
144465
144073
144071
144340
144416
144458
144308
144499
144262
144514
144655
145011
144262
144704
144124
144433
144415
144375
144438
144432
144481
144894
143936
144284
143907
143976
143547
144382
144230
143635
143644
143960
144155
144046
144181
144143
144485
144427
144333
144310
144591
144566
143983
144993
144800
144209
144304
144055
144017
144660
144364
144639
144994
144287
143832
144575
145090
143611
144353
144056
144630
144389
144607
144928
144547
144063
143427
144033
144804
144274
144074
144969
144951
144625
144366
144340
143676
143918
144360
144177
144461
144893
144208
144110
144209
143946
144726
144250
144566
144457
144887
144330
144084
144409
144347
144507
143886
144208
144024
144674
144065
144359
144159
145192
144293
144192
143778
144202
144601
144175
144571
144509
144490
144501
144647
144809
144774
144359
144554
144057
143895
144662
144532
144419
144632
144685
144454
144593
144136
144467
144136
144754
144832
143735
144281
145055
144375
144780
144161
144210
144670
143949
145175
144486
144239
144329
144687
144494
144473
144236
144618
143906
144433
143896
144380
144718
144596
144492
144126
144150
144158
144207
144135
144354
