144720
141337
144391
141982
140879
141389
141127
140786
140681
141697
140901
141013
140664
141273
141741
141179
140959
142991
141144
140966
140782
140974
141221
141374
143907
141569
141278
141200
140843
141813
141601
141400
141298
141345
140999
140775
140697
140915
140888
140697
141223
141144
141113
141068
140930
141134
141108
140815
141919
141108
141357
141620
141005
141002
140827
141007
140969
140675
140769
140750
141305
140964
140634
141753
141065
141012
140918
140971
141338
141515
141018
140996
140817
141231
141541
141802
141407
141215
141242
141101
141040
141537
141027
140740
140935
141579
141072
141959
141103
140987
141471
140836
141260
140848
140937
141315
140797
141154
140781
140627
141617
140912
140658
141364
141081
141220
141064
141156
141188
141425
141477
141263
140990
141126
140982
140572
141388
141287
140791
141170
140746
141235
141151
141202
141082
141063
141231
140750
140906
140855
141707
141223
141906
141249
140929
141326
141254
140819
141108
140739
140696
141020
140918
141302
141385
140978
141104
141217
141408
141324
142148
141401
140868
141174
140835
141083
141238
141309
141393
141124
141413
141259
141227
140971
141335
142054
141247
140586
140560
140793
140840
141171
140965
142061
141121
140634
141177
141243
141112
141030
140838
141044
141674
141304
140933
141594
141346
141319
140823
140982
141276
141241
141357
141566
141044
142414
143365
141083
141552
141150
141296
140464
141202
141030
141451
141161
142450
141219
141302
141316
141343
141230
140671
141089
141328
141876
141263
141055
140831
141246
140958
141357
141158
141037
141239
141666
141205
141429
140947
140823
141002
141291
141101
140997
140995
141336
140654
140846
141116
141014
140772
140909
141150
141138
141694
141425
140865
141173
141134
140737
