38004
33755
33648
33612
33924
33424
33872
34220
34192
34146
33573
33753
34115
33655
34070
33979
34089
33740
34330
33385
33518
34043
33855
34467
33920
33665
34018
34096
33833
33734
33431
33743
33800
33871
33491
33875
34019
33726
33721
33672
33348
34419
34295
34016
34240
34006
34704
34001
33814
33742
34132
34053
33753
33918
33932
33913
33656
33434
34029
34151
34077
34000
33961
34415
34078
33798
33838
33821
34091
34092
34107
34168
34123
33932
33755
33761
33799
34015
33758
34208
33817
34436
33856
33724
33795
33758
33739
33989
33761
34099
34352
34021
33946
34014
33939
33947
33749
34163
34269
34228
34216
33768
33882
34285
33900
34003
33805
34146
33947
34011
33789
33762
34011
34076
33579
34125
33721
33678
33752
33805
33861
33442
33469
33861
33891
33530
33864
33774
33719
33951
33614
33469
33570
33527
34132
33804
33936
34032
34096
34083
33767
33979
33782
33989
34000
34190
33977
34023
34118
34059
33750
33648
34033
33648
34094
34126
33896
33780
33703
33948
33849
34059
34165
34380
34006
33966
34216
33897
33557
33889
33765
33825
33740
33940
34271
33675
33601
33449
33596
34292
33977
34199
34116
34137
34071
33762
33822
33760
34285
34125
34099
34147
34138
34530
33916
33910
33850
35723
33716
34250
34537
34175
33681
33683
33997
33712
34044
33752
33887
33904
33749
33711
33509
33581
33976
33658
33666
34113
34191
34187
34656
33844
33536
33996
34207
36261
34185
34187
34145
33771
33714
33771
34175
33962
34088
34252
34158
34039
33638
33721
33579
33797
34250
33649
34176
34084
34261
33901
33893
34006
