42843
37964
38082
38305
38567
38392
38840
38470
38692
38740
38886
38412
38396
38721
38607
38693
38073
38749
38322
38359
38445
38714
37941
38244
38463
38639
38796
38154
38015
37955
37874
38276
38355
38723
38472
38488
38317
38598
38614
38025
38351
38225
37810
38383
38926
38366
38247
38644
38467
38762
38256
38279
39092
38434
38430
38430
38717
39006
38447
39025
38629
38621
38243
38428
38602
38421
38436
38343
38920
38364
38463
38274
38846
38661
38426
38532
38914
38045
38290
38278
38925
38525
38373
38597
38973
38586
38590
38187
38304
38205
38660
38070
38272
38328
38308
38808
38896
38084
38529
38193
38362
38225
38665
38602
38619
38450
38828
38406
38639
38510
38369
38718
38366
38429
38428
38278
38445
38451
38773
38254
38241
38112
38765
38622
38845
38448
38229
38416
38353
37942
38300
38442
38190
38144
37959
38733
38625
38533
38081
38358
38680
38672
38113
38564
38741
38237
38676
38494
38708
38199
38813
38535
38217
38140
38572
38915
38688
38050
38025
38420
38334
38617
38533
38396
38467
38329
38851
38395
38290
38370
38907
38840
38305
38735
38447
38822
38497
38291
38656
38112
38513
38419
38542
38539
38451
38560
38741
38649
38268
38469
38861
38328
38207
38524
38705
38060
38267
38663
38760
38236
38985
38445
38548
38291
38615
38400
38823
37947
38543
38647
38709
38384
38445
38481
38189
38258
38573
38031
38105
38222
38711
38665
38499
38184
38107
38714
38515
38361
38629
38664
38329
37722
38410
38181
38519
38500
38602
38941
38523
38908
38499
38687
38327
38349
38753
38402
38449
37894
38485
38408
