161170
157559
159127
158376
158336
158050
158212
157501
158467
158122
158048
158266
158073
158217
158067
158233
157729
157984
158279
157981
157594
158398
158337
158636
158436
158305
158101
157849
158342
158293
158242
158338
157570
158431
158114
158261
157966
158209
157864
158090
158369
158549
158141
157988
157997
157373
157693
158315
160242
158337
157619
157318
158017
158515
158614
158430
158229
157501
157774
158210
158545
158328
158046
158273
158165
158199
160352
157825
158214
157300
157704
158308
159121
158338
158287
158142
158206
158443
158558
158203
158238
157915
158130
158865
158179
158508
159565
158257
158063
157873
158549
158042
158213
158744
158483
171147
158346
158641
158684
158682
159002
157753
158024
158562
158478
158383
158965
158691
157819
158600
160035
158431
158250
159042
158739
158883
158638
158785
158597
158376
158038
158965
158108
158657
158310
158305
158035
158211
158588
162271
158060
158191
158490
158619
158668
159395
159114
158704
157895
157922
158327
158099
158413
215136
158604
158208
157705
159589
158636
158706
158404
157877
158348
158264
171801
159215
158422
158473
158273
158369
158057
158156
157962
157512
157711
158277
157897
158023
158246
158506
158014
158284
158403
158236
158228
158031
158171
158591
158341
158016
158143
158385
158137
158382
158512
157921
157955
158126
158020
158361
158184
158013
158276
157936
158034
158326
158313
158913
158085
158269
158054
157658
158067
158412
160815
157948
157742
157875
158212
159325
157837
158682
157547
158221
158474
158151
157952
158209
157468
158469
157696
158290
158436
158102
158399
158291
158541
158465
158360
158212
157528
158052
158205
158124
158113
157844
158187
157433
157768
158193
158371
158217
157901
158576
158601
157808
158420
158203
158020
157973
