37094
33489
33399
33748
33445
33538
33970
33665
34488
34452
33292
33435
33623
33653
33101
33362
33537
33657
33690
33718
33369
33393
33141
33566
33606
33569
33592
33590
33473
33729
33311
33168
33274
33627
33944
33790
34221
33771
33780
33355
33126
33503
33201
33408
33772
33159
33393
33397
33701
33583
33308
32997
33154
33475
33651
33375
33692
33543
33876
33594
33164
33421
33464
33803
34119
33561
33184
33291
33603
33349
35917
33487
33589
33940
33461
33435
33410
33133
33688
33349
33445
33073
33108
33745
33536
33603
33365
33281
33741
33586
33136
33273
33318
33451
33974
33787
33267
33727
33565
33777
33190
33177
32995
33206
33678
33481
33625
33448
33600
33396
33537
33436
33342
33515
33419
33595
33477
33564
33731
33482
33308
33505
33269
33619
33371
33760
33337
33494
33682
33655
33623
33679
33075
32952
33509
33036
33342
33384
33360
33463
33414
33487
33899
33290
33526
33472
33207
33633
32921
33490
33532
33580
33370
33779
33422
33802
33287
32927
33589
33226
33421
33374
33593
33994
33278
33521
33584
33266
33637
33386
33834
33571
33694
33537
33403
33226
33023
33462
32951
33867
32945
33322
33379
33420
33366
33681
33193
32952
33206
33487
33862
33847
33308
33395
33531
33403
33305
33221
33325
33268
33957
33322
33539
33591
33437
33586
33686
33306
33157
33426
33355
33263
33569
33198
33643
33462
33476
33519
33097
33493
33392
33844
33496
33806
33255
33302
33438
33320
33789
33429
33457
33064
33169
33705
33482
33606
33832
33686
33287
33482
33098
33253
33228
33647
33702
33678
33459
33455
33376
33747
