156578
151910
153008
152130
152559
153797
153227
152420
152598
152998
152461
152461
152708
152499
152326
152665
152559
152595
152806
153062
152743
153347
152854
152944
152946
153356
152821
152650
152777
153009
153435
153145
152347
152797
153235
152946
152499
153064
153152
152750
152624
153106
153479
152879
152606
152889
152775
153001
152812
152259
152840
152950
152571
153171
153417
152939
152722
152782
152864
152641
152818
153153
152617
152537
152350
152589
155418
152800
152854
152737
152784
152513
152633
152694
152486
152763
151973
152803
152695
154516
153046
152459
153519
152996
152585
152596
153144
152545
152960
152922
152722
153014
154247
152558
153056
152622
153535
152417
153558
152416
153282
152679
152603
152770
152817
155229
152445
153111
152779
152756
152824
152362
152280
152755
152654
152728
152423
153123
152690
152929
152660
152844
152991
152825
152880
152898
152546
153012
152615
152765
152976
152524
152556
152810
152708
152515
153180
152804
152677
152567
152758
152737
152994
152772
153115
152885
153493
153250
153093
152750
153390
152689
152728
152912
152762
153258
153409
153823
153088
152859
152644
152725
153053
152693
152557
152537
153001
152204
152554
153423
153061
152851
152689
152712
152543
152381
152893
153061
153556
152804
152492
153525
152946
152988
153438
152783
153000
152525
152699
152918
153022
153022
153024
152687
152782
152722
152637
152577
152385
152523
153286
152832
153251
153213
152971
152455
152861
153035
153372
153042
152887
152322
152587
152718
152697
152761
153186
152843
152874
152966
152820
153520
152747
153036
152682
153039
152936
153150
153031
152967
152690
152917
153237
152724
152865
153151
152946
153211
152833
152894
153197
152839
152264
153114
152662
153061
153352
152841
152498
153260
