37862
33835
34333
33625
33534
34141
33786
33451
34304
33437
33664
33939
33899
33670
33862
34104
33945
33843
34103
33616
33744
33964
33372
33733
34239
34145
33935
33259
33420
33522
33795
33581
33821
34194
34092
34563
34632
33251
33699
33663
34163
34145
33968
34183
34066
33854
33475
33880
33789
33528
34007
33736
33685
34041
33840
33771
33710
33475
34287
33516
33913
34081
34092
34210
33732
34024
33483
34245
33704
33574
33725
33867
33730
33903
33540
33554
33802
33802
33783
33820
33839
33922
33857
33875
33777
33606
33825
33777
33922
34049
34141
34029
33461
34802
34021
34310
33834
33520
34195
34153
34557
33559
33540
33677
34355
33916
34132
33827
33770
34152
33667
33844
33653
34047
34124
33932
33840
33634
33726
33741
33687
33444
33738
35408
33728
33695
33914
33881
33901
33240
33474
33505
34076
33480
33991
33867
33940
34098
33788
33677
33778
33302
33848
33866
33708
33842
33891
34208
33991
34046
34244
33993
33828
33912
33900
33695
33890
33313
33211
33457
33656
34120
33591
33743
33879
33835
33972
33857
33999
33451
33537
34132
33940
33798
34171
34667
33701
33391
33548
33805
33842
34441
34101
34381
33653
33981
33861
33908
33616
33931
34061
34090
33974
34009
33610
33683
33856
33752
34133
33812
33898
33795
33946
34479
33743
33846
33660
34372
33577
35640
33821
33668
33643
33818
33661
33644
34303
33893
34211
34010
34214
34143
33537
33940
33682
34217
33787
34073
33924
33913
34084
33704
33668
33928
34072
33721
33905
34119
33947
33764
33784
33547
33656
33652
33805
33536
34049
33996
34139
33753
