36621
32900
33226
33396
33264
33264
33420
33609
33220
32953
34229
33678
33418
33031
33144
33296
33460
33924
33566
33292
33459
33362
33255
33501
33213
33356
33152
33409
33819
33444
33457
33341
33707
33725
33658
33305
32876
33394
33787
33811
35757
33725
33840
33352
33237
33260
33273
33368
33837
33468
33521
33520
33435
33621
33077
33257
32982
33438
33590
33209
33188
33266
33665
33743
34293
33300
33374
33237
33414
33265
33904
33577
33745
33582
33938
32982
33074
33039
33325
33728
33293
33631
33563
33450
33512
33348
33271
33241
33352
33151
33698
33755
33533
33600
33436
33469
33313
33427
33420
33137
34026
33284
33338
33445
33356
33699
33796
33094
33421
33321
33096
33583
33641
33650
33643
33508
33463
33725
33067
33049
33144
33516
33748
33603
33072
33837
33585
33320
33476
33370
33133
33280
33384
33887
33477
33265
33700
33482
33626
33435
33208
33710
33191
33249
33673
33697
33658
33749
33815
33632
33450
33372
33250
33867
33755
33576
33634
33639
34963
33613
33433
33051
33225
33314
33824
33632
33348
33726
33535
33602
33335
33160
33306
33283
33469
33077
33533
33794
33554
33376
33963
33427
33106
33086
33193
33401
33351
33650
33602
33475
33541
33572
33343
33463
33114
33592
33514
33541
33499
33748
33781
33530
33301
33514
33345
33465
33482
33467
33338
33844
33229
33734
33463
33267
33127
33558
33357
33497
33726
33576
33745
33506
33657
33491
33600
33125
33108
33802
33300
33482
33447
33367
33353
33708
33453
33175
33415
33240
33716
33879
33589
33484
33559
33458
33759
34836
33266
33429
34024
33637
