37261
33691
33621
33898
34052
34142
34184
33996
34232
36584
33561
33622
33991
36014
33948
33825
34216
34026
33559
33621
33580
34282
33936
34072
34018
33838
33911
33367
33629
33507
33941
34225
33980
34023
33956
34069
33687
33442
33844
33762
33359
33844
33795
33758
33731
34028
33852
33820
33632
34261
34182
33886
34115
34214
33891
33630
33491
33502
33888
33662
33923
33982
34702
33861
33857
33716
33557
33912
34087
34239
34101
34102
33847
33431
33459
33740
34193
33658
33792
33989
33573
33788
33511
33733
33609
33946
33866
33713
33895
34072
34631
33961
33715
33483
34185
33351
35029
33527
33915
33787
33713
33561
33589
34075
33782
33805
33800
33551
33890
33976
33587
33573
33568
33905
33551
33520
34086
33791
33685
34405
33680
33572
33528
34392
33803
34225
33937
34094
33794
33785
33624
33668
33773
33609
34042
33959
34175
34280
33818
33607
33626
34003
33928
33883
33912
34116
33953
33794
33855
33599
34394
33636
33981
33899
33884
33830
33412
33509
33822
34149
33698
34081
33566
33736
33865
33874
33573
33563
33598
33976
33952
34157
33862
34220
33788
33547
33858
33549
34371
33885
33578
33655
33857
33919
33624
33304
33357
33725
34173
33700
33852
33877
33894
34144
33906
33935
33648
33751
33849
33678
34091
33740
33743
33856
33587
33874
34240
33797
33560
34100
33860
34079
34093
33819
33401
33653
33606
34179
33741
33857
34056
33618
33566
33688
33710
33861
34218
33898
34016
33902
33555
33772
33406
33555
33710
34009
34178
34187
34097
33938
33661
33504
33808
33995
34213
33770
34170
33903
34001
34076
