46281
41991
41760
42554
42743
42237
42153
41855
41945
42255
42328
41743
41590
42290
42288
42181
42228
42191
41773
42034
41922
42823
42245
41798
42148
45013
42302
42484
42151
42375
42835
42705
42438
42209
41986
42598
42196
41959
42593
42434
41899
41717
42054
41855
42243
41720
42497
42293
41997
42245
43025
42143
41968
42416
41780
42496
42299
42129
42367
42272
42303
42214
42191
42771
42408
42158
42481
42836
42514
42350
42303
42403
42403
41852
42449
42024
42858
42802
42360
42282
42522
41904
42808
42201
41756
42362
42231
42473
42178
42106
42886
42069
41763
42120
42609
42405
42374
42945
42693
41974
42599
42548
42392
42255
42117
42350
42526
42164
42468
42532
42248
41867
41767
42725
42061
42392
42185
42257
42780
42496
41814
42313
42074
41848
42191
42055
42380
42480
42009
41991
42304
42368
42692
42572
42123
42586
42338
41873
42423
42147
42710
42010
41968
42630
41885
42265
42638
41982
42312
42313
42516
42781
42499
42541
42059
43033
42042
42079
42486
42206
42171
42123
41896
42708
42625
41796
42290
42331
41746
42378
42697
42339
42352
42223
42196
42418
42220
42438
42196
42578
42442
41955
42180
43143
41989
42169
42522
42773
42631
42076
42393
42427
42626
42316
42056
42377
42107
41817
42193
42280
42897
42247
42093
42618
42767
42106
42246
42244
41971
42521
42641
42144
42014
42213
42001
42133
42647
42223
42435
42588
42345
42358
42240
41843
42542
42242
42327
42162
42096
42610
42402
42179
41924
42110
42182
42046
42323
42203
42497
42074
41753
42454
42127
42163
42172
42135
42287
41974
42579
42747
