149541
146186
145691
146325
145418
146373
145613
145710
145767
146410
145615
146386
146204
145198
145848
145079
146331
145273
145863
145645
145698
145638
145330
146462
149050
146221
145744
145563
145623
145620
145755
145546
145504
145505
145888
145927
146123
145863
145952
146309
145193
146419
145597
145536
145862
145578
145489
145711
145650
146032
145972
145400
145539
145777
145474
146662
145943
145781
145850
146054
145469
145905
146635
146001
146136
148292
145435
145591
145595
145598
145894
145961
146161
145958
145349
146236
146245
145787
146036
145851
146218
145866
146022
145382
145563
146576
146150
145694
145672
145227
145946
145967
146276
145573
146029
145655
145722
145416
146078
145897
147961
146193
146189
146267
145747
145709
145651
145961
145916
146142
145988
145814
145608
145740
145371
145634
146029
146446
145613
145819
146555
145839
145278
146039
145767
146059
145635
145575
145227
146142
145879
145973
145750
145546
145932
145788
145634
145801
146182
145798
145712
146219
145387
145766
146077
145288
145963
145615
145344
145813
146159
145244
146588
145697
145499
145763
146243
144984
145733
146158
146359
146019
145513
145303
145766
145551
145914
146074
145344
145443
145183
145959
145554
146180
146030
145680
145440
146060
146129
146386
146215
145790
146154
145539
145694
145630
146034
146005
146060
145592
145274
145308
145409
145482
146030
146004
145755
145331
146194
146380
146269
146208
145782
145762
145919
145988
145974
145382
145781
146009
146175
145811
145629
146017
145592
145521
146709
147391
145317
145956
145596
146285
145469
145723
146530
146086
145310
146256
146763
145995
145837
145609
146387
146854
146393
146191
146373
145699
145459
146046
146237
145787
145762
145889
145999
146173
145889
145710
145811
146204
