56251
57814
60409
62090
56846
60028
61846
58308
62167
59711
61297
62705
62745
70345
98679
71100
58463
79917
86485
97798
82395
80131
88293
70566
71173
58293
77873
63671
93203
90580
84985
69633
77099
71608
66331
77101
58063
83323
72879
72528
75691
83145
89802
71977
62368
58244
59766
58832
58278
57510
63740
58717
75650
86736
57533
65977
57410
58518
57254
83470
59263
62812
71023
61138
83639
89783
57564
79590
75182
70787
94323
83035
79961
59816
67365
85370
72228
76554
91999
97328
84251
66513
87305
98040
73798
68071
65911
69442
57189
57899
68608
60654
60350
58526
62919
69802
94183
97808
98213
94540
81622
65617
71035
58250
82203
56680
58967
84728
72988
89121
64883
86257
84582
76711
64346
57573
76304
57350
56593
57477
57941
66831
75148
93699
69695
59092
57811
79614
69874
64404
58136
76875
65783
76129
66294
71941
66668
76884
57115
61773
82389
96626
63954
56824
97042
57761
98105
73086
58314
59193
70034
64918
79293
59320
73109
86595
74883
90008
65080
84835
64891
58835
70455
69943
67392
66028
58661
62191
78240
67021
57533
71289
73381
63961
58530
76080
57450
69731
58859
71131
96143
63638
63374
57148
57895
63639
72981
82821
76600
59705
59010
72735
57885
76202
89133
71273
57463
64011
88700
83604
80550
58622
61385
66358
74624
65422
90659
84645
86010
65164
73891
79669
75545
87553
66912
65425
75411
57313
68946
57708
61249
62106
65745
93187
59767
74773
80969
85997
81862
60497
65505
75232
65738
97386
92897
92222
67480
59469
60032
72560
95733
68903
97225
65862
60956
57789
67662
77163
63775
58841
