2810
2931
2790
2792
2788
2793
2858
2790
2787
2787
2787
2816
2789
2786
2787
2787
2787
2801
2787
2786
2787
2786
2836
2788
2790
2791
2788
2804
2791
2788
2788
2790
2788
2818
2806
2790
2788
2788
2800
2791
2787
2787
2793
2948
2814
2801
3674
2810
3303
3284
2827
2792
2923
2805
2845
2791
2788
2788
2810
2792
2788
2788
2790
2852
2789
2791
2788
2788
2802
2789
2808
2788
2789
2863
2789
2789
2788
2788
2788
2789
2787
2788
2788
2791
2947
2790
2792
2788
2789
2799
2905
2790
2791
2788
2808
2792
2788
2788
2788
2789
2787
2791
2787
2791
2788
2858
2789
2792
2788
2788
2873
2792
2788
2791
2788
2839
2791
2788
2788
2791
2788
2798
2789
2878
2788
2791
2870
2790
2791
2788
2788
2917
2791
2788
2790
2788
2788
2868
2788
2788
2791
2788
2794
2791
2788
2788
2790
2814
2790
2790
2786
2788
2827
2786
2789
2786
2785
2789
2858
2785
2789
2796
2785
2798
2786
2785
2885
2786
2905
2786
2786
2785
2793
2898
2789
2790
2784
2786
2789
2875
2785
2791
2786
2785
2850
2788
2786
2790
2786
2850
2791
2786
2785
2790
2822
2786
2789
2786
3002
2850
2795
2788
2791
2788
2788
2869
2788
2786
2790
2786
2942
2790
2785
2785
2788
2805
2788
2790
2788
2788
2886
2789
2788
2788
2788
2789
2823
2813
2788
2789
2788
2865
2790
2786
2786
2789
2929
2796
2789
2788
2793
2905
2789
2793
2788
2791
2787
2788
2788
2788
