5171
2094
2110
2211
2211
2314
2100
2084
2342
2252
2230
2609
2327
2348
2316
2294
2244
2142
2332
2306
2280
2237
2699
2240
2292
2431
2400
2343
2310
2426
2233
2338
2790
2110
2314
2387
2291
2293
2426
2377
2225
2509
2294
2617
2194
2176
2247
2280
2386
2380
2746
2298
2300
2924
2429
2384
2315
2297
2250
2131
2220
2335
2424
2387
2436
2238
2312
2421
2389
2148
2040
1959
2056
2298
2308
2649
2072
2382
2211
2243
2239
2374
2401
2390
2343
2326
2635
2102
2250
2348
2223
2304
2327
2424
2309
2314
2329
2623
2320
2333
2818
2239
2135
2281
2353
2421
2345
2733
2276
2380
2339
2267
2078
2092
2415
2316
2440
2351
2851
2333
2295
2264
2327
2300
2366
2392
2327
2304
3061
2104
2262
2369
2281
2351
2333
2306
2338
2314
2430
2555
2192
2362
2325
2319
2365
2322
2332
2331
2330
2377
2341
2235
2457
2360
2320
2279
2338
2432
2348
2314
2805
2221
2435
2350
2316
2206
2111
2418
2338
2327
2243
3132
2299
2272
2377
2398
2337
2402
2320
2317
2204
2650
2097
2143
2322
2353
2434
2308
2333
2358
2336
2335
2708
2115
2259
2430
2322
2336
2344
2344
2837
2295
2685
2057
2218
2446
2331
2329
2367
2263
2226
2440
2345
2826
2259
2352
2325
2312
2252
2105
2269
2344
2322
2333
2747
2125
2102
2159
2085
2127
2200
2442
2351
2325
2343
2652
2137
2298
2335
2361
2299
2367
2336
2359
2413
2963
2254
2330
2323
2407
