57456
53208
52785
52848
52780
52932
52825
52216
56232
52281
52688
52791
52538
52422
52948
52869
52646
52585
52653
53114
52732
53087
52728
52768
52874
52671
52564
52474
52734
52823
52405
52714
52889
52869
52618
52814
52740
52555
52642
52799
52207
53642
52595
52486
52500
52664
53059
52394
55283
52778
52875
52919
52523
52665
52738
52362
52660
52866
52610
52625
52290
52143
52758
52456
52845
52114
52692
53175
52842
52882
52809
52756
52148
52927
52996
52805
52577
52652
53044
52138
52685
53078
52794
52969
52613
52868
52996
52535
52960
52260
52856
52837
52713
52122
52787
53097
52615
52850
53058
53213
53077
53352
53128
52579
54254
52466
53312
52762
52606
52753
52720
52638
52420
52560
52452
52959
53120
52681
52777
52578
52545
52448
52680
52686
52632
53053
53001
52834
52235
52836
52800
52486
53294
52573
52833
52931
52758
52963
52275
53144
53130
53086
52851
52490
52999
52698
52713
52845
52892
52200
53003
52988
52563
53012
52991
53285
52852
52986
52601
52466
52817
52680
52981
52213
52837
52755
52205
52527
53231
52680
52232
52330
52984
52530
53090
53038
52847
52716
52902
52696
52499
52762
52928
52519
52746
52791
53209
52652
52733
52788
52467
52599
52932
52980
52643
52946
53022
52559
52797
52694
53392
52501
52642
52982
52347
52752
52528
52859
52324
52984
52204
52906
52711
52953
52844
52134
52578
52359
52312
52532
52467
52459
52436
53230
53230
52552
52970
53040
52419
52732
52954
52994
52578
53065
52658
52324
53047
52909
53075
52477
52606
52478
52517
52544
52790
52605
52344
52858
52581
52695
