1963
560
522
537
531
547
545
546
670
539
532
548
540
563
558
532
542
531
560
532
550
770
723
727
721
605
809
827
724
1374
767
963
829
726
723
720
830
730
648
709
821
715
824
464
487
636
648
447
465
493
1524
757
770
763
763
741
769
742
764
1423
735
765
737
764
704
710
847
716
769
809
680
837
719
749
744
803
714
803
739
799
712
799
719
819
714
798
721
794
706
976
757
847
741
723
723
725
719
725
720
724
1475
633
802
752
826
755
827
749
807
749
764
754
809
714
800
771
698
1038
685
784
711
785
792
710
730
881
715
728
732
728
805
750
711
732
727
785
734
690
734
717
804
734
716
713
735
786
1328
729
787
730
1531
785
794
797
788
791
788
814
818
810
794
633
772
789
787
786
795
776
781
752
794
791
725
702
722
1362
723
824
709
825
788
827
776
811
722
881
721
804
714
800
784
795
776
787
722
805
724
805
720
810
1463
786
783
1248
839
811
792
799
816
822
790
831
712
856
783
891
730
794
866
722
939
726
827
727
827
722
816
722
791
719
781
663
1430
731
727
723
730
727
716
721
803
733
715
727
691
730
767
779
729
790
