5315
2712
2585
2650
2866
2595
2590
2599
2664
2706
2741
2790
3072
3065
3370
3123
3059
3044
3060
3134
3068
3039
3063
3632
3112
3059
3112
3209
3019
2967
3159
3134
3569
3142
3036
3028
3048
3024
3028
3169
3641
3153
3042
2982
3085
3008
3091
2972
3017
3479
3522
3131
3122
3169
3057
2995
3151
3276
2973
3025
3171
3319
3110
3062
3112
3356
3077
3034
2968
2982
3236
3165
2992
3026
3304
3008
3085
2969
3131
3122
3157
2990
3570
3205
3164
3424
3109
2974
3014
2992
3477
3292
3053
3023
3032
3002
3052
3008
3136
3551
3622
3156
3176
3019
3212
3177
3224
3440
2995
3023
3132
3218
3171
3035
2973
3674
3021
3010
3021
2984
3232
3107
3208
3479
3007
3169
3149
3052
3152
3049
3241
3120
4452
3108
3179
3068
3015
3038
2977
3020
3698
3230
3042
2980
3055
2995
3036
2964
2950
3327
3579
3313
3045
3065
3005
3039
3077
3259
3027
3005
3154
3013
3056
3046
3051
3409
3084
3207
3161
3045
3203
3052
3004
3235
3331
2992
3014
3038
3002
2995
3279
3085
3298
3015
2525
2482
2492
2511
2482
2486
2491
2578
2576
2570
2870
2608
2603
2589
2592
15280
3484
3199
3111
3137
3133
3107
3187
3091
3517
2947
3021
3197
3172
3149
3213
3090
2988
3463
3208
3027
3328
3181
2957
3012
2992
3410
3253
3031
2975
3059
3162
3274
3179
3064
3555
3083
3020
2997
3169
2966
3234
3103
3480
3001
3198
2979
3040
2968
3013
3067
