185011
184659
205069
185795
187938
185238
186046
186879
185410
184780
184277
185492
185682
184173
184666
185598
184515
185323
184177
186253
187377
186672
184443
187285
185951
185884
185488
187977
187320
185801
187855
186309
185843
186082
185114
185413
185189
185677
187208
185584
185432
185672
185288
185920
187208
185843
184968
186001
187607
186194
184694
185751
184296
186724
184806
184143
184753
185523
184331
184029
185108
185413
184623
189008
187243
185893
186817
187337
186432
186394
186540
185669
187012
186754
185768
184514
184640
184343
184594
185079
184321
186738
184517
185584
185541
185267
187166
185469
187078
186028
186775
185430
185737
184841
185640
187900
184711
184942
186079
186026
186143
186877
184956
186066
187136
186051
187214
184928
184938
186138
184545
186259
185537
187567
185693
185505
185445
184998
185837
185105
185573
185972
187343
186999
185151
185066
186020
185804
188468
187648
185141
185413
186681
185554
186805
185762
188525
186387
187668
187714
184976
187687
186254
187213
185036
185468
186189
185839
184565
186736
184868
185560
187914
185691
186228
185011
187197
184895
185081
187687
185815
186008
185155
186160
185853
186698
186149
184939
185264
187218
187496
186310
184370
184595
187510
186724
186992
184834
185080
186941
190471
187016
186622
186519
186307
187241
185591
185214
185146
185427
185331
186416
185261
187795
186400
185054
187315
184957
187253
187131
185683
184893
184810
187059
185560
186801
185788
186174
186988
185159
185009
186534
185416
184443
185962
188226
188116
185527
184840
186554
185001
186968
186407
185579
185101
186965
185467
186438
187593
185055
186929
186153
187194
186014
184252
184645
186844
186062
185381
187007
187546
185668
186021
185309
186431
184658
185016
187466
186167
187537
