382037
366532
369455
366318
367455
367051
366112
368215
366461
367907
370650
369462
367850
369437
367445
368753
367333
367144
369665
367523
367922
368620
366319
367736
381678
373919
366841
366872
369684
367406
366970
369143
366492
366309
369019
367007
366728
367314
367284
367011
366440
366254
370153
368173
369260
367328
367710
367082
366659
367717
368706
367021
367879
367168
367734
369914
366855
368677
371754
366282
366942
368079
369169
368962
367797
369138
370007
366953
366850
366825
366050
367537
367395
369529
369430
368972
370523
369077
368756
368291
368909
366750
369152
367377
366663
369278
367463
366199
366676
367375
366552
366620
366490
369531
370573
367314
368582
367025
367588
365841
368265
369164
367423
367032
369950
368792
369802
366319
366812
369475
368502
367888
368364
367181
367810
366742
366642
366455
368584
367868
368323
367470
366773
368942
366148
369480
367081
367035
369240
367922
367778
367607
367604
369724
369085
369815
367900
367204
368907
367370
369667
367879
369145
367302
367171
368370
369587
366970
366896
367506
369136
367878
369300
369099
367782
366574
366364
366306
366340
367205
368975
367545
366819
370206
365992
367475
365475
366299
365973
366127
366184
368460
370932
367407
368171
368149
366782
368051
367106
366895
366460
368565
367885
366613
368084
368248
369305
367167
367053
368068
366646
366649
367291
367996
366065
366098
367455
367190
366216
366991
368395
366415
369333
368016
366829
368416
367134
367870
368112
365838
373910
375100
369788
368119
370890
368837
375110
369500
368803
367256
370088
374851
372373
375122
368801
366331
367034
373973
375773
366254
367659
368191
376394
368031
378587
372234
367433
372018
371767
367560
367922
366664
367422
368278
366822
366455
366886
366329
367074
368458
