38
38
38
38
38
39
38
39
39
39
38
38
38
38
38
38
38
38
21
21
21
21
21
21
21
21
21
21
21
21
21
21
21
21
22
21
21
21
21
21
21
21
21
21
21
21
21
21
21
21
29
39
39
39
38
38
38
39
39
38
38
38
39
39
39
38
39
39
38
39
39
38
39
38
39
39
38
38
38
38
39
39
38
39
39
38
39
39
38
39
38
38
39
38
39
39
38
39
39
39
22
21
21
21
21
21
21
21
21
21
21
21
21
21
21
21
21
21
21
21
21
21
21
21
21
21
21
21
21
21
21
21
21
21
21
21
21
21
21
21
21
21
21
21
21
21
21
21
21
21
39
38
35
38
38
428
30
31
29
30
21
21
21
21
21
21
21
21
21
21
21
21
21
21
21
21
21
21
168
21
21
21
21
21
21
21
33
21
21
21
21
21
21
21
21
21
21
21
21
21
28
33
27
33
31
33
33
33
29
28
28
31
30
29
33
28
26
28
30
21
21
21
21
21
21
21
21
21
21
21
21
21
21
21
21
21
21
21
21
21
29
21
21
21
21
21
21
21
21
21
