11405
11294
12794
11291
11373
11654
11301
12644
11281
11265
13012
11294
12645
11288
11438
12644
11278
11271
11289
11261
11672
11272
11368
11484
11307
12743
11308
11271
12739
11294
12804
11362
11272
12589
11289
12917
11318
11266
11967
11522
11787
11351
11319
11712
11322
11287
12608
11323
11920
11401
12594
11471
11301
12754
11321
11290
12705
11303
12786
11393
11272
12850
11321
12777
11438
11283
11819
11310
11490
11689
11311
11757
11311
11431
12736
11307
12754
11365
11271
13287
16703
13105
15390
13386
13904
12119
11297
11270
12563
11279
11636
11308
11273
11780
11281
11267
11306
11359
12727
11282
11592
12825
11317
11756
11291
11331
11341
11279
11383
12668
11323
11540
11319
11286
11805
11309
11869
11314
11262
13277
11331
12815
11432
11272
11861
11325
11528
11741
11758
12740
11318
11479
11768
11327
11850
11347
11260
11774
11308
11520
11547
11331
11845
11391
11266
11875
11326
11752
11425
11308
12186
11298
11256
11696
11334
11753
11301
11377
11853
11298
11470
11628
11460
12861
11356
11331
11554
11312
12773
11358
11277
12859
11319
11444
11278
11326
12943
11499
11380
11496
11314
11835
11400
11265
11838
11331
11694
11357
11330
11761
11303
11469
11810
11303
12003
11335
11268
11750
11304
11431
11660
11364
11618
11326
11266
11858
11319
11668
11369
11400
12731
11554
11684
11267
11313
13279
11467
11269
11319
11311
12936
11319
11266
11847
11366
11416
11281
11422
12723
11312
11404
12563
11306
11722
11316
11288
11753
11308
11699
11281
11271
11841
11364
11569
11712
11326
12821
11338
11281
11721
