731985
729684
728185
734449
728378
727625
728766
729465
730321
736418
729850
728904
728595
730713
734415
734225
726744
731060
730811
728000
727146
730668
729325
728916
729241
733471
728052
732236
728888
728765
730804
732368
728556
735877
728048
730735
728894
733297
731064
727455
728426
730077
728223
729653
729103
732508
735162
728111
728234
729916
727976
731710
736517
733586
728632
731226
729482
730442
734518
735107
727975
733196
726530
727774
730814
732899
728658
727466
729025
729110
728013
738271
728922
730594
730453
732193
727235
729136
732019
727434
729474
734857
731665
728653
733412
728766
729624
729212
729886
732593
730936
735427
731137
734962
728981
729707
735046
730832
728343
730012
734882
735610
737514
734161
731967
728242
726755
729619
730499
727943
727789
730175
728964
729206
727889
729038
729047
729189
728063
733260
733175
726695
728490
728840
731497
730910
733903
728279
732901
729443
728866
727874
729027
727916
728550
733809
732799
728893
735056
728695
729415
728271
731463
729187
729194
729672
729226
729044
728198
728109
731441
734474
728753
729972
729342
728437
736526
727993
731502
728096
729734
729090
731318
732082
728478
731621
730395
728691
729026
729064
729047
727939
730716
730360
728725
727602
731107
728096
730018
730733
729262
731255
727781
729613
728781
729938
728754
727204
730992
730046
727633
730835
728868
729311
731472
733537
731960
730534
728131
729931
734423
729462
727733
728552
728660
729777
730689
729059
728721
730793
729993
728421
731573
727443
729745
728234
729946
730426
734869
730480
729253
736609
730130
730765
732276
727496
731443
731126
729558
728649
730911
728371
735474
730391
729707
729489
727348
736001
728412
733899
730252
728931
731990
727765
728291
729190
735497
728830
728870
734205
