2487
693
803
792
820
791
865
767
810
732
944
771
840
709
788
772
688
796
731
805
803
870
731
836
744
803
1461
772
770
719
801
754
745
738
754
741
767
721
751
719
691
739
752
724
755
713
761
750
744
717
1570
777
804
1353
749
791
786
782
783
773
719
785
740
785
738
791
779
758
739
781
744
737
739
757
721
762
712
760
721
757
746
729
696
1097
757
815
738
829
739
827
774
830
741
825
727
817
752
830
705
817
1477
778
782
780
784
898
867
735
814
771
1116
759
784
787
763
792
786
770
724
751
849
810
734
749
518
741
742
714
746
729
812
742
817
730
741
741
767
742
821
1444
971
744
813
742
857
756
817
744
811
735
1501
777
704
832
808
812
786
818
811
811
737
801
834
809
793
742
744
1673
771
741
826
816
816
724
742
736
753
745
730
757
813
775
752
712
756
738
740
743
734
726
737
746
741
732
749
744
1288
743
817
759
1511
704
816
813
813
811
818
810
575
782
870
733
819
737
825
738
818
739
798
801
896
735
886
742
1232
736
756
741
757
750
811
745
729
742
749
742
730
747
634
749
737
747
751
742
741
736
729
747
757
732
