1956
836
829
877
824
824
687
830
817
826
835
821
822
856
1225
824
827
829
821
822
822
828
828
831
824
830
825
826
821
821
847
823
825
697
831
833
826
740
863
922
797
744
859
811
643
1173
780
853
696
700
1462
740
837
684
1007
892
754
538
889
762
992
832
684
943
774
841
690
796
933
767
680
728
976
924
753
709
864
846
728
784
760
838
750
839
882
834
839
773
859
836
757
858
846
840
784
774
849
839
1542
757
1517
720
847
786
816
678
865
737
841
685
776
842
792
693
701
731
847
610
728
930
691
720
871
818
697
776
1892
796
834
847
869
773
858
864
696
756
831
861
842
777
697
826
774
844
849
713
773
748
961
756
1364
820
1044
712
872
927
854
744
868
787
862
775
804
948
857
782
858
791
802
787
707
796
792
834
746
742
842
847
813
806
1587
871
713
757
837
849
734
782
885
827
687
603
672
847
699
794
837
847
695
784
1364
870
809
753
712
833
827
1490
727
777
802
845
919
791
785
913
865
712
867
916
896
774
777
785
733
788
795
707
851
722
896
603
678
853
817
844
1031
862
840
700
781
832
874
698
781
873
856
772
779
808
