80
78
77
77
78
77
77
77
77
76
77
78
77
77
78
78
78
78
78
78
78
78
77
78
78
77
78
78
78
78
77
78
76
77
77
76
77
78
77
77
77
77
78
77
77
77
77
77
78
77
43
43
42
43
43
43
43
43
43
43
43
42
43
42
43
43
43
43
43
43
43
43
43
43
43
43
43
43
43
43
43
43
43
43
43
42
43
42
42
43
43
42
43
43
43
43
43
43
43
43
75
75
75
76
75
77
77
76
77
77
76
78
76
77
76
76
76
76
76
76
76
76
76
76
76
76
76
76
76
77
76
78
77
77
77
77
77
77
77
76
77
77
76
76
78
78
78
77
77
77
55
43
43
42
43
43
43
43
43
43
43
43
43
42
43
43
43
43
43
42
50
42
42
43
43
42
43
42
43
42
43
43
43
43
42
43
43
42
42
43
50
42
42
43
43
42
42
43
43
43
43
42
43
43
43
43
43
42
43
43
43
42
43
43
43
43
42
43
43
42
43
43
42
43
58
43
42
43
43
42
42
42
43
42
43
43
42
42
43
43
42
43
42
42
43
43
43
43
42
43
