352
343
343
343
343
343
343
343
343
342
343
343
343
343
343
343
343
343
342
342
343
342
342
343
343
343
343
343
354
423
343
343
343
343
343
342
343
343
343
342
343
342
343
343
343
342
343
343
342
343
361
343
342
342
343
343
343
342
343
343
343
343
343
343
382
343
343
343
343
343
343
343
343
343
343
343
343
343
343
343
343
343
343
343
343
343
343
343
343
343
343
343
343
343
343
343
343
343
343
343
343
343
343
343
343
343
343
343
343
343
343
343
343
343
343
343
342
343
343
343
343
342
342
343
342
343
343
343
342
342
343
342
342
343
343
388
343
343
343
343
343
343
343
343
343
343
343
343
343
343
343
343
343
343
343
342
342
342
342
343
343
342
343
343
342
343
343
342
342
358
343
342
342
343
343
343
343
343
343
342
343
342
343
343
342
359
343
343
372
342
343
343
343
342
343
342
342
342
343
342
343
342
343
342
421
343
343
343
343
343
343
343
343
343
343
343
343
343
343
343
343
343
343
343
343
343
343
343
343
343
343
343
343
343
343
343
343
343
343
343
343
343
347
343
343
343
343
343
343
343
