1841
583
720
603
665
530
541
668
536
736
1242
471
480
691
500
473
490
469
483
480
488
461
494
480
491
473
490
471
485
462
488
478
493
475
491
465
479
470
477
480
494
464
493
471
488
471
486
480
480
460
1166
484
470
485
477
488
479
485
473
488
1197
456
490
469
490
447
506
453
489
471
490
477
478
463
493
478
488
454
487
469
488
451
487
476
491
479
13344
854
603
909
439
417
421
409
420
411
420
412
419
409
1161
420
411
419
412
419
413
418
409
447
710
534
700
506
608
533
679
663
672
527
536
528
537
536
545
535
533
526
537
535
665
538
678
535
535
669
460
1111
528
667
530
542
535
542
534
535
529
691
541
541
1409
537
672
538
535
544
528
672
526
540
526
675
533
699
535
677
481
489
418
418
408
414
408
419
408
416
404
417
434
672
664
672
547
1145
535
661
745
688
821
773
887
757
814
774
829
824
835
750
804
747
1504
826
821
827
788
826
1005
845
877
824
934
903
757
838
727
821
731
826
737
822
835
839
744
827
751
727
713
825
724
825
827
904
754
843
746
842
757
827
739
827
1311
822
707
801
746
839
735
821
781
829
