158
154
154
154
154
154
155
154
154
154
154
154
154
155
155
155
155
155
155
155
155
156
156
156
155
155
153
155
152
153
172
85
85
85
85
85
85
85
85
85
85
85
85
85
85
85
85
85
85
85
142
155
153
154
154
154
154
155
154
153
153
154
154
153
154
154
154
154
153
151
152
153
154
154
154
153
154
153
153
152
153
153
153
153
153
153
153
153
152
154
155
154
155
154
153
154
153
154
156
154
86
90
86
85
86
85
85
85
85
85
85
85
85
85
85
85
85
85
85
85
85
85
85
85
85
85
85
85
85
85
85
85
85
85
85
85
85
85
85
85
85
85
85
85
85
85
85
85
85
85
145
85
85
85
85
85
85
85
85
85
85
85
85
85
85
85
85
85
85
85
85
85
85
85
85
85
85
85
85
85
85
85
85
85
85
85
85
85
85
85
85
85
85
85
85
85
85
85
85
85
85
85
103
85
85
85
85
85
85
85
93
85
85
85
85
85
85
85
85
85
85
85
85
85
85
85
85
85
85
85
85
85
85
85
85
85
85
87
85
85
85
85
85
85
85
87
85
85
85
85
