5740
5661
5633
5633
5620
5650
5629
5621
5660
5623
5629
5660
5623
5630
5621
5619
5991
5624
5643
5625
5619
5757
5647
5621
5647
5622
5629
5630
5622
5631
5617
5619
5653
5622
5721
5620
5619
5708
5622
5621
5629
5620
5626
5629
5622
5647
5620
5619
5760
5619
5629
5726
5654
5733
5647
5669
5662
5646
5844
5634
5633
5651
5637
5642
5780
5635
5641
5647
5628
5768
5638
5646
5628
5618
5800
5641
5647
5662
5618
5679
5641
5624
5662
5615
5614
5849
5626
5715
5648
5620
5797
5625
5619
5674
5644
5708
5631
5619
5657
5617
5623
5813
5644
5652
5716
5636
5750
5620
5613
5770
5611
5735
5623
5614
5666
5613
5611
5689
5640
5767
5645
5618
5918
5650
5643
5662
5619
5734
5639
5619
5654
5617
5638
5744
5635
5696
5638
5621
5833
5745
5647
5685
5617
5683
6017
5620
5661
5649
5619
6261
6106
5653
5617
5614
7011
5624
5770
5758
5645
7292
5639
5652
5615
5613
6120
5623
5655
5678
5671
6273
9643
9616
8356
7115
7275
6789
5661
7034
5635
5634
5618
5614
8345
5630
5634
5612
5618
6161
5737
5668
5646
5621
6065
5624
5630
5623
5621
5978
5624
5651
6051
5625
5981
5688
5627
5624
5618
5752
5923
5619
5626
5618
5626
6036
5622
5631
5624
5619
6101
5625
5649
5734
5623
7031
5628
5630
5621
5621
5818
5848
5622
5629
5616
5925
5760
5621
5664
5618
5631
7371
5626
5680
5619
5618
6066
5627
5633
5616
5622
6039
