18859
14042
15004
14474
15416
14472
14922
14626
15377
14490
14979
14576
14843
14611
15328
14981
15450
14551
15051
14291
14954
14414
14822
14580
15018
14521
15066
14561
15059
14447
14897
14516
15088
14493
14884
14355
14984
14531
15109
14740
14540
14205
20071
14671
14463
14366
14862
14477
15065
14714
14682
14517
14730
14415
14486
14458
15133
14578
14994
14527
15037
14710
15043
14581
15169
14475
15061
14481
15100
14549
15064
14617
15046
15094
14887
14489
15288
14498
14919
14522
14899
14457
15016
14500
14938
14465
15196
14398
15088
14496
15178
14657
15373
14648
15459
14554
14895
14334
15092
14482
14786
14337
14551
14479
15246
14684
14798
15325
14605
14524
14509
14659
15024
14448
15114
14571
15051
14407
15017
14767
15498
14717
14993
14523
15021
14551
15116
14345
15022
14449
15353
15423
14773
14470
14899
14718
15229
14514
15179
14661
15019
14477
15291
14498
14894
14538
15027
14519
15084
14692
14711
15160
14779
14370
14878
14398
15218
14840
15351
14698
14697
14858
14989
14920
14950
14476
15342
14492
15232
14507
14721
14435
14716
14525
15013
14745
15118
14507
15158
14669
14911
14512
15215
14440
14974
14817
15186
14584
15113
14509
15273
14701
15185
14399
15120
14735
14816
14446
15475
14504
14779
14931
14909
14577
14667
14810
14775
14837
14798
14800
15275
14731
14664
14870
14911
14523
14903
14372
15108
14854
15262
14632
14811
14994
14965
14536
15042
14569
14879
14996
14873
15054
14964
14561
14839
15098
14733
14511
14647
14764
15095
14541
14720
14544
15059
14919
15024
14716
15229
14382
