211311
202227
202365
202429
202841
202668
203319
201773
201981
202268
203031
202735
202158
202341
202756
206416
202610
202269
202127
202557
203759
202232
202496
203440
202510
202224
202740
202667
202213
202158
204590
203525
205422
203034
202679
202417
202832
202857
202564
202209
202756
203258
202729
202215
202208
202130
202311
203417
202533
203210
203163
202692
202761
203047
202466
201936
202412
202202
202312
202751
202707
202411
202212
202320
202323
202632
203225
202551
202393
202398
202711
202244
202107
202526
203930
201833
201933
202066
202918
202195
202824
202580
201895
204011
202288
203312
202876
202433
204387
201653
202354
202772
202659
203371
202373
202898
202414
202439
202023
202845
202580
202346
204356
203159
202921
202891
203067
201991
202882
202470
203152
202330
203546
202601
202044
202374
202096
202706
202443
203731
202641
202358
203211
202234
202692
202411
203099
202726
203062
201807
202023
202524
202403
202880
202236
202665
202523
202278
204378
202290
202154
202811
203258
202586
202680
202044
202711
203827
202384
202478
202615
202687
205616
202997
202007
201923
202110
202281
202876
201620
202486
202122
202714
202908
202052
202294
202339
202513
202848
201751
201847
202388
203523
202368
201846
203451
203473
202611
202227
201804
202152
203174
202425
202031
202155
202074
202592
202403
202919
202343
202217
202473
202112
202760
202294
202436
202342
201971
202561
202550
202300
202580
203308
202359
202014
202504
202565
202345
202005
202587
202793
204167
202074
202656
202075
202852
204930
203017
202444
202204
202504
202426
202244
202400
202239
202874
201791
202398
201745
202483
202034
202000
202167
202418
202311
202099
202687
201664
202187
201986
202526
203166
202061
202555
202351
201822
202236
202954
202403
201891
