4028
1439
1328
1348
1338
1331
1335
1344
1905
1367
1327
1342
1350
1336
1326
1361
1359
1333
1351
1345
1365
1286
1585
1588
1470
1580
1530
1509
1990
1467
1535
1592
1611
1518
1522
1556
1502
1580
1567
1500
1503
1523
1565
1458
1558
2271
1550
1622
1458
1524
2307
1500
1528
1395
1712
1473
1527
1533
1594
1466
1517
1582
1888
1572
1485
1525
1548
1583
1478
1525
1530
1572
1474
1523
1531
1573
1473
1527
1551
1945
1585
1531
1358
1535
1585
1459
1531
1494
1548
1461
1522
1505
1593
1461
1508
1998
2187
1457
1523
1551
2247
1565
1595
1579
1458
1556
1543
1603
1487
1564
1597
1577
1510
2030
1568
1512
1558
1508
1589
1511
1534
1486
1582
1498
1550
1504
1575
1502
1563
1537
2066
1608
1503
1511
1560
1570
1498
1591
1490
1436
1613
1481
1528
1518
1567
1483
1554
1548
1926
1527
2407
1492
1537
1556
1578
1447
1600
1525
1552
1569
1608
1491
1548
1539
1976
1614
1464
1558
1518
1615
1457
1555
1539
1541
1505
1541
1438
1540
1543
1683
1508
1549
2183
1533
1597
1657
1498
1554
1551
1659
1485
1561
1501
1550
1556
1468
1534
1546
1565
1973
2244
1521
1564
1512
1559
1520
1579
1471
1555
1550
1617
1506
1563
1618
1580
1572
1853
1558
1542
1579
1493
1571
1520
1566
1569
1573
1520
1564
1484
1555
1556
1576
1489
3537
1504
1448
1558
1522
1575
1450
1522
1603
1575
1511
1551
1535
1590
1501
1549
1512
