45455
45565
45873
47121
46970
46960
45903
47257
46865
45946
45847
45994
46822
46983
46747
46617
46888
47251
46457
48570
48159
45894
45797
45725
47013
47014
45888
46772
46947
45990
45898
45860
46906
47121
45990
46044
46745
46708
46191
46059
45810
45646
45544
45435
45656
45549
45489
46009
45998
45500
45923
45574
45498
45690
45528
45481
45476
45545
45434
45589
45665
46535
45661
45687
45612
45738
45913
45465
45791
45403
45369
45326
45950
45432
45588
45531
45571
45631
45562
45510
45578
45608
45579
46209
45915
45738
46937
45851
46951
45832
47315
45804
46781
46691
46080
46817
46786
45842
45925
45840
48335
46794
46809
45996
45827
46263
46741
45592
46934
45961
45909
47142
45457
46746
46886
46898
46864
45781
46902
46752
46937
46843
46737
46719
45804
45878
47113
46013
46811
46854
45948
45775
47179
46781
46805
46814
46863
46856
45796
45918
46768
46867
45907
45946
46012
45915
45956
46992
46664
46137
46966
45971
45899
46249
46017
46132
46347
45986
46833
45928
46729
46848
47200
46719
46885
46791
46761
46777
45798
46761
48256
46085
47028
46309
47399
45943
45822
45775
45961
45847
45903
45985
46896
47090
45906
45871
45903
46582
45961
45926
46010
45998
47366
46729
47162
46127
46819
46832
46793
46690
45971
46804
46039
46964
47348
46000
45817
46802
47036
46790
46053
45980
47008
46858
46065
47057
46260
45961
46490
45876
45908
45856
45839
46880
46874
45938
45865
45908
45933
46459
47126
46118
46831
46506
48164
49945
51110
52467
46869
49754
47020
46786
49368
46664
47427
46107
47207
47389
46296
47159
