709
681
684
684
685
684
684
684
684
684
683
684
684
683
744
724
755
748
748
826
761
743
749
747
749
748
739
755
752
749
762
749
748
749
749
809
746
748
749
748
764
758
744
747
750
748
757
757
757
748
710
756
766
749
749
748
749
749
748
728
710
728
733
734
733
814
739
740
745
740
757
741
740
740
740
740
740
740
818
701
753
725
704
705
747
755
755
755
747
754
762
755
747
760
726
740
740
744
741
741
681
741
756
755
739
755
742
937
724
761
705
748
754
749
748
749
742
702
758
760
782
757
760
795
756
770
754
748
746
751
772
754
747
746
746
746
746
745
745
751
685
746
739
736
737
737
767
735
704
738
698
754
788
769
806
756
759
753
756
755
767
756
756
756
756
758
763
759
753
756
771
702
741
736
742
704
742
742
704
736
739
769
762
763
769
763
725
721
776
771
781
771
762
762
762
757
762
758
762
761
727
756
687
759
756
769
755
757
756
755
778
755
763
757
755
770
755
756
788
757
778
756
760
754
746
746
746
746
741
742
771
754
744
742
818
750
736
736
736
742
770
735
704
739
768
762
769
762
754
762
