2504
902
985
1106
1020
979
999
1074
1081
1006
1072
1035
1346
776
747
905
1109
1025
977
1002
1023
1014
961
1086
950
873
1005
1098
994
980
930
1082
1017
987
1032
1082
1059
1424
1000
988
1048
1017
1012
1002
1100
1015
987
1055
1145
1023
1686
954
1025
1070
991
1007
1000
1072
1028
918
1140
995
1076
1009
977
1002
1092
1005
996
1003
1066
1039
987
1020
1090
1003
1015
1003
1075
1009
1067
999
1068
3789
1042
993
1054
1013
1041
1062
1040
1033
1003
1043
1008
997
1004
1079
996
957
1702
1000
1108
1640
986
974
1000
1057
1055
1017
1063
1071
1013
1051
992
1062
919
997
1041
1043
1063
973
1000
1068
930
991
996
973
1251
1020
1025
1011
1084
1003
928
1014
1062
1035
1038
1010
1077
1010
1039
1005
1073
1015
1077
1003
1027
1001
2249
1058
1038
1065
1051
1057
1029
1005
1077
1054
1060
1009
1006
993
1089
995
1041
1004
1056
993
970
1005
1082
998
953
1334
1021
1078
1005
1032
1052
1077
997
1013
994
1080
995
969
983
1087
1057
993
988
1076
1005
991
1003
1124
1061
1361
1783
1056
989
998
1088
1058
1032
991
1078
958
1039
991
1077
1058
1041
1006
1064
993
1028
1036
1088
951
1429
1033
990
1090
1026
1036
992
1062
1055
986
1027
941
999
994
1090
1049
943
1089
968
1008
996
1009
994
1129
1473
996
995
994
