106688
99707
93150
103811
101948
111416
101500
96793
93451
105681
106866
106133
98196
105511
105308
106556
99901
103742
105203
105850
98237
103395
107931
101110
92086
102244
103197
101911
96215
92820
93599
92639
92350
91621
92709
91632
91723
92415
93520
92666
92627
92431
92844
92307
92343
93721
95450
104848
108190
100655
104027
109037
108705
102125
103248
102149
108966
101759
97148
111078
106501
104018
100645
102533
101035
99083
95419
93850
92505
92899
93619
102786
109218
106338
97014
98294
109181
101570
96544
100545
103799
111249
98158
99486
103999
113330
102310
98419
99320
109930
108731
100338
101261
103147
110253
95859
93988
92865
91456
92578
92895
94783
109409
105693
98862
99648
103798
106581
106108
95798
98374
110183
111294
97115
97385
107672
112738
99683
94892
91189
91543
92296
91437
92485
92465
91793
92318
91322
91513
92306
91352
93134
91406
91503
91425
91472
91644
91540
92854
92746
91350
92687
91809
92412
92560
91329
92714
92534
92916
92306
92955
92490
92311
91846
91352
91488
91456
92588
91403
91322
92312
92693
92882
92533
92371
92376
91479
92395
92445
91462
92252
92420
91366
91381
91289
92217
92242
91309
92408
91719
92715
92411
91136
91314
91491
91444
92475
92579
91652
92562
92780
92321
91401
92880
92608
92652
91545
92404
92891
92800
91205
91736
92731
93446
92957
92667
91561
91537
93718
92387
93157
92876
92973
92172
92596
91419
91505
92277
91401
92917
92155
91824
92572
93019
92906
92345
92368
91456
92551
91545
92406
92452
91670
91842
92528
91207
92838
92639
91728
91441
91370
91549
91342
91546
91046
92741
91939
92767
91420
91826
