2877
1373
1363
1365
1368
1365
1367
1365
1369
2595
2364
2078
1363
1362
1363
1362
1416
1363
1363
1363
1363
1363
1363
1362
1363
1363
1363
1804
2324
2317
2272
2248
2345
2290
2308
2255
2297
2273
1921
1688
2100
1377
1369
1369
1369
1369
1369
1369
1369
1369
1374
1369
1369
1369
1363
1363
1363
1363
1363
1362
1362
1383
1363
1363
1363
1363
1362
1362
1363
1363
1362
1363
1386
1368
1362
1362
1363
1362
1363
1362
1363
1363
1363
1485
1363
1363
1362
1363
1363
1363
1363
1363
1362
1392
1363
1362
1363
1363
1363
1363
1363
1363
1363
1376
1386
1369
1371
1391
1369
1369
1369
1369
1369
1369
1409
1369
1369
1369
1369
1369
1369
1369
1369
1369
1369
1394
1363
1362
1363
1362
1363
1363
1362
1362
1362
1362
1414
1362
1362
1363
1363
1362
1362
1362
1363
1363
1428
1363
1362
1363
1363
1362
1363
1363
1363
1363
1392
1369
1370
1369
1370
1370
1369
1369
1369
1369
1370
1445
1363
1363
1363
1362
1362
1363
1362
1429
1363
1367
1363
1363
1363
1362
1362
1363
1362
1363
1362
1363
1445
1363
1363
1362
1363
1362
1362
1363
1362
1363
1650
1375
1364
1362
1362
1362
1362
1363
1362
1362
1874
1363
1482
1435
1419
1424
1383
1370
1369
1369
1379
1369
1370
1370
1369
1369
1369
1369
1369
1369
1369
1439
1369
1369
1369
1369
1369
1369
1369
1369
1369
1376
1370
1369
1369
1369
1401
1377
1388
1363
1363
1363
