316
301
172
172
171
172
172
172
172
172
172
171
172
172
171
172
172
172
172
172
171
171
172
172
172
171
172
172
172
171
172
172
172
171
172
172
305
245
172
172
172
172
172
172
172
172
172
172
172
172
172
171
171
172
172
171
182
172
171
172
172
172
172
172
172
172
172
172
172
172
172
171
172
172
172
172
172
172
172
172
172
171
171
172
172
171
172
172
172
171
172
171
172
172
208
172
171
172
172
172
172
172
172
171
172
172
172
172
171
172
171
172
172
172
171
286
172
172
172
171
172
171
172
172
171
171
171
171
171
171
171
171
171
171
172
171
171
171
171
171
171
171
171
171
171
172
172
171
172
171
194
172
172
172
171
171
172
171
171
171
172
172
172
172
171
171
172
171
171
171
172
171
171
171
171
172
171
305
295
242
242
231
295
292
293
293
294
294
294
294
294
294
294
252
292
291
286
278
280
264
272
284
285
267
285
287
286
287
287
278
253
238
259
241
278
289
312
287
289
287
288
285
234
244
260
334
279
288
250
233
260
264
250
277
190
172
172
171
172
172
172
171
171
171
172
171
171
171
171
172
