2324
797
722
835
767
844
774
844
773
844
771
837
1300
749
716
769
725
771
728
725
759
732
732
741
726
851
718
775
777
766
765
751
722
767
718
719
717
777
837
714
1274
804
728
818
717
823
688
801
717
815
1327
754
773
859
757
787
779
762
757
758
780
777
771
724
752
753
787
842
1242
754
851
716
811
730
800
709
840
670
804
646
844
726
823
726
804
783
825
716
811
722
836
715
809
717
811
722
874
1090
713
843
1332
766
774
766
760
807
755
761
755
769
772
728
762
778
772
745
762
757
717
777
802
715
776
757
1437
825
722
821
728
724
734
792
721
788
748
787
729
724
718
757
690
729
726
789
732
735
734
735
795
762
1611
819
1172
789
794
799
804
790
793
795
802
789
800
789
795
794
848
791
795
794
782
789
734
793
732
792
793
733
753
735
754
1351
727
811
721
820
724
885
725
838
676
735
779
820
783
974
2577
804
804
724
1542
797
794
794
794
795
795
1277
774
808
806
803
781
809
841
808
781
808
780
808
750
769
722
723
714
736
714
735
727
728
782
816
793
770
806
811
791
1315
716
859
714
810
723
810
724
809
718
915
723
816
