1695
446
482
429
428
474
426
428
476
348
941
427
425
423
422
425
425
423
416
424
426
425
420
477
446
450
461
443
444
449
445
441
444
450
444
441
444
449
459
443
444
450
461
446
458
451
443
443
446
451
1223
445
441
446
468
441
440
446
466
443
442
448
452
445
441
459
1020
527
444
441
521
451
445
523
446
452
522
440
444
528
443
443
520
470
462
523
443
449
527
443
446
528
463
456
521
443
441
526
441
449
1287
453
443
441
448
451
445
443
464
449
448
451
440
441
441
468
460
438
446
447
993
441
448
460
441
444
468
460
441
441
549
441
440
442
451
441
441
440
448
440
444
442
448
459
440
443
447
439
454
444
1224
608
570
446
607
615
456
437
648
580
591
571
306
524
568
632
532
730
544
1266
630
642
543
663
520
602
547
644
533
620
772
668
517
777
551
492
541
587
553
654
517
600
553
662
530
602
551
708
524
605
2090
758
841
725
717
834
539
410
991
868
723
829
718
647
730
617
572
844
570
395
922
637
592
820
715
762
838
401
550
839
717
405
692
1102
565
408
710
632
573
401
736
639
573
407
718
665
574
411
550
649
