423067
404642
402591
400135
399643
400411
399701
401845
399946
399902
399542
399828
402343
399272
399933
399312
398904
399563
398943
398449
399188
399428
401691
399599
400564
399440
399953
401321
399515
399328
399499
399179
401669
399241
399648
398785
399089
402050
399692
399372
400373
398878
400912
399644
400320
398608
399364
401081
399118
400736
399328
398622
401329
398722
398895
399254
399621
400332
398885
399813
398840
398627
401512
398827
399756
399381
399679
401933
399337
400687
399234
399740
401942
400184
399318
399062
399325
399633
400267
400090
398715
401414
399493
398901
400128
398880
399369
401250
399289
400117
399708
398763
401872
399996
399675
399707
401978
400177
400055
399374
399446
400505
399707
398885
400476
399675
398942
399437
398768
398912
400082
398651
399058
399775
398467
399292
399417
399476
399855
399273
399246
400990
400233
399322
399651
399479
400745
400044
399413
400079
399438
400846
399310
399958
398732
399381
400237
400128
399951
399228
399999
400814
399065
399377
399895
399645
400449
399711
399761
399283
399984
400936
400220
400056
399665
399501
400708
399469
399894
399565
398821
401714
398784
400441
398747
400418
402826
399081
400902
399549
399715
401488
399421
399703
399989
400135
401339
399040
400539
399456
400776
401666
399713
399880
399649
399460
401393
399836
400510
400260
399914
401413
399388
399474
399259
398981
402052
399073
399508
400502
399745
399476
400130
400315
399480
398752
400839
398308
400339
399627
398802
401005
399006
399624
399462
399461
401632
398631
400224
399220
399852
401956
399520
399329
398871
400150
401645
399525
400522
399258
399534
401485
400171
399931
400589
399653
401146
399512
399855
399463
398552
400980
398924
399832
399272
399112
402009
399892
400040
399180
