7954
4811
4475
4520
4612
4622
4618
5401
5016
5079
4943
5039
5035
5288
4966
4843
5049
5024
5427
5124
5102
5277
5099
5192
5377
5108
4996
5037
5091
5488
5126
5049
5112
5027
8036
5045
5096
5094
5114
5380
5053
5082
5092
5198
5089
5430
5049
5064
5118
5072
5605
4976
5155
4985
5032
5047
5240
5233
4788
5043
5076
5447
4981
5187
4982
5092
5050
5375
5077
4945
5115
5176
5377
4929
5080
5067
5187
5114
5361
5220
4984
5031
5072
5742
5092
5075
5068
5048
5587
4933
5092
4984
5115
5180
5556
5106
5022
5179
5146
5370
5257
5041
5062
5057
5380
5079
5116
4965
5060
5121
5554
5128
5038
5045
5081
5317
5139
5019
5036
5130
5104
5502
5173
5106
5329
5048
5432
5115
5153
4988
5100
5075
5470
5182
5080
5113
5042
5326
5120
5016
4825
5100
5109
5683
5087
5042
5057
5174
5442
5110
5329
5092
5147
5352
5047
5050
5133
5107
5061
5517
5064
5233
5109
5072
5469
5074
5080
5171
5019
5084
5475
5103
5166
5099
5096
5426
5123
5086
5098
5175
5116
5275
5036
5059
5181
5072
5446
5042
5022
5145
5095
5219
5331
5173
4973
5150
5016
5427
5086
5083
5368
5016
5360
5135
5116
4990
5112
5097
5661
5082
4951
5121
5010
5466
5095
5092
5066
5071
5042
5623
5114
5120
5032
5049
5472
5086
5105
5147
5086
5163
5367
4901
5100
5111
5089
5322
5168
5067
4990
5103
5167
5666
5079
5104
5130
5162
5267
5203
5037
5081
