31373
27607
27503
27890
26870
27771
27587
27453
27208
27966
27732
27682
27364
27753
26887
27227
27811
27476
27229
27276
27009
27109
27488
27644
27429
27413
27545
27270
27656
27626
27623
27687
27499
27894
27934
26837
27497
28147
27732
27392
27525
27646
27948
28000
27966
28088
27587
26939
27756
27217
27431
27086
27165
27819
27913
27415
27527
27638
26964
28026
27818
27185
27345
27155
27610
27630
27627
27466
26986
27363
27516
27882
27307
27376
27421
27398
27500
27548
27359
27251
27783
28174
27668
27705
27816
27428
27548
27675
27598
27380
27415
27533
27779
27550
27891
27584
27438
27565
27690
27620
27821
27044
27387
27653
27431
27287
27321
27319
27705
27521
27688
27554
27131
27804
27905
28563
27621
27790
27478
27868
27971
27979
27750
27037
27227
27855
27326
27484
27179
27545
28216
28017
28022
27655
26793
27187
27792
27324
27593
27597
27368
27980
27488
28297
27904
27093
27540
28482
27603
27465
30171
27259
27584
27538
27902
27974
27660
27591
27192
27764
28120
27386
27081
27486
27927
27898
27459
27607
27141
27280
28083
27453
27321
27767
27383
27812
27443
27725
28441
27177
27373
27591
27686
27287
27386
27377
28951
27709
28180
27658
27728
27290
27920
27773
27482
27718
27670
27706
27773
27744
28010
27454
27762
26972
27441
27176
27138
27323
27495
27506
27605
27279
27809
26949
27667
27381
27461
27461
27530
27801
27745
27543
27810
26836
27683
28031
27587
27123
27204
27310
27442
27675
27645
27178
27328
27596
27795
27217
27539
27503
27667
27580
27639
27861
27810
27358
27869
27907
27608
27495
