11270
8331
7912
7859
8247
8980
8252
8149
8497
8106
8083
8226
8632
8289
8387
8565
8136
8167
8108
8591
8391
8133
8392
8101
8302
8293
8529
8192
8161
8483
8071
8232
8364
8540
8252
8056
8596
8128
8158
8095
8496
10866
8182
8615
8271
8319
8432
8111
8272
8232
8458
8126
8130
8498
8103
8152
8339
8481
8183
8162
8472
8231
8165
8445
8319
8098
8239
8561
8120
8259
8643
8153
8359
7876
8281
7746
7702
7773
22626
8309
9207
8322
8057
8410
8061
8269
8282
8311
8226
8175
8628
8189
8100
8100
8333
7973
8254
8536
8236
8069
8755
8177
8262
8327
8782
8290
8101
8444
8230
8210
8205
8479
8315
8242
8349
8085
8172
8384
8559
8458
8093
8454
8130
8399
8260
8442
8168
8178
8435
8133
8270
8136
8517
8263
8257
8587
8314
8254
8086
8662
8253
8215
8500
8143
8172
8409
8582
8321
8175
8608
8763
8310
8506
8267
8335
8106
8907
8087
8244
8560
8115
8165
8224
8762
8409
8130
8408
8088
8120
8185
8450
8381
8279
8560
8120
8318
8138
8633
8159
8139
8470
8126
8124
8131
8601
8223
8414
8565
8266
8081
8181
8469
7988
8208
8561
8319
8138
8183
8791
8165
8501
8574
8140
8226
8704
8143
8088
8227
8499
8405
8431
8475
8159
8102
8229
8553
8175
8180
8751
8140
8163
8115
8555
8252
8398
8938
8155
8271
7780
8607
8339
8218
8566
8217
8122
8270
8722
8187
8101
8379
8101
8190
8391
8534
8192
8168
8490
8132
8143
8175
