24483
23083
22713
23104
23385
24025
24094
22835
23256
24164
24075
22805
23182
24691
22841
22751
22748
23686
23619
24094
22843
24244
23155
23310
22746
23318
24376
24198
24168
22777
23300
23238
24292
22805
23298
24368
23180
22912
22934
24415
25300
23056
22786
23102
23064
24655
23211
22718
23169
23163
24602
22820
23163
23123
24583
22867
22786
24224
24108
24520
22835
24221
24332
24472
23021
22924
23289
23246
23217
22820
24096
24131
23255
22745
23274
23282
23235
22796
24064
24485
24059
23487
23273
24515
23321
24090
24126
23119
23318
24230
24229
22830
24549
24417
24243
23117
22802
23336
24134
24220
23675
23111
23609
24238
24303
22774
24318
23119
23300
22852
23333
22948
23377
22790
23292
24163
24062
23018
22958
24178
24055
24224
22836
23409
23743
24155
24226
22945
24507
24219
24304
22753
22835
23230
23122
24173
22730
23306
24251
23183
22865
23523
24150
24159
22893
23109
24166
24096
23115
22733
23588
23355
24131
22764
23195
23162
23230
22818
23357
23288
23220
22950
24020
24100
24130
24256
22790
23407
23242
23218
22746
23985
24370
24186
23172
22748
24246
24111
24267
22757
22865
23184
24271
24532
22741
24182
23251
23318
22867
24166
24211
23390
24131
22749
24204
24146
24138
22776
24144
24284
22956
24112
22847
24303
23218
24484
22739
23625
24220
24155
23107
22762
23094
23260
23238
22811
23459
23301
23298
22791
23399
22863
24088
22731
23490
24403
24056
24366
22758
23275
23405
24159
22741
24285
23311
23266
23017
23121
23188
23264
22798
23051
23031
23151
23054
22822
23334
24230
24772
22943
