108827
103115
103296
103113
103883
102787
103044
103221
103520
103462
103828
104191
106383
102981
102734
102910
103389
102491
103427
103399
103088
103684
103358
103039
103855
103264
102734
103452
103495
102787
103075
103915
103329
103303
103262
102654
103373
103294
102779
103085
102819
102626
103070
103016
103017
103853
103357
103156
103263
102708
103358
102554
102620
102611
103121
103406
103366
103540
103125
102730
102226
103458
103310
102415
102994
103294
102165
102836
103283
102560
104490
103385
102851
103008
103033
103333
103139
103023
102376
103714
103361
103107
103430
102948
103251
102935
102960
103449
103490
103507
104829
102934
102918
102666
103085
103298
103269
102531
103040
103958
103027
103162
103307
102543
103424
102921
102711
103294
103659
102901
103023
102929
103544
102915
103269
102553
102813
103560
102823
102566
103458
102921
103099
102736
102956
103216
103386
102863
102900
103610
103176
102932
102998
103181
102570
102824
103023
102798
103548
103032
102319
102343
103024
103693
103227
103341
103599
104752
103013
102496
102932
103153
103272
102788
102873
103070
103260
103423
103193
102901
103459
103310
103005
103082
102774
102803
103698
102707
103249
103641
103816
103011
103216
103146
102940
102938
104398
102654
102540
103045
103204
103576
103728
103299
103408
102993
103338
103070
103459
103694
102981
103074
103330
102990
104051
103419
102302
102976
103371
103012
103302
103070
102753
103194
102787
103373
103264
102672
102972
103333
103114
103397
103041
103095
102458
102334
103341
103272
103060
103550
103110
102960
103202
103108
103182
104446
103493
102534
102598
102452
102598
103422
102773
102845
103500
102863
102863
102740
103498
102602
103179
103694
103330
102367
103875
102742
102686
102736
103361
102947
