33887
28204
30831
31387
30986
28687
29285
32941
29562
30619
31749
31542
29519
32652
29438
31621
33552
35748
36577
29762
29464
31566
27192
30256
32275
27733
30762
31210
29416
32376
31700
27580
31925
28637
30307
30281
28921
26033
33060
28150
30404
29808
29385
30666
28768
30776
29858
27009
29412
29112
34836
28506
32071
28744
30732
29154
29458
30489
28787
31105
28008
29648
30686
33154
34887
26690
31024
27372
31395
31745
29108
30107
30325
32640
28697
30521
30885
31613
30541
32075
31177
30282
31742
28587
29085
28256
28699
30666
30167
27676
31190
28733
29877
30517
27001
30471
34303
30511
28908
30058
27023
30863
28734
31273
30521
28050
29390
29232
27724
29629
31433
31055
29740
28672
30866
34064
26146
31841
29168
26217
29698
30655
30909
30565
28271
29380
31440
30289
31122
34323
29549
30143
29445
29948
30980
36128
30701
29147
28543
29043
28753
32641
28637
28746
31277
29158
30757
30986
27732
30450
29454
28317
30402
30517
30308
28770
28532
28152
29402
30625
33219
33974
29022
30090
27425
29713
28779
31118
26488
29186
30236
31863
30746
29119
28403
29954
29663
30684
29959
29793
31477
27601
30508
31168
31211
30342
28918
26642
30079
29110
29807
29206
29661
28851
29161
30082
31723
28167
29067
31222
29324
31446
27844
29883
30967
30532
29466
28434
32256
30832
28557
29863
28429
31438
29162
30728
30532
30369
30305
30225
30828
32865
32216
29488
31140
33798
32881
31218
29830
31943
31845
31826
28247
29369
33714
29586
27839
32072
29470
30443
28702
29408
28358
27810
32219
30181
28914
29702
30643
31519
