47771
45620
46441
44684
46949
47589
46291
45203
45768
46941
50617
46719
46227
47007
49617
47267
51353
46814
45448
44102
48516
50725
46058
47073
47789
46708
47407
45509
43655
48032
46023
45630
46363
46695
48772
47895
47858
47799
47621
46219
49717
46893
46511
47795
49761
48739
46234
47242
45062
46700
47873
44768
48010
50335
50226
49179
52076
51355
46975
49483
49443
48733
46869
44826
46516
46310
49035
47206
47154
46582
50504
45972
45171
46449
46763
44661
47331
46197
45122
44069
44573
45848
43948
44788
46362
46040
44306
47348
44998
47687
42927
46060
47526
50229
46229
46555
50018
46446
46603
46387
45828
47957
46031
46487
43810
45674
45551
45041
45854
47757
44874
46173
44860
45481
48837
45941
47311
44789
47951
46671
56563
53012
47269
45398
47315
43633
43176
43004
44905
45387
47745
43950
46341
47349
47102
47288
48290
46433
46285
46801
43522
42645
48922
46275
46597
48667
44677
45083
49988
47855
49773
45794
46603
43102
45422
44959
50362
48396
55252
46482
47019
45037
48190
48011
49313
45124
43792
50340
50028
43396
46088
45718
47449
47163
48179
47142
46383
48155
46824
45077
48115
49635
46632
45879
46480
44550
44951
47584
46118
50949
48537
46189
47058
44649
49402
48215
49714
52751
49167
47315
51057
46462
44234
49873
44172
46396
44986
44170
45786
48621
44711
45207
46736
46568
47528
46210
48077
47203
45814
44408
45219
46536
48036
47872
50247
45056
44468
48551
46251
48081
49102
45812
45473
46325
45390
43501
46513
46804
47532
49057
45710
46687
46258
45626
44285
44895
44722
46157
46674
44015
