137809
130788
138985
134695
135161
133798
133467
138423
136713
135353
135452
134918
136905
135185
131612
134314
134294
133730
136085
132681
133339
132886
136420
131620
135944
134820
132322
137003
135192
136173
131281
134967
138978
134463
133897
136904
135177
133653
131370
135475
133125
137159
133921
135294
135244
136253
137527
136349
136431
136295
133716
134594
133511
135875
135015
135245
134345
136710
135395
140384
135600
140166
137455
132657
131789
137343
136042
133012
133145
137551
139232
137373
134406
136529
137565
134677
137843
135563
136151
137706
130942
137855
137899
137634
133533
137476
133491
132060
131435
132551
133728
132619
135433
133735
136259
134837
134069
131021
132233
135352
133113
137075
133716
134578
133624
135311
134120
134297
137037
137347
136563
131659
137466
137821
133760
135767
136931
135766
136340
133682
139992
133776
134536
134111
133496
134040
135164
137807
137468
138555
135003
131871
136460
137794
136325
134687
135574
136712
132093
134695
136137
137814
133068
136195
135337
135394
138592
134028
134292
138389
137624
137893
138811
137097
136316
135289
135450
133840
135935
134946
133316
135979
137119
136049
136182
135099
137365
132367
134135
136268
137951
135780
137030
135297
136927
136589
137392
138999
136112
142912
135534
135722
135743
142081
135189
138692
139332
137385
136204
136525
136568
136462
136758
139747
132614
140301
133816
135690
134126
133048
133459
134114
132855
136381
134569
130144
135316
135552
136581
131233
131373
133779
133530
133315
133824
132349
136485
139087
133535
131986
135404
135190
133040
133122
134367
135671
136855
138501
134029
138655
135962
131571
133540
134613
137031
132339
137681
135095
133153
135966
134820
135773
134137
134414
132544
137664
132220
135736
133000
132745
