50542
42353
43540
43495
46593
45183
47395
46544
48894
47842
45758
45238
44902
49710
50101
46125
53186
45214
42515
44426
44364
54352
45797
44095
45178
44798
43329
46602
42899
48686
50679
50940
43578
47559
45790
50796
45556
47050
47076
48224
47831
44745
47034
46690
43689
48099
45463
49214
51669
47167
46762
42140
44518
43319
45088
46617
45799
51286
43381
44549
43817
42409
44001
44176
45436
46982
45583
44043
44386
45283
44906
51013
47187
47859
43755
47332
44507
44720
44718
46690
44324
45251
43576
42501
42032
45502
43129
44722
44656
44597
45885
47052
47724
42610
43068
42610
45491
48247
46133
42961
44837
44900
42472
43882
44065
45882
42570
45142
45058
43746
44831
44050
43506
43704
44882
42860
44023
43855
43108
44112
44468
43000
45696
46026
43924
42153
41617
45207
42737
44723
43155
45968
46668
42781
43935
41326
44463
42648
44940
47827
46238
43351
43015
44356
45109
43761
43518
46899
48098
43721
44603
43859
45814
43459
46097
42058
44363
44556
44608
44986
46062
41562
42680
44064
42489
44989
43571
44329
42951
45149
44322
44055
44221
43370
44460
46441
44883
44945
42825
42810
43102
43193
49021
47625
45888
44168
45637
47057
42943
44244
45048
48920
47327
44700
44990
44259
43704
42412
43862
45424
44197
44522
42623
46777
42487
43285
41800
44667
43612
47062
46674
45043
44915
44315
47156
46500
43379
40766
45991
45440
45220
44729
43263
43207
42251
45571
45312
44902
46132
44480
44384
43164
41183
44048
43297
45323
45126
45089
43878
43911
43227
44125
45232
43746
43262
45749
44022
44044
42838
45643
