50249
45234
44525
49107
52310
44000
44689
43076
43249
39667
40834
41221
42133
42810
39952
44473
41732
42347
43259
42032
40296
41520
43245
43582
40099
43496
43408
44758
40357
45020
41341
45164
40973
42172
38381
41469
45415
40555
43190
40460
42567
43241
45328
41612
44551
42454
48557
45211
42668
43549
48119
42016
41658
43947
42780
40987
40898
46626
41754
43238
41927
43477
42238
40134
44553
43389
43835
43170
44171
46611
48301
42729
44207
43230
43289
41764
40089
43892
46904
41038
42297
41369
44639
41933
43510
41370
44331
45442
43452
42473
39942
44368
45613
41563
40441
44258
42381
42936
46751
41396
46421
43071
43016
39509
40687
47783
46272
40510
41616
40532
41245
44941
41668
42490
44948
42161
45489
42445
43958
48790
43675
43369
41627
42274
42888
45487
40069
41044
46141
41502
44789
45061
45505
41497
43959
42275
44855
41040
41239
42473
43482
45455
42725
44010
41074
40863
40926
44407
43565
44031
44982
41973
43329
43099
40969
41771
41914
40029
43827
42849
42946
41895
41234
46219
43627
44762
44197
41953
40026
41438
42626
40458
44884
40975
42185
43824
40279
39306
44867
39445
38217
46843
41776
42601
41903
42697
39294
41401
42790
43986
41784
42599
41211
42052
44007
40927
44865
40103
41025
42569
43906
42048
42556
40514
40757
42605
45045
43669
44713
38626
42511
42616
40809
42610
42614
40666
42938
42481
41956
40453
45653
40401
40232
42381
39220
44390
43478
46059
39596
39267
42191
43502
42422
42580
40082
43695
44206
44163
39597
41295
42566
45505
46935
42887
43318
44095
43131
42400
42225
42347
