136377
131966
132355
130356
136421
133714
131034
134589
130687
129923
133941
132183
133690
130031
132342
132278
132126
133380
132632
132453
135544
133578
130184
130332
131431
131433
131983
132665
130116
132278
134151
133265
131502
130087
132909
132899
131241
130079
130570
132214
130350
132135
133196
133075
132536
135374
130834
128229
131256
133062
130235
131623
132228
135069
133312
134002
131650
131699
130580
131319
132774
131978
132142
133148
134394
135797
134124
130109
132211
131407
133598
128709
128258
131170
137984
128115
129839
130721
129024
132766
128061
132222
130953
129076
127440
132585
131590
131358
131116
128183
132560
133572
131665
129635
128525
131361
130360
133923
131712
132749
130858
132671
131809
132394
130975
131050
133088
128894
132553
132890
133812
130966
132464
131156
130377
132794
129800
131367
131427
132787
131321
129973
129981
131479
130410
130039
128564
131772
131232
131399
131649
131764
137129
129032
131821
130106
129195
130018
133025
134433
131421
128250
133515
129379
132946
133234
132889
132907
130728
130897
133913
130289
129957
132325
130546
131082
132292
129539
130495
129270
129417
132011
131368
130046
128659
128627
128480
128473
132637
131440
129205
129245
130362
131089
131235
131494
130203
130059
131543
130110
132629
130129
134817
130983
131413
131683
132243
130913
132224
130887
130939
130832
131641
131214
130922
132121
134008
133142
132621
131632
135043
133042
131256
134328
130900
131429
132541
128961
132634
132683
132076
130649
130260
131083
132946
131522
132314
131234
132605
131476
129166
131995
133648
131915
134323
133208
134162
131309
131034
132252
130534
131012
130816
131931
130574
133806
130196
130148
130245
133418
129476
129432
132460
133002
132430
130856
132749
132003
131231
129505
