40565
37880
41247
38566
38447
37895
36958
35225
35451
36069
37790
36890
37789
35783
39895
35285
36791
38326
36065
38099
36438
36400
37891
38231
38798
38685
36022
38844
35792
38323
36340
35899
37974
38786
34870
38894
38070
37523
37395
36473
38643
34432
39055
38454
36686
37914
38373
37301
37044
38579
38314
37492
36029
36436
39390
35003
37633
36611
36982
36310
36712
39146
36257
38650
36381
36851
35196
36145
39842
36982
37547
38559
35333
36774
36938
38394
40296
35831
38819
37909
37528
37108
36691
37377
38079
37818
34149
36950
35502
38425
39131
39838
38193
38979
37678
34424
37612
37025
36629
36351
34772
36098
36994
38203
39406
40570
35108
38840
39866
38622
40741
40124
39289
35467
39156
36546
37972
34082
40497
37697
39425
35189
36737
35231
36504
37128
36545
35724
37866
42461
38250
39723
37363
37088
39117
35923
37624
37747
38458
38485
38218
39589
37391
41103
37520
42251
36837
34494
34591
40906
40415
37166
37049
38738
38112
37277
37169
35840
37980
36646
37868
33934
37172
38598
36170
39609
36434
36340
35891
35169
40032
38298
36999
37683
34459
37965
38562
39969
40686
36659
39426
36583
35321
36857
38179
38921
39201
36162
37630
35910
37078
36043
37733
35185
36572
40521
35742
39008
37296
37655
41108
38549
37781
41126
37269
35278
37581
37223
36949
36577
37004
35368
37142
40667
41789
43119
43810
40065
41206
41495
36776
34559
34186
39923
37073
37731
36467
38159
35309
37170
34856
36398
35232
35370
38260
36137
38282
34984
37212
37180
37020
35553
35979
38068
38569
37273
37724
35222
37740
36705
