34228
28898
27435
27896
30067
30803
29758
29480
31436
32960
28068
29839
29515
27282
27214
30799
29510
31687
28284
27386
28684
31882
27238
28496
27396
28809
29821
29217
30800
31200
27758
27873
31163
30341
27506
28675
28434
30645
31506
30106
32583
28124
31824
30796
29299
30633
28996
26904
27723
30356
30885
30950
28218
32369
27798
28963
29370
29670
29468
31569
29830
28087
33484
28997
30150
30092
30456
30367
27653
33299
31717
29482
29542
27785
33495
28349
30631
29232
30497
28537
30806
29097
29252
27085
29047
28654
28560
30396
29083
28746
30392
31333
29097
32051
27528
30536
29511
29642
29935
26864
27671
29957
27629
31317
30645
29795
28045
27437
27933
29507
29196
31626
29656
27951
29747
28265
28237
27398
30855
27262
28700
29052
29778
30543
28819
27974
28274
29640
29131
26832
27596
32425
31183
27708
28752
30383
29729
29670
29141
27961
28209
31729
32572
29483
28245
27145
29037
27854
31354
29921
29143
26634
30197
29126
29709
28452
30760
27970
30000
28969
26390
31783
29186
30268
27519
29304
30340
29850
28029
28129
29475
27791
25930
28348
29487
31025
28913
31219
31190
29492
27517
29076
28687
29568
31606
30121
30178
29512
28899
30667
31425
34951
31594
27280
29777
28455
28363
27879
30362
28926
30080
28532
28989
28347
30134
27985
28559
28485
28384
28045
28566
28640
28858
27037
29581
26291
28085
26498
31970
28837
31256
26671
31040
29671
29839
32246
29900
28699
28617
32732
27420
30897
25844
27360
30200
28900
28724
27844
30463
27936
30084
29328
28817
29282
26163
27354
29770
30900
25551
29042
