32818
30242
26350
29723
27071
28676
29080
29851
30068
29202
28032
26960
30252
31565
29332
31935
29319
27047
28084
30227
28241
28700
30175
30659
26410
32124
26636
30610
27652
28087
28860
27721
26762
28795
29847
34183
33621
27344
29546
28178
28655
27810
27288
28134
29701
27309
31444
28420
25676
28834
26109
28951
27997
25952
32039
26390
27614
28862
26809
26737
28014
25647
27855
28798
27418
26338
28795
27877
26929
33284
26636
26520
26108
27665
25831
29598
26454
27926
30102
27224
30148
30205
28805
26799
27650
27651
24605
31379
29861
27927
28491
28842
26243
28532
28590
26653
29313
27212
29397
25206
29145
25995
29585
26558
25380
24605
27366
28554
27817
29429
28099
25338
27507
25852
34890
26524
25637
27318
29953
28481
26376
26266
29566
28618
26668
26838
25813
28173
27813
26083
26050
26286
27150
27231
26106
28276
29994
28491
29286
26487
28646
28823
26924
30290
29199
30787
29854
26208
28329
26267
29592
28644
29085
25249
28310
28031
30089
25045
26707
27655
27174
29534
26853
27002
28161
25726
27404
27247
29258
27585
27205
28047
27722
29547
25455
28694
26763
28261
27569
28092
27236
25798
29280
28622
27672
26671
25812
28982
31058
29713
29574
26848
28329
34480
28852
30414
27157
28149
28717
26082
32106
31660
29935
28395
28820
25831
29180
27660
27372
27092
27952
28078
30315
29377
25717
28901
25867
28778
28056
28012
27093
28544
26080
28297
28576
26151
26513
30560
28250
28194
28618
27862
29962
32213
32707
29685
29867
29478
30238
27820
29691
29442
29653
27526
28493
26657
27540
28180
28086
28138
