49860
45204
45262
44909
45108
49342
46060
46008
44849
46415
51637
53208
48813
46500
45221
46144
45106
46000
45830
42473
44299
42233
44804
44129
43685
44798
46263
44822
45816
43926
43197
43537
42383
45181
43311
44824
44097
43988
45202
45770
44282
45094
45246
43902
43491
48443
43802
44032
45142
43980
44632
43518
46813
43960
45038
44783
43668
43547
43820
44043
46587
43560
44423
43155
45993
45396
43744
42949
42740
44114
44785
44633
43983
45615
45237
45065
45121
45328
44992
46427
44718
44090
43481
44946
42900
45535
48813
44070
42382
43257
45912
44390
43172
43537
46442
43050
45237
44607
42144
44534
46691
45743
45653
44180
43081
44138
44034
45045
43043
46197
42943
42547
43820
44071
46605
45246
44869
44451
46141
43502
46040
43466
44809
44344
45096
43361
44880
44839
45467
47242
46178
43604
44718
44723
44113
43087
42535
43657
46957
43743
42224
44153
44277
45812
42557
42989
43457
46911
43800
43729
43833
43455
43054
43505
42586
44885
44724
43058
44266
43605
42919
44672
45865
42850
43924
43674
43896
46522
41641
44701
43477
43861
45127
44519
43141
45157
43737
43962
43610
46064
46686
45415
42781
47869
45515
45188
41949
44200
45067
46075
45398
44919
44440
44648
44611
44694
42523
43727
42872
44634
44363
42893
44713
46308
47402
45537
45563
43098
43623
45001
44222
42495
42930
46502
44384
43191
44162
43606
44813
44426
43889
45229
43709
43351
44493
43088
44844
45066
44300
45612
42962
45792
43137
44996
43022
43893
44764
45952
43576
42682
45268
44241
44857
43341
42651
44112
44315
44664
44043
44819
