136026
137561
137192
137026
133890
134910
134259
135088
141395
134854
141314
138065
136200
138451
137678
133835
138117
135701
135652
138712
138007
133818
136151
132893
143291
135126
138233
137257
134803
138781
132809
136848
134723
136928
136295
136987
137569
135279
136871
138088
134243
139037
134433
133720
133764
131900
133525
135522
135959
138010
134497
135748
134952
134810
136009
135768
134235
135110
145377
134354
136081
136604
136344
135532
135205
135074
137749
142479
137104
134905
139595
132206
135454
135796
136105
133853
136251
136512
135417
136237
136827
132724
137279
135941
137489
136831
136842
140530
135988
138349
137779
137005
138316
138469
135988
141522
134608
138339
136881
139893
139365
138034
136477
134734
138465
141950
138253
132511
131978
135099
136829
135926
137404
136218
138103
140377
134840
140477
138699
136468
136765
136809
136335
139062
141574
130834
139973
137035
138931
139017
136738
134841
137602
136700
141344
135969
138862
137260
134038
137154
138091
133816
135653
131342
136291
134479
138530
136054
137192
138280
137811
133468
137551
134253
135909
137334
134476
141364
135418
134399
133964
137860
135073
135512
132463
144991
136820
136170
135821
135694
137339
133715
140902
137349
132914
133598
132281
135510
131345
137614
133887
140074
139297
137749
132743
134485
139488
133816
133561
135789
134115
137573
132988
136745
131257
137604
135474
149507
135426
136863
133381
131102
135018
137125
137632
135663
134413
134965
137487
134452
137664
136570
137603
132716
136117
134392
133714
138355
139704
133033
135986
136581
134723
139960
134393
142901
136217
137955
135852
136407
138233
133341
136134
135677
137785
134656
136344
134274
135986
136385
135234
136105
136167
136426
137104
138463
138197
136860
140810
136648
