35430
39684
41117
37422
46598
39685
37295
39971
39578
34193
34711
34998
32461
33151
33043
32024
34780
33082
33455
35396
34701
32865
32901
32573
35735
33732
33573
33259
32308
35090
33728
33412
31473
34249
35964
36957
30928
34170
32819
33952
35370
32557
32351
38619
35360
35629
34828
34147
33307
33759
33781
33348
32609
35804
35848
34598
35924
35467
33862
33582
33098
34719
36880
36953
34428
32632
36567
31533
32959
35403
35632
33680
33515
35754
36853
35523
33683
34465
33830
33522
32798
32221
33686
32196
33091
34710
33651
33586
36930
34058
32445
33199
34092
36945
33473
38321
33915
33618
32197
32239
32375
34234
34268
33346
34667
36370
35271
33011
35200
33277
32833
34368
35791
36124
33842
35316
33871
35623
35650
33699
34581
33652
34023
32617
33214
33268
34710
33803
37717
32924
33765
35949
35719
33080
33979
33590
33679
37064
35808
33262
35614
33970
33001
33943
36413
35600
35730
35698
33250
36057
38946
33055
33495
34245
33938
34456
33088
33222
33207
35033
35128
34434
34316
34290
34244
33577
34160
34275
33026
33598
34620
33962
33226
33869
33377
34122
33824
33397
33874
34490
33888
32607
34005
34027
35561
34674
33378
32823
32030
37157
34802
34276
32684
33321
32197
35510
36211
34604
34031
33643
39942
33041
35113
33705
34058
36483
33737
35741
35279
37342
42695
33362
35688
35030
37995
31639
36109
33084
31854
36749
33980
34896
33848
33282
33468
33629
33792
36889
32121
35696
33978
35197
33189
34797
34332
32197
34690
32675
35639
33449
32162
33617
33372
33453
34139
32821
34844
34065
33619
32482
