43083
39622
40895
39330
41339
41446
43096
40179
39866
40119
40869
37396
41875
37878
42466
40954
38445
39880
39996
40056
38425
38479
38260
40969
41456
40305
47012
39417
39003
39896
41777
38609
39799
41408
37611
42854
39293
39333
39088
38941
39655
38429
41648
40483
37570
39858
41713
44056
42899
39799
44281
41116
39285
40984
41042
39625
41590
40957
42837
41236
41807
40495
41750
44136
42916
38541
39135
42980
40400
43930
42825
41037
42306
38355
40156
48332
56218
41235
36468
38178
39515
39669
42826
41308
43159
40396
45420
40912
40214
39989
37238
44545
41541
40813
40448
38457
39133
38475
43808
38669
42101
40179
39141
38671
38601
41416
37454
39832
40170
39826
39574
41283
38748
39045
38338
40268
40096
40055
38211
42169
40324
39484
41867
39389
39280
39428
41863
40295
39933
40776
37354
37658
40516
40370
39175
37331
42331
40207
38096
37963
39662
39543
39440
39316
41099
35704
39168
38226
41304
38452
40698
38562
40192
43950
41816
37512
38319
37704
41970
38609
39079
42898
41677
41120
39913
41640
37765
38467
37821
40723
40874
36388
38967
39009
44254
39185
38840
38726
37886
37727
40460
38700
38579
40600
39137
37398
41405
38367
41439
39660
38348
42264
45051
37997
41049
38114
40643
41939
37258
38812
41407
38765
41005
44051
41103
38314
39738
40769
39935
38613
38712
38405
43800
38380
37354
39868
45769
38986
46009
37259
41256
42081
37560
38729
41264
41632
41386
40784
39833
39199
38140
44463
37636
40043
39216
39759
42935
39707
40057
37947
42337
40932
41084
39450
43452
40249
40190
39606
40359
40762
