44326
40239
40032
39846
41302
38886
44423
40419
42398
44645
40670
41676
39785
40226
41186
40752
39071
41673
44906
40264
40134
39331
39103
39139
44162
41012
42552
39260
42297
47830
40711
42430
41358
40787
43542
38706
41827
38817
42434
39856
42667
40609
41155
38660
40092
40289
41674
41669
41852
39093
40384
40304
41749
41359
39503
40282
42636
41505
38710
38905
40377
42105
42331
43003
43692
41507
39355
42728
39878
40732
39858
43328
41190
44473
39981
41242
41758
38496
38779
39248
41741
42388
45531
39809
38786
42948
42109
42955
39472
44287
41151
42408
41043
44300
40496
40712
43082
42064
40405
42267
44848
43363
40333
41659
43810
40856
44507
44356
42232
40069
41413
43172
38701
41075
42978
43211
49000
47690
48380
51005
42369
43139
42167
41861
38102
43020
40987
40750
39072
43149
40138
42996
47953
42298
42643
40326
42291
39286
41521
42698
40835
41484
39128
39929
42167
42297
42077
37848
42284
39628
37900
39080
39064
42431
42621
45336
38931
38862
41192
41428
40563
42589
42427
41352
38240
43257
41012
38364
39385
42326
40065
39514
40284
40829
40750
41149
41922
43846
43571
42219
41156
38758
40554
41671
40932
42977
40847
43109
40039
43525
44600
40355
42042
42058
41278
39471
42168
38962
41769
42347
41486
40313
39890
42101
40158
39181
42260
42471
38533
41771
41871
41273
41165
39631
40851
39078
43577
40664
41362
42280
40866
41421
40861
40665
39188
40536
40303
41436
41705
40077
40375
40592
40043
42280
39841
43066
42924
41049
41615
42035
39035
41437
40489
38363
41882
42562
38711
38205
41149
41700
