137240
130783
133235
132818
131575
131207
133500
135137
131809
131920
133913
130747
130082
129757
132693
131454
131152
129794
130737
129704
132938
133801
132254
130418
130754
130170
130082
131179
129927
132634
132750
130289
130518
130911
133784
133934
132182
132109
130542
132521
132057
135186
132511
131420
129054
134313
132528
133840
132722
130223
132648
130778
132483
131516
132974
129555
131420
129334
130587
130722
129879
131889
135156
129375
132172
130804
132530
134237
134874
131102
131038
136624
133213
134088
131985
130043
132888
132749
131595
130752
130403
131631
132015
130290
131143
132172
129928
132389
130131
129899
131518
131216
131608
131942
129989
130861
130488
128569
133021
133258
132639
131846
128431
131581
131749
133004
131351
131114
129131
132056
129253
130322
132197
131521
131251
130578
131646
132158
132585
130776
128875
132681
129284
130217
130252
131331
130422
133080
131455
132440
128744
130455
132611
131735
132639
129773
131753
132842
130168
129582
132093
131093
130340
132303
131659
130616
130108
130443
132477
130546
134096
130292
131430
128819
130613
129738
130306
130804
131908
128924
132340
132243
131761
130934
133423
130067
129878
129845
130695
131605
129912
132404
133049
129790
132374
131827
129540
131196
129924
130976
129952
129586
128121
132337
131648
131165
130711
130901
129706
131925
129616
131855
129140
131655
129143
129263
132022
129621
131750
132408
133880
132203
128372
132193
131660
127965
132934
129542
131323
132915
131171
132027
131579
131473
129115
130921
131782
131043
129435
129880
131559
130266
129638
131174
131517
132296
130222
131246
131653
131391
131858
134801
130896
129632
132883
132210
132579
130372
132294
133319
130899
134299
129219
131213
128883
131888
131077
129797
132015
131164
