32238
25441
29775
27396
32565
25364
30643
26000
25479
31846
29687
28168
29196
29441
28376
30720
38264
25374
28036
25916
26639
27076
25116
27400
26393
27448
25307
27303
36412
27353
29142
28979
27263
28463
29237
25733
28195
28135
27992
28201
29038
28812
25512
25908
28714
25196
29759
26385
28356
27059
26209
25520
31695
28926
29529
24938
27418
26689
24841
26924
27270
29096
27919
26901
30344
32246
26412
27331
24225
26945
24841
28882
27239
26475
24753
26148
30117
29733
27751
28650
24867
27710
25040
25380
26611
28074
26727
26536
26388
29732
25432
29139
28533
28657
26875
25932
26180
25052
26947
25088
30863
30177
32933
28209
28251
24104
25629
26104
28185
25139
27100
27049
26637
28525
28167
26337
28007
26364
28180
25804
25812
27428
26894
26630
26771
25598
25144
25382
26285
29337
25206
25027
28189
26103
30006
26782
26394
27214
28454
31217
24972
28930
26241
27717
26983
31590
30301
29011
30575
28630
36913
28659
29051
27334
31517
29780
25730
26649
28668
26162
26813
24995
28747
26079
26013
26924
24946
27265
24579
28579
25137
27421
27982
27444
29944
32086
34754
27685
27217
27370
27800
25967
25744
25269
26523
27331
28290
28926
28447
25491
26292
23881
27317
27949
24805
28041
27054
28306
29483
26391
29742
25875
26914
26098
26559
27738
26620
25690
24872
27752
29029
27933
27519
27121
27384
25355
26478
27865
28796
26344
26808
25146
31963
30747
27753
26548
28066
29689
25564
27118
25835
27859
24819
29142
27489
26890
28509
26852
26451
26663
25229
25403
26905
27123
26668
25200
28115
29873
25042
27586
