58621
44774
45829
47956
45724
47345
44318
48071
52095
44809
44179
41588
43400
57710
48288
48919
44395
48367
43464
46609
43454
46474
45610
47672
45737
47398
44466
47114
45127
51065
44759
45477
44803
49752
44516
46942
42985
49190
44241
47260
48414
50198
44270
47238
45687
48498
44658
44677
45199
47640
48868
44809
45368
43953
44392
48892
43711
48527
46353
44497
45253
43401
45513
47171
46110
47012
44336
46428
49317
48092
44170
45616
45629
46488
45862
44724
48947
44656
45128
44218
49476
44468
42264
43241
45226
46170
43966
45732
44484
48998
45369
43966
44593
46680
44845
44570
45195
47331
44640
45692
46854
49022
44183
45644
48699
47129
45688
45596
45438
50943
46932
44189
47644
47732
45295
46761
43975
49655
43957
47610
43957
50581
46207
46390
45685
54554
46193
47737
44565
50469
44719
46206
43683
54213
44378
44231
44491
50609
45893
47595
44405
55256
44303
47278
47502
45748
44170
46519
47880
46626
47045
49325
49614
44904
44689
48140
49742
45310
46946
43997
45712
47252
43961
49796
50001
47844
47582
46898
43746
46608
43590
51759
49177
47241
42671
46759
43746
44607
42064
47262
44370
47694
48295
44871
44454
48328
46269
47574
46601
47922
44549
47625
43516
43298
46178
47057
49428
46200
48652
44483
47223
46387
51366
48148
48868
46088
44574
46489
46593
45377
44532
47894
47321
47572
43398
50873
47192
47017
56212
47542
51184
48146
45103
45699
48851
45395
43882
46780
47374
47187
44611
47714
46478
44756
44304
45821
45832
47491
46652
46507
45968
44579
44160
47810
47387
46291
44728
44992
47121
44503
