38200
28740
31384
30279
28968
28652
31744
27820
25695
30443
28937
30359
27985
30521
28820
26024
32278
29536
29271
28491
30822
30055
31023
26160
27305
27754
31664
28483
39923
31292
28056
29402
27120
30382
29883
29841
27033
30582
29340
30386
33431
29161
31830
29108
29901
27776
28025
30987
26330
37383
34132
27130
32404
30310
29859
27431
29630
29428
29893
31100
35242
31290
29378
30327
27263
26965
30811
29061
29529
30049
26733
32623
28999
27822
30925
29492
32555
29175
29979
29283
32471
29361
29749
30079
29778
30428
31907
31254
29411
29939
26946
27677
31564
31148
27391
30407
27638
28758
28250
28741
27125
29967
31072
29921
29483
27383
30141
31204
31977
29631
27197
28351
31294
30037
28150
28183
28382
28305
29534
34401
29989
26548
29069
31873
28928
29822
30033
30664
30343
33870
29737
26046
30444
31075
30794
31537
32192
30847
29638
30411
26182
30697
26875
30897
32133
32290
31911
28760
29904
29127
33955
27897
27558
30579
30114
27712
30309
29680
30418
33054
25586
31299
30812
27838
26993
29741
30278
29583
26827
31414
26833
28154
25718
29619
28966
32152
34002
28080
30021
28093
29608
31543
28457
29363
30169
27882
28254
25448
30749
30653
29236
28158
30324
29854
30979
29575
30408
27213
30340
33562
36142
29845
31785
30750
25680
30092
31331
27426
29266
26575
28083
32372
29388
31349
29609
27173
31236
29092
28251
31419
26182
28260
31528
31133
28406
27999
26893
31914
29367
27938
29675
28654
30376
31462
27432
26108
30847
30582
28009
30615
35143
32146
27896
30265
28667
27404
26720
26816
27661
31254
