39843
39265
39541
38551
39181
39251
37049
40097
39866
36388
36418
36290
37513
35671
37695
37738
39231
36829
37287
38291
37358
37265
38249
37239
37891
37368
40631
37327
37081
41174
37853
37828
36765
36914
36695
39244
38710
40952
36445
37821
40206
37341
38792
39790
39364
39288
39885
39453
38486
36533
40100
40290
37073
38746
39425
36696
37848
38835
37550
39374
38678
36001
39749
38322
40619
39522
37190
37896
36638
37213
39543
38099
39024
37895
37639
36794
39074
40100
36224
38844
39047
37226
39399
37780
39538
37291
39533
40725
39557
36836
39280
39574
38093
36823
37034
36748
38078
36912
37266
38501
39735
35916
41043
38198
39202
37237
42076
38868
38872
38268
35420
36777
39487
37220
36027
38545
39024
38851
35940
39262
37483
34903
37273
37596
38230
39240
39642
41840
37638
36691
39090
39345
37488
36362
38780
37059
40691
37198
36619
36973
40760
35763
37782
37038
42071
39125
36950
37847
36804
40218
43314
37117
39408
40197
39549
38871
36534
37030
39988
39098
38466
41332
42008
36543
37432
38201
37714
36416
36592
37305
38599
36190
40241
37887
37373
37994
37778
41862
37462
44564
38948
40128
40478
37427
38543
37110
40310
40138
41261
37000
40006
39565
37209
36356
38674
38643
36947
40187
38007
36753
39570
36685
38243
37210
39301
35612
38471
35304
36835
37560
36934
37759
36490
37282
37688
35014
39607
39716
37850
36472
37025
37604
36037
36453
39152
35529
38040
37702
38398
35655
35646
34574
37129
35529
37907
37597
39608
37914
38720
38193
36565
39613
35898
35151
38619
37809
35349
36168
38828
37263
