60534
44095
46844
43167
53899
48040
46254
46527
43818
50867
48159
47667
42216
53070
47692
46498
49131
48904
43541
48296
46998
54104
45000
46956
44140
49351
45808
49466
44595
46572
46988
42861
45519
49947
46306
44455
45393
46508
46333
44883
44857
46775
46968
46036
51115
51368
46443
46399
49455
46723
49444
47879
47109
45892
44908
46718
41387
48835
48733
47406
47170
41499
45128
46374
43763
46271
44374
42716
45538
51828
48479
47192
45950
46785
51871
49930
43116
47655
47410
47590
46758
45370
45761
45145
45135
51130
47406
45630
62629
48124
53335
54239
43467
48786
46318
50947
47107
53821
49856
50776
53797
46836
47999
47470
46751
49798
48084
44004
44276
48003
46111
46794
47146
46196
46087
44757
45309
49723
47847
45500
46908
51510
44778
44668
48603
51509
47462
45633
47080
49325
51125
47092
44876
49188
42398
43606
44921
49874
48391
47401
46013
46297
50697
44457
48114
65812
46082
48397
47189
44281
48114
45259
44487
46349
46132
46650
48415
45766
47163
47202
49302
47884
49324
46741
49034
48738
47456
47428
49782
45555
46572
48335
49929
50128
49699
61205
51447
50097
46629
44166
45060
44842
46235
46778
46149
46714
46848
48514
46029
42282
49459
49236
47969
47180
47723
47521
49570
44549
43828
49768
51300
43728
47721
47322
43100
47893
53249
48988
47818
45604
47220
47350
44431
45611
52041
46239
45113
42797
43322
45635
42742
49388
45408
47736
46554
43135
49605
46646
47091
47723
43160
51042
47086
46280
48695
50066
45833
45688
43840
52380
45874
46174
44126
49862
48360
46311
52026
48871
47422
46257
