57604
45164
46773
43977
49392
43916
46374
45445
49287
43949
43666
47521
49110
48470
47646
47472
46137
50960
44265
49391
53610
46070
42949
43289
43357
46391
44919
44476
46025
43533
44294
50557
47396
41958
45422
43826
44025
44653
45913
43739
48349
45911
45514
43005
42567
45823
46065
45169
46663
45423
47183
44365
43336
44385
47018
45878
46016
43030
48970
41548
46510
48345
49893
45979
47764
44671
50449
46610
46494
46500
41782
47036
43294
42689
43728
45739
46289
44531
45833
44672
46419
45994
43151
47537
42068
45333
46803
48965
46000
44991
47117
46026
48808
47672
42497
47743
47667
52442
50537
46589
50154
53634
45456
46088
50502
48341
44919
45864
44106
49358
46863
43710
48610
47304
46770
46314
46636
47957
46741
62767
48187
49464
57893
43356
45710
51702
46660
53566
50205
45418
42062
45187
49681
44513
45123
45021
45879
44416
47022
47635
50847
50061
45370
45655
41740
47505
47641
49018
46064
42560
46827
43012
45810
45118
46108
46924
45906
45142
47658
46984
49122
46169
50070
44849
43152
47712
50124
47942
44614
48052
46939
42856
47112
46374
58024
44148
47270
46029
48874
46714
44473
47685
47623
43666
43887
46702
47127
47389
47644
49902
47020
45203
43138
47747
44945
42376
47576
48774
50494
48135
48268
49869
46468
46184
46145
46330
48304
45826
42327
44801
47603
45299
48350
47852
45191
43475
43244
42521
47161
45687
49741
43766
46841
44376
43582
42375
45982
46136
47766
46573
50536
42776
47936
42603
41823
50245
45623
46626
45452
46777
44649
42548
46075
45486
46081
45544
51063
48719
45761
46535
