612664
603353
604247
604277
602922
602904
602450
603437
603894
603043
602215
602663
602341
601471
604013
604657
602417
602248
601792
602237
603085
603429
605202
602741
603061
603690
603157
603549
602777
602197
603293
603592
601722
603209
603735
601988
602676
605938
603761
602421
602496
602333
602365
602637
602503
602209
602865
602846
602683
604364
601686
603213
602992
602086
602743
603312
603097
604810
602534
603037
604003
602485
602896
603361
602533
606192
605756
603355
602659
602865
604015
603327
602983
603429
603489
602911
602142
602948
603349
602607
604111
603303
601929
603541
602991
602079
601924
602611
601769
603201
603143
602586
603572
604309
603679
602157
602143
603615
605009
603336
604740
602463
603478
603930
601937
602579
602375
602387
602682
604854
603533
603030
603605
605242
603208
602663
604034
603114
603511
603362
601941
602189
603042
603131
602859
603827
606080
604017
602099
602444
603567
605612
602713
603937
604187
602916
601859
602358
602490
602734
603744
602243
603751
602799
603076
601546
602693
602155
602920
602336
603525
602890
603687
602904
602903
603532
603820
602667
604267
602115
602920
603788
603846
602009
604298
602244
603296
602408
603714
603837
603041
602078
605165
602090
603739
603309
603253
603318
602656
603568
603370
603028
603018
602121
603423
603197
605597
602763
602789
605088
601789
604635
601780
601775
604637
602797
602576
602863
602115
601811
605260
602866
604142
603590
603057
602509
602474
602820
603718
603866
604395
602815
603751
603201
606949
603188
603459
602507
602704
602511
602359
602277
602638
602834
602464
603140
602792
602664
602962
603454
602762
601903
603262
603780
603340
602923
604331
602981
602555
603237
602507
603039
603194
603604
602382
603390
604134
604845
602144
604237
