226092
215698
216179
215553
215982
217153
218185
217308
217255
217647
217039
215338
215885
215552
217312
215469
217844
217070
216287
217955
216649
215907
215659
216041
216340
217164
216691
216356
216864
215335
217039
218168
216203
215380
216253
217221
216418
216155
215541
216186
216786
216602
217319
215871
215649
215811
216328
215504
217709
215766
216593
217449
216753
216701
215815
216120
215812
215536
216222
217082
217745
220869
216177
217183
216740
217261
215545
216728
216414
215725
215853
215313
216354
216753
216108
216294
216108
216150
216446
217151
215300
216204
216472
217461
215994
216451
217279
215864
216265
216856
215412
216307
215808
216832
216662
216393
216254
216862
215880
216229
216611
216044
216143
216947
218031
216534
215648
216147
215257
215596
215893
216518
217444
217193
215890
216891
215887
215970
216399
216524
215712
216092
216110
215567
216437
215757
216656
216939
216678
216809
215819
216675
216088
216625
216821
215079
216216
216691
216681
217147
217150
217708
217175
217176
215953
216163
216196
215549
215932
216800
216854
216886
217419
215994
215405
216359
215590
216230
215621
215564
216522
217421
216090
215528
216232
215737
215383
218160
217150
216328
216486
217018
215221
216522
215215
215460
221306
216736
216069
216961
216193
217604
216060
216741
215766
216230
215651
215235
216805
216300
217166
216621
216826
215607
216146
216949
215296
215714
216887
216197
216685
216638
215679
218803
217060
216895
217250
215755
216375
215485
216419
215901
216381
215692
216894
216131
216078
215845
216382
216279
217260
217172
216047
217896
217279
216288
215561
216001
215519
216932
216229
217149
218758
217700
217445
216040
216265
217090
215904
216261
216873
215684
215578
216260
215900
215993
215543
216323
216641
217266
