569368
560718
560323
560529
560428
561087
559776
561237
560488
559830
561623
561329
558898
561033
561273
560723
562394
561032
560400
560827
560745
561406
561498
560471
562073
561619
562013
560430
559989
559220
561458
560252
560943
559552
560416
560698
563419
559810
560545
560720
563961
559683
560435
560346
560945
564461
560427
559167
560742
560406
560985
560405
560669
560348
562694
562164
559989
559849
560879
559843
561226
562560
561226
560185
560661
559877
561423
560547
559493
561883
560002
560021
559857
561761
560222
559340
559546
560067
560545
559661
559719
560864
559774
560667
559859
558478
559739
559563
560919
561388
560287
560864
560272
561526
560542
561077
560846
561479
560045
560195
562814
560514
560579
560706
559994
559510
561044
561633
563425
559698
559455
560996
560520
562178
560592
560625
561806
561629
560596
559885
560686
561106
562263
560067
560960
562394
559929
560967
559283
560287
561035
560524
559330
558379
561848
560504
561988
561359
561174
560469
562322
560198
559634
560634
561293
559381
560266
566113
562090
561329
560981
560624
560409
560720
559823
560006
561061
560061
560256
560583
561157
561870
562094
561241
560237
560604
561216
559805
561970
560596
559617
560656
558720
559403
559793
562371
559864
560114
561305
561878
560951
559701
561668
560883
562993
562672
560484
561142
561852
559822
561228
560749
561637
560987
560406
560794
560897
560466
558954
560500
561912
559678
560633
561177
559854
559352
558996
559151
559216
561323
561714
560587
561184
559074
562048
560571
559719
560596
560170
562820
561014
559134
560952
559860
560309
559733
560043
559498
561199
561848
562277
561038
560845
559995
560130
562441
561095
560857
559418
560459
559987
558725
560606
560365
560574
559149
559655
560228
562253
560657
