399695
390426
391348
390351
395848
390614
395498
391455
390141
392338
390808
392568
392201
389098
393475
393658
391794
389636
389572
388845
393391
390251
391683
392050
396207
391592
393101
395493
389597
389803
391635
392114
393150
390219
389367
393252
390333
395448
392314
388259
391057
393576
392435
389466
389524
393703
390913
390467
394673
391743
391964
394359
395051
393772
394647
391166
390609
390154
392943
393332
391003
393896
393430
390846
388803
389395
391502
395026
391947
394874
394749
391088
393650
393656
392995
393419
391479
392972
393370
392734
392723
390496
394916
391009
391851
394444
392304
391280
395956
391431
391341
392822
391623
393024
390633
388530
393503
392265
391244
391950
389237
394584
394328
393473
392966
393038
394887
393029
391517
390747
391273
394546
391648
391314
395288
394675
396720
391581
394246
392747
392327
392719
392390
392982
391199
391514
390665
391637
393829
391599
392301
391271
392530
395352
391039
391657
390953
390045
394659
389077
391424
392934
393386
392277
390564
392120
390965
395719
390554
393210
392388
394894
392946
392456
394017
394336
389357
390809
392605
393627
390581
394028
392739
390136
389047
390723
393147
388637
393920
389179
391871
390472
393704
395163
395099
391189
390882
395034
390135
395509
392351
390939
394319
394241
390497
392768
392294
391883
389529
392518
395302
389520
393399
390419
394320
393982
393007
392549
390938
391191
394499
392986
393887
391622
391527
394819
392753
390146
391256
392147
394085
392760
393640
391241
392308
392755
393638
389665
388578
394911
392488
390837
395684
391183
392229
389611
393861
392227
395303
391015
389576
393270
394590
390250
394464
391577
396200
392956
391290
392046
389649
391756
392164
389129
390494
392981
391556
391929
392874
390888
