595163
586569
585814
587692
586611
584436
588052
586886
586337
587209
585550
585877
584839
584869
585930
586892
586066
586702
586888
586013
585216
586578
584062
586367
585699
587486
584863
585517
586627
582961
585232
584715
587522
585875
584537
585050
583668
586020
586410
585131
586100
583182
584804
584534
585579
587004
587314
588903
588285
587746
586288
586925
585178
585980
586424
586734
584869
585269
586136
587003
584488
585181
585282
585854
585589
584480
585697
584827
587811
587434
585868
586932
587052
585011
587443
586122
585837
585939
585443
586920
586523
586153
587849
586628
585673
585199
585352
586143
586171
587570
587003
586093
586901
586907
585470
586555
586120
586525
587032
585628
589156
583960
585174
583067
585996
585360
586321
585033
586113
586539
584997
585256
586301
586168
586676
593156
585641
582931
587280
585218
585685
585437
587586
586141
585622
586679
588527
585669
585053
586502
587412
587740
586255
588218
585508
583897
583658
586072
586510
586556
586649
587532
583622
584972
584935
586238
585658
586252
582300
588866
586340
584499
584484
586374
585234
585730
585537
586652
584835
586061
584492
584152
585447
586883
585765
585184
587192
586825
587140
586288
586197
585414
587045
587218
586089
586521
583923
585240
585825
585967
586180
585985
587095
586799
584102
586651
586376
586895
585203
586458
585995
587059
584526
586332
586527
586781
586664
585009
587247
585796
586203
586196
584883
586665
586128
586085
585599
586412
584833
586927
586370
586024
585854
587185
586112
586380
585063
587605
585823
584761
586610
585164
585681
585376
584926
585827
585127
585102
585647
585647
586961
585670
584408
585295
585642
584305
585247
585843
583806
586367
585677
586078
586458
586459
586471
586941
585512
586844
584811
586719
