553409
544943
540759
541209
541429
542213
542278
542273
542134
541936
542200
541965
544412
542303
540809
544640
542797
540774
543351
541404
543038
542831
542680
542793
543003
542237
542211
542286
542794
542526
542604
542493
542723
542983
541096
542040
542662
544236
542697
544495
543623
541073
541602
541912
541475
541712
543244
541121
541573
542674
540373
542892
541955
541863
541753
543110
541882
541896
543009
542930
540397
541758
541081
542932
543017
541469
542463
541779
542871
540941
542157
542095
544613
543128
541956
542249
543187
545693
542055
541333
542444
542205
543952
542517
542346
541542
543451
542654
541813
542158
541544
541451
542213
541988
541306
543731
544299
541866
543149
541904
542138
544673
541650
540786
551382
541794
542453
540927
543681
543633
543482
542105
541502
542320
543129
542216
541990
542790
545519
543688
542544
543369
541782
542035
543409
545137
543378
543682
542358
541765
542076
543500
542253
541341
541654
541774
541605
541205
541527
541913
541424
542874
543015
543040
542356
543067
542033
545253
541314
542844
543558
545542
542200
541588
542808
542877
542572
542109
542389
542155
541489
541958
542265
543802
541487
542587
541656
541385
544069
541670
541176
541691
542937
541928
542559
541404
542125
542678
543943
541226
541528
541096
541807
541146
543078
540884
542004
541932
542050
542991
543959
543147
540844
541886
542815
542481
542487
541908
542108
543168
543763
542043
541830
542596
543142
542648
540739
542346
542388
541581
542790
540856
542859
543178
542168
542422
542533
541575
542107
544237
542856
541639
542414
542448
541490
541412
541860
541340
541965
541026
543268
542011
541981
541538
541569
541910
543687
540668
541821
541537
542029
542618
541563
541849
542514
542617
544020
542894
543552
541796
