536525
530476
532767
530364
529687
529477
528777
528158
531813
526763
529686
530853
530132
529357
529361
528789
529092
528332
532125
528392
530057
533506
529456
527304
529752
527292
529461
530937
529195
530962
531257
531256
530239
530185
529336
530182
526286
529177
530185
529409
530294
529035
531233
529157
530012
529926
531133
530724
529088
530765
529941
529755
529051
529893
527982
531058
528976
529589
528703
529050
528882
528991
528972
530707
530378
527895
529108
528739
531238
529468
530764
528631
531261
531083
528987
529728
527825
528797
529616
529336
528977
530605
530949
528729
528243
528870
529523
530579
530718
530267
531080
527106
529733
529153
531430
531177
528341
529936
530113
531710
528957
529705
527708
529356
531182
531737
528946
529133
532057
528518
531104
529036
533892
528612
530032
529013
529272
529100
530330
530320
529856
530716
528411
530906
528298
529514
527983
529050
529562
530483
530039
528244
529386
528025
530042
529431
529021
529861
530797
531577
530440
528675
527920
531713
531049
528901
528967
529199
532106
530135
530935
528768
529335
529807
532586
530768
528493
531499
529356
528435
529532
531244
528154
530691
531312
530476
528601
532372
528538
529487
530316
531891
531227
531254
530799
529006
529421
531556
529794
525760
528991
528964
532575
528250
530842
531144
532095
529772
528136
528380
529884
529760
530359
530211
531288
527432
529912
529330
532636
530726
529609
529699
528955
530210
530914
530381
530230
529824
531358
531198
532122
536056
529179
528732
531456
530851
529418
529109
530952
528219
530308
529064
530955
529416
529538
529272
530161
529042
529088
530179
530443
530484
528606
530047
531254
526910
531227
527970
527804
529492
530346
530489
531131
529823
529581
530596
531235
531083
530115
530062
