520432
515664
519920
512783
516971
518651
519015
508396
522668
515211
520991
507763
522752
520230
518138
516640
516579
515554
519972
515885
516564
519767
521791
518831
515222
519171
512104
512496
521141
518696
510003
517746
515926
515057
513611
521467
515468
517181
510904
519908
513461
510542
514080
518887
516830
515030
517871
515661
512361
520320
510750
513511
519695
519002
518037
517912
513634
518270
514886
516773
521872
514681
515506
517172
510836
511517
513653
519395
518092
518977
505031
512952
513357
515174
519225
510205
515101
519440
515755
519141
517279
509990
518488
516722
515852
515195
511383
523616
513836
518188
514855
516200
517275
519451
512895
516655
520253
513885
513783
521408
510794
517127
512992
519841
515554
517047
509469
514627
521994
502594
521844
517311
515460
518870
516565
516442
516585
518754
518440
519538
519715
512461
519271
520229
515818
516325
517016
518438
514053
514436
516009
519792
513129
511166
515631
515037
511543
518474
514685
515399
511984
519197
520326
518927
518609
518490
517322
523552
520852
520948
518561
513764
510965
508968
518679
517249
516268
520002
516928
520016
514370
519935
515275
519580
520229
519430
522430
510470
518513
523670
520717
514369
514844
518503
517337
520318
508309
510703
518734
517888
520808
518689
508910
507705
517331
511205
512934
515786
519207
519529
515907
516982
514276
518732
515901
519654
516537
516248
514694
513269
516454
514970
508771
521007
517227
517627
518282
514340
523717
520801
511877
514216
520218
517762
507805
515296
512248
511181
516813
516207
514277
512560
519563
516938
520245
523719
514922
513126
514117
521757
516297
512437
516446
518844
512778
520183
510718
518033
513833
511731
517087
512618
518790
523222
517157
512694
521767
520452
518208
517413
