609933
598857
598851
598886
600889
599563
601449
598435
600268
602202
600839
600543
600236
601508
599904
600192
599546
600367
598899
599733
600551
601647
599893
600196
600070
599061
598997
599933
600024
603011
598845
600185
599572
599123
597673
598886
599935
598846
600673
599992
601194
598322
599357
599426
599763
599753
599412
599360
601009
599355
599718
599379
599557
599869
599495
599168
598648
614100
600399
599825
600107
599736
598689
601228
599451
599290
599825
601900
598603
600474
599481
602610
599931
599265
599853
598693
599555
600450
599976
598676
599756
598938
598940
599840
598974
598504
598704
600416
602134
600045
601612
599163
599727
599810
600081
599344
599043
601416
599418
599079
598294
599687
600660
599433
597368
599144
598203
600345
600359
600766
599087
600271
599463
598871
600445
600173
599104
601041
600170
599343
598571
600053
598657
599586
599757
599447
599600
600922
598989
601985
598579
600574
599826
599894
598900
599999
599769
599778
599660
599632
601348
599293
600526
600048
599565
599434
599565
598981
598828
599979
601181
599030
598610
599731
599832
599547
598943
601324
599826
599648
598646
600546
599644
601250
600013
599641
600068
600460
599892
601920
599035
599388
599205
600585
599869
599865
598930
601240
599098
599363
598219
598625
600314
600114
600507
600402
601032
599116
598936
598615
599145
599396
599528
599020
599240
600562
598326
604053
599339
599955
601668
598495
598852
599659
602711
600261
602409
599278
599734
599876
601508
600492
600206
599538
599595
599832
599759
599753
600574
599929
599842
599612
598469
601017
599388
601057
598992
601958
599180
600813
600078
599880
599735
600462
601180
600575
599131
601811
598712
599592
600903
600416
599461
600906
600271
599121
598425
601048
599670
600307
