210158
202022
200870
201071
201058
200856
202159
201525
200946
200472
201856
201775
202206
201536
201088
200420
200717
200682
200503
201659
201534
201678
202563
201838
202610
201885
201773
201346
200208
201210
200510
200956
202163
200796
199963
202459
200554
201493
201270
202680
201945
201160
204788
201398
201352
202005
200883
201534
202807
201123
204007
203724
200682
202592
201609
200801
203704
201709
201883
201678
203497
201800
201883
201114
200962
201341
200778
201443
201237
200250
200573
200916
202690
200654
203025
201144
200502
202741
203265
201388
201449
200984
201650
200415
201763
200717
201152
201193
201261
202602
201383
202628
201029
202234
201651
206064
201595
201682
202732
200604
201599
200268
201810
200238
200321
201097
201736
200825
200418
201133
202268
201057
201485
201005
201475
201440
200655
201583
200779
200307
200365
201889
200873
202141
202758
202092
201963
202341
202388
202646
201262
201435
202703
200745
202234
201216
201588
201013
201031
200519
200418
201258
202416
200833
203053
200848
202299
201311
201200
201800
201602
201520
203180
203149
203237
201227
200980
201108
201489
200978
200524
200661
200685
201440
201118
202477
202447
203635
201883
202453
200532
201760
201934
201707
201518
200156
201459
200837
200226
200943
200639
201228
202820
201903
201358
201927
200560
202307
201669
200878
200494
202095
201629
200856
201042
201271
200919
202018
201159
201975
202212
201474
200659
202144
202897
201845
202044
200738
201605
201937
203830
202104
200637
200915
201741
201766
200194
201073
202152
201356
202296
201177
201646
201977
200911
202101
201770
200191
201865
200411
201003
200918
200812
200910
201650
201181
201584
200581
204739
201561
204912
201868
201722
202514
202589
200929
202368
204796
200866
201653
