562171
551371
551553
552293
551482
551154
549626
550763
550358
551526
550436
549505
552109
551925
552926
551453
551861
551465
553107
550559
550697
551560
551610
550579
553223
550420
550251
552947
549372
551227
551423
550717
550325
550016
550413
551941
551473
551118
551048
551568
552966
552401
551180
550208
551496
551913
551629
550385
548936
551022
551948
550348
552382
549770
552725
550843
549594
551775
550473
550412
551867
550993
549716
552162
550253
551851
550604
549730
550704
550473
550588
550238
556149
550919
550728
550891
550284
552546
550646
552934
551628
550778
551612
551576
550402
551547
550319
551295
549501
550567
550962
551788
551114
551689
551393
550933
550699
552894
550717
549932
552247
551403
550277
552278
550361
551053
553701
550123
551799
550451
553508
551913
550602
550851
551789
550313
550882
552336
552257
553924
550695
550129
551269
551116
551418
552108
548546
554939
552462
550173
549811
550193
550113
551007
549978
552654
551793
552019
551975
551169
549719
549705
552299
549951
549903
552467
550196
550737
551170
549994
550608
550690
550643
550159
551543
551487
551702
550410
550317
551263
550650
550473
552215
550130
550424
552519
549841
549997
550064
552342
551666
551877
551054
549739
550327
550736
551938
550097
551401
551679
552445
550390
550419
550511
552246
552120
549879
549836
550408
552348
549563
550448
552116
550260
552537
550311
551070
551092
550883
549946
551302
550163
550688
550417
551155
550147
550710
566307
550118
552271
550246
550784
551175
550122
551494
551502
551243
550542
551174
551342
551741
549486
551480
550687
551054
549888
550993
551402
550470
552195
550480
550498
550457
551572
549670
550858
551069
551102
550377
550293
549853
551253
550547
551073
550577
549990
550566
551530
550064
551491
