423024
414000
408549
412910
412558
414818
411738
410839
412896
409080
411576
409968
414202
410628
407574
411774
404264
410913
410060
415144
403533
404010
410699
405773
412368
408992
405632
407559
412992
412792
406723
417081
409114
412501
409693
410763
409854
413028
412809
408358
412531
413516
411638
413414
410179
412249
408577
412550
410952
415521
406285
411137
412942
410666
411738
414479
415791
408405
402548
407121
411345
409837
411127
414274
405365
414674
412614
411672
409765
408568
408314
411332
410515
403653
413868
407676
406833
405329
412448
408083
408019
407433
409588
409077
412644
407172
404310
407491
407719
410078
403868
404140
410840
410811
412100
413920
409036
407450
409320
413105
404750
407194
406608
404488
407851
405220
404140
411930
407875
408164
415405
412935
409998
410115
408796
415708
413940
415224
410995
408506
414383
409189
408659
412088
406873
411083
411713
408056
409644
412783
411893
410822
408688
406289
410632
412246
410343
414697
413499
413856
412903
412878
411382
411006
413429
410964
411824
410885
412229
409639
411715
409312
409176
407406
410278
412363
406839
415061
408936
411721
406597
402886
413688
406628
413108
409829
412510
413604
413504
408419
412459
411711
412534
410009
411296
408374
409299
413574
410413
411786
411471
411897
409977
410137
409848
411819
414049
407977
413735
404882
406550
411223
413355
410756
408647
406074
412471
408441
409865
407400
408024
411265
411301
409985
410465
409513
412736
413152
415350
411485
416039
412910
409045
409701
408266
412445
406245
411613
414607
414318
411162
413234
413035
411923
403756
408971
413558
410903
413626
411506
409741
412615
412572
411624
410296
413224
408665
414427
411172
412929
408636
414031
414942
411247
412331
412314
407470
412307
412405
412000
