231066
219934
220322
220321
222579
220694
213145
220488
220874
221683
220119
221372
221511
220702
221487
220722
222405
221110
218884
220030
218194
220191
220959
221111
220551
220678
220908
221195
221106
221027
220905
220286
220189
221037
221291
222208
225629
221162
221915
220891
221726
225530
220061
222345
214577
220731
220476
220601
219976
220834
217944
221089
220305
221643
220680
220977
220891
220800
222073
219341
221229
214838
221804
220083
221114
219592
220957
224203
220779
222233
220139
220013
234418
221453
221025
219338
221982
221338
220698
220538
221155
221515
224259
230572
225330
224513
222626
220381
222200
222148
221796
220303
220771
221077
219430
221988
220822
220908
218644
220024
223478
221064
219850
220727
220589
221532
223052
216624
221275
221886
220821
220923
221362
221197
221071
222043
223062
220583
221709
221795
220372
221826
220728
220877
220868
221817
221176
221912
221021
221583
223676
221181
220710
221782
221397
219997
220296
220740
221759
221221
216367
222567
220904
221863
221859
222091
218356
220318
221069
219803
221232
220570
221992
220662
215385
221005
223688
221331
221246
225000
221569
221969
219654
220946
220393
218542
219014
220463
221775
220588
221665
219752
221089
220479
221995
220455
220067
221226
220392
219908
221353
221159
220854
221403
218531
223904
221284
221674
222509
219919
220065
221108
217763
221094
222106
221110
220575
220114
220295
211977
220985
221616
220414
220942
221186
220552
220803
220755
221276
220897
218740
220447
221518
217242
220859
221235
220478
221417
220908
220316
222624
219914
221397
220234
220851
220331
216711
221747
222465
219241
221211
219724
220743
220398
220867
220058
220145
224543
220120
221205
220233
219982
219201
221222
222080
221808
220980
222220
224466
221594
