212070
201367
200063
201550
200865
202126
201226
200870
203510
201562
202588
201388
200475
201979
202941
202534
203521
202297
203113
202844
203471
201813
201538
200922
201023
201405
201960
200263
201801
202565
201224
200956
202057
201149
201668
200834
203392
200861
202390
200927
201653
202298
201107
202950
200691
201773
200914
201135
201002
201997
201083
201332
201862
200548
201152
201517
201350
202000
201284
203060
200749
200582
201436
200972
201563
201303
201263
200662
201257
200909
200895
200703
202585
200899
200633
202687
201271
200941
200224
200390
200588
201042
201687
202627
201940
200609
204672
201551
201154
201323
200515
200890
201172
201416
201536
200661
201664
201220
202516
201874
203134
200735
201058
200460
200689
199933
200348
201687
205651
200109
201642
201294
202083
201793
201782
202006
201209
203096
203464
202545
200608
202139
202579
203631
200806
201494
200931
201179
201420
201205
200426
201159
201481
201411
200279
200752
203278
201653
202624
201672
202601
201961
201304
200439
200514
200560
200805
200473
201599
202073
201427
200650
201579
202587
201809
202105
201812
201738
201241
201975
201342
200575
201189
201796
202906
200908
200214
201723
201260
202937
201181
201485
201820
201471
201965
201649
201175
202267
201930
201081
201820
204072
200820
201877
201791
200759
201901
201560
201764
202564
200348
201017
200670
200036
200607
201319
202358
200610
200591
203049
204131
200750
200837
202281
200419
200717
201021
200132
201137
201455
201170
201824
200429
200618
202206
201611
201323
200890
201164
200511
201668
201522
200652
201109
203617
200862
202254
200732
200331
200841
202021
200231
201010
200581
201729
200956
201495
202191
201824
202452
200704
203381
200896
200312
201695
202055
201397
200774
201547
201241
