210703
201875
201938
200843
200693
202468
201858
201439
200947
201034
205946
202266
201170
200758
200610
200943
200437
200501
203487
201398
201247
200502
200867
202295
201040
201422
201766
201527
200998
201943
199867
200448
200381
200730
203017
201090
201104
200788
200741
202530
201569
201660
201751
202064
200889
201377
200804
201725
200850
201237
202118
201111
201246
201761
200571
202474
201647
201932
202069
201046
202519
201448
201200
202790
202298
202277
200466
200770
200701
200831
201024
200150
200519
201626
200613
200881
200950
201802
201303
200734
200474
200542
201740
202309
202108
203927
200582
200881
201506
200910
201352
202585
200470
202252
200598
200696
200258
200699
201605
200659
202569
201134
202304
201469
200510
200399
202579
201751
201975
201246
200108
201299
202121
199888
201017
200718
202018
201336
200925
200929
201597
201232
210158
201132
201479
202263
201205
202606
201127
202530
201606
202543
201535
201878
201145
201645
201030
201303
201335
201815
200222
200885
201271
202547
201523
201893
200791
200812
202085
201715
203857
201099
201028
200152
200978
200832
200480
201156
202475
201005
201058
201545
201201
200415
202107
201812
201856
201857
203060
201242
200990
201589
201292
201006
201408
200410
201822
200171
200899
201757
201513
201296
200812
202215
201453
200674
199874
201613
201369
202083
200145
201217
202824
201765
201278
200888
200856
201122
203689
201372
201885
201761
200162
200663
201472
201172
201949
200906
200772
203229
200928
202546
202121
201108
201493
201928
201804
200931
201184
201621
201394
200220
201069
202127
202608
201596
202085
202633
201893
202975
201877
201036
201856
200787
201366
201143
201034
200565
201727
200465
201885
200134
203161
201804
201542
200837
200707
201309
204028
201327
