594624
587472
587434
585542
587558
585620
585769
585849
587740
586021
588330
586108
585355
586209
587642
585552
586882
587035
586302
585900
586867
587138
586541
587442
586533
587082
587358
586779
585925
587351
586145
586289
587984
586463
589567
586693
586283
587216
585984
585618
586399
586395
587167
586872
585874
586946
585771
585540
587335
585865
587085
586849
586730
587441
586843
586301
588029
587004
586037
586952
586164
586636
586084
586132
586881
587954
585377
586062
585896
586748
586395
585948
587131
598042
587390
588094
586231
588315
586364
586358
587255
588362
586347
587253
585884
585624
586323
587305
587885
586046
586908
586977
586720
586542
587483
585824
585524
585180
586964
585421
586898
585572
587122
586459
587152
586965
586070
587459
588011
587075
586273
586710
586035
587825
587783
585757
588757
587842
586271
585746
585908
586879
586220
585957
586306
586092
586403
586865
586270
587264
587128
587482
586988
587283
586251
585836
586645
586033
585886
587592
583821
586169
585816
587577
586447
586995
587611
587502
586119
589056
590029
586441
586956
586663
587089
585768
586027
586824
586413
588002
585877
586762
585825
588339
585813
585162
586547
587125
588267
587507
589762
588433
586673
585515
587051
584650
586436
587210
587616
587339
586571
586841
587624
587983
586911
586639
589700
586791
585919
584389
586450
587018
587766
587086
585893
586147
587371
585128
585908
586078
586948
588005
587623
587359
586336
585392
586525
587814
587188
586391
587702
586170
586180
584661
585464
586630
586130
587242
587990
587047
586002
586548
587685
586093
587769
586757
586794
585761
586295
585681
586011
586951
587725
585983
588398
586897
586539
586726
586871
585755
585143
584467
587584
586834
585756
587829
587358
586421
584148
586744
