211503
204931
200811
201898
200631
200438
200783
200886
200815
200709
202527
202953
200976
203232
201409
202382
200589
209823
201390
200262
200234
202598
201015
201886
202505
203764
200561
200332
201527
201693
201676
202101
201197
200695
204079
200556
203609
204895
201976
206097
201585
201341
201965
202447
201414
202740
201268
202542
202234
203009
201968
202282
202662
201262
202162
202030
200481
200592
202188
201176
201010
201815
201325
200642
201321
201376
200647
200735
202307
202604
202422
201831
203218
201696
201615
200962
201394
201617
201862
202312
201288
200466
202402
200575
201810
201559
201538
201956
200792
200359
201247
201255
201046
200718
201024
200985
200886
201484
200853
201713
200895
200652
201088
200906
202320
200735
201159
201432
201112
200242
200584
201971
201707
201403
201286
201047
201841
200740
201871
200576
201144
201294
200710
201335
201226
201488
200663
200827
201757
201599
200781
200846
200515
201076
200301
200539
202060
201742
202939
201555
203671
202305
202025
202873
201094
201069
202002
202798
203023
201110
201345
201854
201581
203095
201582
202729
200842
201808
201715
200843
200441
201324
200709
200626
201708
201711
201856
203352
201399
201263
201915
202357
201475
200504
201279
200369
201074
200944
200523
200560
201468
201040
201315
201672
200701
202329
201215
200725
202203
200654
201039
201323
201820
200399
200411
201758
202835
201882
200616
200605
202902
201014
203028
201475
200521
200390
201026
202806
200899
201610
201082
200829
200714
200940
200999
201780
201304
204983
200916
200618
200475
201587
201937
201384
201454
202024
202728
200953
201079
202679
201774
203754
200593
200924
201919
201353
200642
200704
200690
200362
201104
202756
201266
201997
200927
200957
201963
201918
201092
201517
