541955
530135
528636
530613
530482
530180
530653
532311
531419
530156
530393
529877
529809
529890
530272
529856
530900
529570
530101
529388
529519
531391
529263
529698
531271
529356
528634
530654
529875
530239
530436
531199
531193
532407
532221
530412
530412
530416
528571
530336
529647
531457
530586
533139
532080
530783
530338
532062
530441
529183
530508
531322
530714
531070
528972
528987
530838
530778
531180
530391
531158
531264
530606
530272
531149
530937
530876
533344
532357
530373
530081
530002
529320
528680
532354
530160
529440
529924
529248
530326
529892
531622
530423
531708
528988
532454
529573
531737
530005
529570
531012
532195
529095
530628
529659
530745
529617
530111
530542
530219
530957
532458
532564
531945
531285
531228
530062
530120
530103
530239
530942
531300
529575
534307
532049
532345
531116
529242
530815
529901
532613
527869
527770
531463
532213
531065
531010
530808
529561
531139
531144
529541
531223
531525
532013
529219
532942
532926
529826
531978
529390
531246
530392
530574
530692
531382
531962
530801
530569
531341
530099
530670
530214
530844
532169
529092
530222
531219
530066
531818
530141
529703
530272
530257
530679
529096
529765
530763
531091
530224
530180
530318
530335
530885
531293
533841
530013
532020
531007
533019
532068
530400
531265
532709
531368
533009
531227
534410
533146
532206
532907
530177
529210
529715
530251
529380
535061
532510
531367
529879
531883
531207
530871
530350
530343
531341
529719
530144
530356
529893
530267
531762
529354
533176
533461
529900
528226
530901
530682
529277
531435
529021
529741
530001
530359
530082
530071
531199
533120
529647
526869
528471
529055
529878
530662
532098
529859
529176
529392
530471
529609
531239
530136
529564
530782
529847
530212
533297
532647
530416
