558371
550181
548435
548562
549160
548143
549163
547692
550190
550324
549754
547362
548087
549391
548344
548404
547219
548920
547804
548537
549213
547952
547885
546483
548801
552686
548392
546320
548332
547835
548804
547389
549056
547801
548960
548224
547953
551349
548104
549262
549239
549455
547385
547391
549867
548241
548771
548878
548824
548345
547559
551303
549106
547981
548073
547549
549695
547987
549643
549239
548299
549016
547231
548234
547895
549960
548403
548915
547638
548153
547569
549203
549098
548418
547628
548480
546333
548854
551194
549128
547961
548176
550104
548351
549342
547782
548064
550461
547804
548087
548238
548109
548418
547207
548410
549171
548358
547744
550221
548566
548387
548832
549227
548325
548659
547589
548012
549558
548622
549155
549465
547895
549602
548487
546780
547789
548805
548753
549328
547371
546781
547897
548325
549579
549743
546795
550188
547558
548617
548152
547920
550105
546726
547917
548518
548259
548986
557576
547996
548682
547532
548280
548855
548152
548813
548395
548358
549663
549988
548521
548077
547363
547948
547479
547123
547969
550576
548281
549216
549871
549251
549068
548213
547045
547246
547949
550448
548602
547897
547638
548550
548771
549609
549192
547995
547424
548633
548443
555341
550932
548020
548335
550074
547565
549430
549504
548404
548732
549117
547901
546891
548981
548284
547488
549382
548945
547799
547924
548553
548260
546606
550109
548896
548548
548884
549096
548188
547891
548696
549375
549475
547442
549544
547887
548700
548601
548724
547713
550349
548501
547575
547952
547742
546981
547370
547610
548170
549641
551184
546943
547936
553089
549591
546463
550259
548597
548369
547178
548217
547122
548763
547585
549233
548453
548621
548452
547392
547473
548674
549795
