550278
541018
539998
541084
540880
539692
542196
541150
540896
540855
541305
540826
540912
540906
540855
542375
539848
539972
544708
541115
539505
542014
540950
542539
541129
542916
542354
540908
540800
539191
539482
542576
541756
540927
541155
542003
543179
542686
540170
541238
542098
543786
540093
539789
541865
540544
540225
542253
540577
541448
541867
542591
541058
539864
543274
540479
540511
541211
541867
542045
540683
541167
541447
541381
540035
542097
541007
540961
540258
542748
541416
540855
540644
540708
541378
541187
540742
542174
539560
540107
541475
541069
541102
540976
542954
541628
540780
541190
541510
539912
541489
542587
542412
539630
542048
540345
540796
541015
539648
540899
542615
541949
539784
541735
539973
540993
541870
540317
543032
540713
541628
541420
541198
542095
541988
541014
540928
541375
539863
539780
541446
541172
542704
539689
542257
540729
540863
541164
541326
541322
540819
539708
541326
542114
541514
540614
542472
542491
540485
539540
541350
541751
540701
541671
541458
542003
540973
542048
542806
542528
542737
541783
540670
540301
541456
540906
543310
541724
540884
539748
542312
538853
542096
542030
540580
540689
539933
540962
541201
541216
541255
542098
541614
541648
540515
542017
542177
540866
540037
541111
542823
541425
542018
542803
541482
542351
540126
541329
542381
545658
542304
540522
542127
541186
540132
541184
541966
542229
540268
541557
544127
541341
542414
540599
541839
541333
541907
539655
542468
542131
540374
542565
539903
540359
541996
541721
540293
540445
542528
541809
540053
540362
541896
540687
540817
541452
540270
539950
540206
540927
540268
541325
539995
539969
540880
540642
542415
539595
543915
540124
540793
541794
542093
541588
540888
543383
544723
540681
542688
541699
