211956
202399
201823
201570
202171
202319
202167
201976
204158
202223
202358
202080
202326
201833
202658
202922
201415
202758
202959
202165
202179
202088
201748
202694
203254
202027
201898
202976
202788
202621
202307
202621
201196
203068
202006
203146
201670
201692
202539
201886
202637
201673
202025
203093
203794
202888
203479
203722
203279
202496
202665
202179
202908
202411
201965
202005
202967
203260
201763
202100
202112
201897
202444
202681
201501
201755
201709
201429
203455
203324
201656
201559
202950
202929
202085
202052
201681
201806
203975
201418
202790
201550
202909
202438
202101
203208
203014
201593
202253
202137
202816
201571
202877
201840
203132
201757
202027
203194
202203
203364
201872
201998
202830
202463
202455
201900
202856
201677
202982
202383
202791
201788
202613
201893
202961
202273
202721
202402
202795
203084
202653
202536
202112
201792
202393
202643
202398
201985
203084
201584
202922
202229
202896
201931
202566
201542
203278
201497
203268
202643
202116
201345
202547
202674
201936
202425
202329
201552
202257
202051
202734
201921
203099
203839
202511
201835
202869
201659
202686
203991
201427
201401
201951
201862
202539
202610
202543
201670
202034
202572
203130
201682
202238
202473
202632
201738
202662
201815
203637
201445
204024
202440
202166
202049
201799
202357
202156
202575
201988
202119
202781
202159
202560
202293
202750
202697
202060
202521
201716
201928
202863
202171
202405
202410
202021
201800
203916
202334
202192
201866
202282
203204
203316
203464
202684
202391
202344
202217
202102
201157
203495
201201
201507
201897
201759
202976
201887
201444
202779
202187
202917
202571
203193
201821
202725
201897
202240
203008
201544
201695
202777
201905
203694
201726
202146
202794
202054
201679
202221
201858
