567161
558651
555741
557825
557200
557787
555721
557478
557849
556577
557410
558633
556846
558517
556802
558667
557753
556702
556742
555887
558071
557058
556981
556261
555709
557750
557845
559187
556892
557716
557126
556742
557493
557288
556798
557875
558603
557544
557937
556733
557114
557075
557760
557551
557434
558417
556983
558051
557080
559403
557557
557492
557894
556609
557729
556738
557321
558129
557444
556320
558059
557209
557319
556599
556350
557373
556995
557271
557536
558071
558986
558548
556832
558435
557368
556568
556427
557695
557077
559070
557006
558988
555986
556464
556510
557673
558617
559364
558559
556574
555455
556966
556866
556720
557652
556852
558464
557339
556801
557616
557609
556760
556705
557515
556511
558406
556402
557596
557185
556576
557051
558141
557274
558060
557399
558619
556392
556753
556585
556881
556452
556941
557423
557363
558198
556834
558137
557750
556468
556299
556346
557384
558073
555945
558160
556833
556636
556134
558521
557763
555436
556553
555492
557199
557025
558117
557129
555626
556292
557758
557467
558273
557542
557089
557808
556148
558427
560437
557705
557520
555833
557367
556804
556758
557258
557115
556487
558261
558527
569829
557154
556986
555909
556140
557207
557657
557308
557024
556662
555508
557505
556824
557786
556247
556620
558100
560252
558651
560469
559101
557270
556336
557401
556664
555358
557559
557612
560454
558321
557018
556572
559953
555642
558238
556966
559024
560808
557876
556824
558263
556488
557681
556282
557075
558171
558017
557637
556775
558739
558335
555514
555734
559549
557135
556275
557448
557619
558223
559868
559787
556615
557732
557390
555603
557436
557700
556969
555426
556355
556081
555567
556361
558212
558597
557455
556223
556866
556392
556983
558209
