212123
201411
201339
201706
201647
202489
201417
202839
202526
202380
202285
201776
203020
202967
202800
201874
202278
202254
201899
201832
204074
202788
201877
201942
203023
201287
202204
203875
202080
202434
201365
202047
202187
201785
203148
202092
203479
201923
201945
202357
202352
204781
201920
201592
202441
201510
202852
201894
202023
202491
202338
202215
201971
202646
202198
201654
203126
202424
201866
202384
203277
201941
202368
202430
202483
201404
203236
201755
202601
203567
202927
201858
202570
201717
201655
201541
203130
201897
203384
201725
201952
203740
202355
201935
202165
202595
201377
203322
201674
203112
202779
201744
203117
203508
203805
203100
202678
201775
202778
202411
205129
202961
201746
201997
202470
202824
202056
202112
202796
202207
203060
201885
201769
201479
201968
202244
202254
202596
204336
206027
201335
202439
201773
202777
202984
202253
202356
202260
202845
201824
202398
202691
203888
202867
203442
203200
201608
201504
202130
202294
203265
202211
204219
202810
201874
201786
202617
202657
201883
201320
204703
201964
203691
201416
203394
201653
202632
201505
201851
202478
202943
203426
201479
202141
203018
201874
201852
203104
203453
203584
202657
202069
201524
203433
202658
203033
201662
201948
203645
202015
204725
202490
202479
201184
202271
202758
202254
202458
203013
202669
203923
201792
201520
202517
202084
202733
202006
201472
202508
202632
202178
202067
202872
201671
202189
202531
202509
202353
202559
202542
201636
201880
203200
201609
202650
203120
202800
202504
201922
201957
202071
202463
202273
202328
202576
202379
203033
202387
202088
201741
202259
202399
202807
201727
202351
202004
202716
201901
202462
202001
202936
202151
203349
202447
201854
202821
201858
202146
203125
201771
