575992
558187
546931
548823
545163
543868
542068
542261
544382
545240
544635
546199
542512
542349
564423
541903
542046
542064
543163
543203
551774
550619
543841
544915
542110
541146
544632
546014
542674
541374
542940
541353
557427
544712
549367
543642
544234
544385
543550
543894
547285
556720
541837
542758
542666
542241
541654
540978
545900
543011
560681
545652
541885
541532
542701
547834
544491
549110
546930
550379
544338
545677
545806
545302
545650
545724
547702
545003
542341
567372
547744
545458
544201
544643
544997
544585
545061
546183
546241
548076
544279
546265
541404
542117
555801
546664
544640
561699
546602
551239
550241
547929
545173
547065
545578
547016
545579
545617
547755
542585
542182
542324
541143
543301
541400
559360
545397
551981
549931
545363
545372
559601
547293
545544
545735
544427
545249
546097
546744
545408
543591
541929
543548
556068
541881
542699
541613
541815
541898
544027
541765
541106
544281
541962
550979
547424
540717
544311
541534
541429
540975
551758
548240
557649
541224
543864
542415
541766
542819
541867
545833
542214
544224
543758
541404
542422
542167
544096
543634
541807
561175
546125
545974
541961
544798
541824
541800
539873
543903
542101
541903
539138
541558
540457
541670
541137
542077
542678
559881
545924
541305
541799
540405
540816
541654
541765
546073
542388
541599
542076
542584
541342
543584
540597
543114
541821
549041
548415
542241
542741
542541
542624
545369
543098
540605
544514
541694
540554
540910
541078
542416
544467
545729
565792
547599
564072
546480
565990
542823
540968
542998
540940
540466
544335
545920
545568
544972
548015
547760
545236
540899
544444
543120
560017
542650
538525
544209
544830
547660
542362
541717
542003
546221
545363
544818
546553
546896
542061
542639
542418
