50957
42012
40422
40683
40864
41137
40799
41155
41289
41206
40473
40790
40749
40725
41357
40906
40607
40513
41356
40871
40704
41273
40699
40886
40757
42091
40789
40708
41257
40596
40461
41182
41782
40646
40733
40791
40716
41583
41689
40682
41056
40834
40630
41121
41440
40938
42450
41000
40552
40753
41067
40893
40811
40885
41304
40997
40626
42035
41063
40879
41047
40587
40454
42265
40973
40514
41344
40546
40828
43489
41129
41245
40858
40553
40784
41402
40743
40796
41752
40654
40432
41150
41245
40621
41741
41305
40442
40958
40910
40686
40706
40960
40425
43466
40733
40704
40484
40984
40981
41061
41291
40554
40698
40986
40628
41038
40762
40859
40610
40453
41288
40783
40442
41867
41338
40439
41560
41246
40530
40947
40630
40452
41313
40437
40502
41278
40896
40450
41386
41042
40428
41640
41819
40665
40681
40949
40777
41340
41226
40510
40930
43399
40513
40680
43069
40694
40571
40683
41425
40444
40935
41136
40415
42135
41260
40455
42276
41166
40543
40750
40805
40522
42881
40929
40524
41105
41065
40522
42363
40810
40519
42472
44530
40517
40772
40434
41052
40675
40816
41285
40596
41128
40707
41683
40468
40440
42203
40568
40567
42418
40703
40695
41426
40702
40704
40699
41333
40443
41032
41335
40765
42142
40708
40765
42346
40863
40588
41128
40692
40420
42559
40959
40426
42599
40619
40426
42189
40562
40441
42509
40849
40573
40768
40761
40507
41179
41999
40534
41170
41191
40517
41554
40828
40419
43113
40980
40502
40850
40981
40706
42885
40989
40571
43178
40828
40743
41215
41190
41050
40941
