1310910
1277078
1276785
1275899
1275195
1274870
1276546
1276872
1275003
1276638
1275797
1275476
1275451
1276735
1281642
1275470
1276036
1276157
1277180
1276370
1280736
1274289
1275346
1274937
1275912
1275462
1277986
1277267
1276439
1275362
1276409
1275586
1278025
1278401
1277373
1284956
1275356
1277400
1278579
1291026
1278428
1278463
1275346
1276467
1276597
1277503
1276701
1277535
1277064
1276202
1278584
1275180
1275567
1276754
1277487
1276577
1274178
1276271
1276637
1276119
1274846
1276312
1275524
1275936
1274858
1276263
1276474
1275878
1276638
1281148
1276132
1276578
1276832
1274099
1290140
1276292
1277109
1274995
1275509
1276494
1279257
1276930
1276439
1275750
1275461
1275239
1276649
1275924
1281768
1277128
1275217
1278220
1277800
1275883
1277045
1280004
1277363
1277479
1277541
1277710
1275725
1275981
1277854
1276491
1276172
1276833
1278747
1276432
1277146
1277144
1288807
1275657
1276347
1282907
1275852
1278189
1276098
1277204
1279171
1275157
1276682
1275422
1277301
1274635
1276354
1281968
1276636
1278724
1275705
1289276
1276467
1274657
1276192
1279173
1277072
1295555
1276952
1274841
1276853
1275823
1276634
1275389
1279761
1275663
1275929
1287762
1274448
1277258
1276960
1276341
1275984
1277891
1276468
1275971
1276975
1275838
1277204
1276708
1276404
1275837
1293369
1276338
1276657
1276700
1278676
1274962
1276318
1287023
1277073
1276131
1276641
1277176
1275775
1277018
1276181
1278297
1278221
1276292
1274862
1275768
1275145
1280273
1280805
1277292
1273869
1277469
1276577
1291615
1278263
1277766
1296056
1277212
1278550
1276564
1274062
1275546
1275524
1275559
1274164
1275834
1276103
1275671
1274478
1276959
1290225
1276157
1275817
1276479
1293725
1275630
1275539
1275330
1276147
1276293
1277020
1275010
1277040
1275527
1277188
1275583
1274327
1276822
1275414
1281909
1276863
1278328
1275573
1278084
1278813
1278307
1275670
1275212
1275420
1276178
1276370
1277677
1278613
1278418
1286755
1276854
1278114
1277563
1276178
1277178
1277318
1277932
1276418
1276291
1275467
1275971
