1674
3394
1682
1675
1651
1715
1687
1648
1904
1662
1652
1652
1647
1646
1647
3387
1781
1683
1651
1647
1648
1957
1663
1714
1684
1649
1647
1647
1647
3998
1733
1684
1651
1647
1646
1862
1661
1649
1648
1668
3458
1712
1659
1652
1652
1646
1679
2085
2134
1749
1836
1649
1647
1905
1729
1716
1697
1649
2057
1653
2405
3530
2141
2134
2307
2370
2152
2171
2172
2146
1967
2174
2099
1896
1649
1648
2173
2943
2217
2102
1649
2188
2192
2185
2328
2215
2264
2197
1853
1747
2162
2191
2184
2163
2168
2181
2112
2207
2205
2203
2291
2248
2268
2173
2261
2239
2114
2148
2342
2506
2174
2155
2154
2142
2360
1676
1655
1954
1687
1648
1646
1894
2019
1658
1737
1903
1719
1647
1646
2178
1724
1665
1650
1649
1646
1646
1708
1690
1656
1662
1651
1646
1646
1646
1646
2094
1785
1666
1650
1646
1647
1646
2073
1703
1711
1664
1674
1649
1661
1646
2014
1717
1663
1650
1648
1646
1646
1783
1667
1656
1648
1650
1707
1647
1646
1725
1943
1659
1662
1649
1647
1646
1646
1922
1684
2187
1651
1650
1646
1646
1844
2067
1661
1663
1650
1647
1646
1646
1798
1661
1657
1926
1711
1649
1646
1646
2034
2164
2294
2159
2136
1722
1954
1666
1655
1757
1654
1646
1646
1646
1888
1669
1655
2051
1653
1646
1646
1646
2153
2160
2167
1942
1651
1646
1752
1769
1726
1648
1650
1646
1646
1646
1686
1649
1653
2001
1651
1646
1646
1646
