876321
870658
868412
869321
876577
867221
869818
876282
872434
890956
872025
870661
866966
868826
884289
872511
873811
875316
867623
871077
890302
871126
872637
871265
869952
868084
868143
870756
873751
876409
867785
876155
871509
868626
865090
867555
867613
872506
881610
867615
878498
876530
868957
872835
869212
867092
864542
866719
875817
876030
868509
867966
866016
865151
893733
866138
882445
868667
870348
868816
867254
866988
867166
885745
875219
874823
879375
877995
874564
866537
873579
865923
866453
865154
866532
874301
878030
879185
874900
872484
875665
879048
875362
871699
874681
875196
868699
865548
867089
887090
872412
865105
866906
880990
872055
878548
873973
874525
875073
874627
879507
874505
871978
875806
872910
866281
871922
870861
867507
865467
874392
880969
875669
865771
868079
874875
866577
869239
867508
866080
865808
867134
868426
879450
883824
874780
867656
880696
869050
868114
865952
867238
864917
865711
893675
868129
887228
865628
867960
867621
866482
865796
865769
868642
868501
873724
876124
868614
865835
869813
866621
865223
867427
873436
874444
872863
869430
889883
871665
866293
866369
869187
867172
868901
865614
874295
880958
869841
870291
882066
867082
867345
870447
866423
868864
869215
872901
873122
866808
866358
884318
874016
874221
872411
872176
872157
870470
866615
868766
867192
872709
885398
875250
866981
868792
872334
874252
868586
864757
865595
866398
867266
865019
887913
879218
875700
875573
873723
873440
870204
870356
878832
875586
868769
881124
873026
878059
872230
875036
872226
873141
869620
872946
876552
876471
874801
892011
876496
875503
873271
871855
872348
867517
867465
873578
875042
869584
880610
878255
873818
875745
876246
875026
869753
868434
867382
870204
869456
877596
890689
