835
834
835
839
1141
1083
985
1109
955
880
979
839
827
829
873
824
824
824
825
824
823
823
856
849
827
833
825
825
1022
1060
825
823
824
823
823
847
1641
829
830
825
1042
916
829
824
823
823
823
823
1117
1084
833
899
1071
829
825
823
823
823
823
823
4480
838
837
836
836
826
829
824
1081
839
936
1048
867
1031
960
829
825
824
823
823
894
836
827
826
831
828
1079
833
827
824
824
823
823
885
1080
988
1053
1085
827
1046
827
823
823
823
823
893
841
829
831
1143
1129
1133
1010
887
1065
1108
866
1044
835
827
831
897
1072
830
825
823
823
823
823
1187
840
900
832
867
870
1073
910
824
823
823
823
1121
827
1063
832
866
829
1024
1035
825
1057
824
947
1107
842
839
837
836
825
824
864
829
1076
1024
1052
1005
1135
1047
827
1038
1022
1074
829
825
824
823
823
1020
1076
1123
1085
1145
1154
1095
1146
1146
1368
1064
1136
1092
1104
1058
1072
1075
1144
1143
1103
839
825
825
1072
1092
911
829
825
824
824
823
823
1490
916
842
828
826
826
826
826
831
844
843
842
842
1416
1075
1052
1074
1040
1071
1088
1154
829
827
827
827
827
828
827
827
853
1215
1079
828
828
826
825
825
876
827
831
846
