8885
7045
2695
558
513
796
559
512
506
793
543
506
511
968
740
1205
635
622
604
922
932
648
546
802
593
569
976
1204
656
845
709
646
668
852
1084
518
512
938
704
909
721
579
553
597
573
658
1330
645
537
806
676
1377
853
788
592
559
641
879
583
585
705
844
617
1087
669
1009
829
1183
698
640
573
1067
892
644
544
1196
1757
1010
638
593
648
571
615
1350
680
547
803
544
957
725
738
1025
643
654
643
767
1013
608
517
514
1039
826
1887
1053
681
580
547
887
715
604
556
630
671
717
894
647
643
640
997
697
815
781
980
504
510
1591
815
786
734
1017
648
568
619
742
1023
593
517
510
971
691
756
1050
645
687
616
620
955
608
517
518
1063
958
763
1050
888
1043
720
577
537
707
746
744
702
605
557
642
902
626
556
645
836
666
569
632
608
514
2088
1017
707
895
558
553
736
847
555
510
795
576
723
932
649
644
628
972
683
662
746
866
506
514
560
1508
1295
624
560
634
653
563
633
721
831
921
666
1014
1142
686
902
682
1023
682
632
1454
625
526
515
1241
1053
694
572
625
899
570
624
741
848
556
508
793
781
713
787
917
624
641
588
653
658
614
517
510
