12695
4873
3294
3470
3205
3430
3631
3620
3327
3123
3665
3439
3190
3218
3208
3445
3137
3313
4886
4017
3961
3287
3926
3580
3542
3386
4169
3479
3288
3154
3342
3156
3161
3290
3827
3259
3755
3175
3327
3339
3319
3223
3659
3315
3212
3155
3220
3557
3308
3310
3504
3149
3402
3142
3365
3149
3302
3262
4038
3887
3161
3158
3256
3273
3414
3281
3665
3272
3503
3140
3348
3269
3373
3802
3591
3276
3308
3226
3617
3383
3329
4565
3670
3406
3836
3967
3457
3322
3462
3980
3274
3497
3303
3311
3607
3298
4062
3658
3563
3881
3311
3351
3545
3464
3507
3707
3700
3538
3631
3504
3405
3710
3691
3296
3223
3924
3602
3508
3395
3684
3541
4053
3553
3334
3375
3645
3732
3356
3996
3318
3198
3496
3562
3298
3441
3416
3461
3330
3437
3402
3365
5760
3112
3366
3380
3451
3293
3210
3201
3296
3525
3469
3428
3942
3235
3165
3277
3608
3817
3187
3513
3838
3458
3421
3893
3425
3377
3500
3587
4110
3439
3277
3443
3257
3173
3526
3210
3379
3187
3311
3193
3698
3458
3167
3339
3768
3191
3395
3169
3187
3569
3261
3436
3583
3486
3546
3710
3718
3541
3120
3889
3253
3137
4077
3238
3416
3615
3161
3704
3484
3433
3113
3317
3421
3591
3988
3781
3381
3487
3447
3557
3507
3301
4529
3386
3229
3088
3641
3285
3190
3181
3462
3578
3251
3745
3338
3577
3389
3370
3827
3777
4005
3350
4022
3328
3612
3440
3851
3624
3321
