31058
31708
30266
31306
30554
31901
32059
32692
31292
30701
28372
34020
36428
26895
27410
27095
27291
30436
27240
28665
26863
28869
28256
27448
29049
27368
27156
27706
27563
28054
27201
31891
34284
34384
35132
31702
28787
27105
27901
28626
28401
28909
29070
27267
27982
26958
26983
27351
27195
27280
28101
27426
29189
33243
34263
31845
30434
28454
28170
28859
28823
27627
27096
28488
29147
27257
27241
28826
27233
29799
30428
28335
27538
29354
27598
27781
27393
27507
27717
27024
26977
27989
27253
32454
29693
27307
28780
27498
27283
28577
27415
28760
27486
27442
27780
29098
27271
27636
28357
28083
27695
27197
27217
30767
29468
27101
28575
27476
27429
27657
28043
28046
27041
27168
28740
30447
27963
27128
27315
27474
27949
27492
29326
27563
27631
27325
27488
28279
27403
27564
26929
29116
28150
28036
28381
27668
27662
27198
26968
28931
29400
27469
27206
27877
27740
27827
27649
29086
27477
27116
28595
27731
27011
29215
27971
29982
27387
28142
28536
27305
27620
27438
27387
27807
28478
28461
28080
27148
27404
27341
28450
28296
26810
27219
29770
27479
27579
27256
29223
29339
28135
28749
27712
27493
29425
26964
29152
27393
28087
27663
27578
28460
27111
27413
28246
27373
27584
27407
31372
27734
27912
27517
27589
26967
27416
27405
29189
27227
27355
27473
29485
27568
27025
27266
27248
28182
27709
28247
28284
27105
27047
27663
29714
27400
27370
27327
27676
27210
28006
27276
27319
26902
27237
28279
27509
28188
27343
28107
27486
27370
28046
30382
36448
32504
33009
28261
27386
29140
27086
29173
