9503
5333
2605
1004
1225
1208
1178
1198
1040
1071
1133
1325
1346
1000
1260
1318
1246
1433
1058
1245
1467
1414
1053
1021
1129
1245
1085
1135
1169
1207
1083
1297
1079
1867
1295
1995
1145
1071
1887
1042
1038
1394
1403
1111
1163
1156
1108
1576
1345
994
1582
1070
1064
1295
1248
1060
1019
1061
1345
1610
1115
1104
1107
1054
1385
1128
1117
1229
1900
1236
1414
1106
1094
1650
1403
1308
1121
1194
1054
1122
1168
1183
1280
1016
1057
1664
1172
1130
1318
1584
1805
1180
1162
1153
1141
2009
1364
1376
1410
1347
1175
1635
1713
1172
1446
1090
1073
1832
1147
1291
1500
1254
1267
1203
1133
1286
1386
1677
1436
1942
1109
1058
1398
1160
1079
1055
1157
1126
1290
1104
1083
1608
1188
1074
1331
2120
1109
1219
1163
1160
1102
1102
1130
1353
1319
1725
1583
1596
1175
1565
2309
2026
1724
1579
1177
1169
1673
1575
1624
1285
1456
1392
1457
1349
1776
1591
1071
1785
1111
1145
1229
1408
1318
1418
1830
1597
1826
1490
1605
2156
2381
1532
1192
1563
1354
1587
1191
1541
1601
1224
1651
2226
1727
1465
1315
1522
1545
1194
1274
1754
1535
1417
1318
2054
1254
2178
1533
1541
1297
1509
1198
1427
2447
1565
2147
4447
1283
1448
1662
1187
1627
1761
2378
1187
1343
1703
1222
1610
2190
3563
1418
1517
1304
1619
1286
2770
1734
1562
1416
1184
1967
1467
2142
1339
1458
1145
2191
1182
1655
1272
