660693
643232
639674
640291
639555
639261
639027
639144
638483
640672
639676
639230
639176
640267
639328
639569
640331
639224
639585
640347
639900
641314
640222
640942
640315
638847
639325
639559
641120
639664
639726
640669
641899
639838
640403
640535
639637
640104
641000
647490
639590
639503
640041
639198
640097
640679
640708
641717
639168
639011
638491
639738
638768
639137
639335
640677
639812
639389
639648
638246
639393
639780
639916
641813
641728
640595
639255
639403
644861
641442
639358
639121
653786
639954
638744
639554
640917
639187
640699
640177
641093
638942
640855
639909
640894
640810
639536
639046
639476
639866
640114
637856
639220
640461
640311
639174
648862
641340
639436
640327
639604
640065
640172
639780
640996
638990
640423
640053
639767
641255
639859
639331
641193
639007
640342
641457
640364
639953
641631
642017
640259
640116
641982
640101
639658
638869
639409
639222
639668
641126
640306
640322
640318
639123
640760
641324
639789
639284
639280
639285
639213
642307
639345
639461
639321
640000
640482
639705
640086
638554
641559
638603
640339
639714
640424
640833
642329
640577
639834
641400
640068
640540
640116
639304
639323
639478
639686
639213
639024
638898
638702
639468
641753
640120
640929
638028
640081
638698
640382
640470
639388
640214
640843
639780
639112
638579
641706
639928
641564
639491
641847
640286
640874
638206
639822
640512
640252
639180
638241
640140
640009
640546
639837
640930
639992
639479
641598
655680
640482
640061
639708
642093
639320
639837
638719
641347
638429
640618
640656
640603
655356
640957
639940
639658
640924
639505
639608
638617
638980
639666
638492
638285
641192
638699
641254
639572
639491
639835
639001
638851
640575
639198
639235
650422
639554
640722
638514
641876
640706
640057
