10395
6001
2456
1136
904
1306
1583
1105
1078
1220
1236
1223
1029
1109
1051
1699
1248
1867
1323
1152
1052
1041
1857
1098
1265
1572
1124
1123
1126
1568
827
958
1446
1376
1311
940
1278
985
1488
1001
1631
1687
1034
1206
1285
1460
1128
744
1448
1870
1129
1345
1489
1558
1550
1801
1130
927
1045
1528
970
1072
1261
1731
2382
1847
1022
1419
1029
1791
1186
1401
1055
1248
1496
1918
988
966
1422
1311
1229
1683
1134
1265
1038
1361
921
1150
1360
1369
867
1185
1525
1256
1179
1001
1295
980
1117
1192
1067
1379
821
890
1065
1248
1000
749
977
1256
1037
1288
1173
2933
1311
3263
979
899
1232
1153
1879
1282
943
1042
1204
930
1163
1298
720
917
1698
1496
963
883
1170
912
1091
981
774
1422
1190
1328
1120
1123
1010
1524
1151
1114
1634
1622
1350
861
1224
836
1384
919
845
930
1274
983
843
1136
981
937
1084
951
943
922
1650
1245
1125
1641
1180
1027
858
1158
961
1098
1014
1078
892
938
1318
813
1126
721
793
894
1244
1444
1002
1093
1111
800
1073
1025
715
781
1078
957
1372
1270
727
971
1188
1194
743
1245
1107
1457
1055
935
1056
1185
984
1120
905
1286
915
976
1223
1679
841
1059
1014
1342
1739
1857
1691
1163
828
835
870
1399
916
944
1229
990
1159
1146
1148
1052
1097
721
844
987
1298
1332
1050
1179
