334624
323238
323310
322633
322123
322772
321533
324005
321249
322021
321733
321594
322593
320996
321628
321578
321667
321123
322601
321826
322296
321207
322105
337823
321574
321842
322802
322345
322601
320756
322060
321362
322574
322210
321377
322372
322569
320973
322198
321893
321487
323045
322728
321570
321206
320794
320639
321206
321007
321388
320705
321528
321870
321333
321859
322474
322312
321098
321605
321192
320615
321805
321769
320562
321657
321698
322234
321648
321365
322536
322421
321516
322874
321544
322095
336432
321593
321384
322424
322382
320496
322449
321835
321173
322350
321137
320294
321841
328013
321384
321715
322071
321939
322575
321664
321129
322451
322248
321152
321565
322454
321404
322101
321400
320839
321319
322971
322316
322100
321430
321938
321701
321941
321696
321516
322240
322068
322394
321255
321140
322911
321906
320898
323251
321667
321048
321679
321565
320743
321143
321482
322903
322542
321471
321892
320887
320813
322376
322222
322106
322365
322216
321879
322566
322202
321479
321949
321730
320889
323318
321394
322705
321490
322324
322366
321280
321490
321854
321611
321884
321988
321585
322160
321437
320566
322748
323061
321652
321635
321257
320184
320646
322146
321631
320712
321960
322053
323135
321422
321077
321656
320575
322257
321032
320758
321428
322899
321402
320781
322534
322227
322247
321971
321327
321273
322256
322690
321153
322920
321620
322100
321328
321363
321860
321877
323112
321781
322408
324491
321706
320805
320982
322378
320505
321253
321547
322236
322387
321649
320519
321974
321392
322180
322473
321511
321276
323332
321169
321095
321740
321396
320386
321194
321225
323328
322949
321968
322239
322139
320757
321561
321354
321136
323036
321610
321425
321246
323024
322742
320834
