8606
5371
2222
653
1224
630
573
606
830
633
950
721
626
671
668
935
749
747
894
572
554
621
1051
1148
1366
957
617
642
661
1086
618
609
648
572
554
837
992
1766
787
717
1139
886
775
730
1020
1111
1032
955
1113
900
4067
625
583
765
965
678
651
688
914
647
746
840
914
621
606
735
2128
793
1595
787
687
672
700
753
690
622
969
632
760
911
616
971
782
1052
630
555
621
837
558
554
843
1356
1416
641
619
961
638
1107
698
560
558
953
662
755
632
638
671
949
637
773
859
740
728
1023
2510
957
1929
718
645
916
632
678
1425
719
889
1200
823
927
714
1093
687
960
735
660
832
557
1918
1386
2737
775
950
749
753
953
1215
740
724
858
763
674
1094
875
1064
727
767
732
744
1178
789
1006
1245
943
620
727
626
614
701
1105
629
622
718
1117
871
655
1138
1114
827
853
975
815
811
782
1060
903
617
661
902
674
1634
960
1034
1302
1176
1150
824
738
922
1170
763
848
820
752
730
911
1002
1135
711
692
1119
1055
954
1283
695
984
1154
771
966
790
741
822
934
619
721
787
916
695
1125
770
967
789
1100
2071
988
688
696
794
1114
760
741
730
1038
755
1154
697
680
629
956
1082
706
1055
