19044
12346
10995
11259
11376
10864
11261
11181
11496
11234
10819
11103
11476
11557
11321
11624
11309
11145
10851
11146
11167
11758
11338
11544
11932
11187
11587
11148
11505
11338
11030
10989
11334
11941
11592
11370
11157
11216
11288
11852
10935
11031
11373
10958
10782
11437
10970
11716
11194
11614
11317
11517
11176
10885
12397
11236
11034
10840
10875
11252
11294
10912
11819
11316
11501
11150
10884
11064
11801
10893
11199
10977
11606
10861
11120
12003
11722
11326
10967
11255
11121
11958
11048
11267
11575
11223
10930
11160
11408
11796
11261
11030
10997
11112
11432
11080
12239
11391
10942
11258
11209
12145
10964
10996
11023
10964
11098
10833
11172
13710
11250
11016
10788
11976
13098
11203
11133
10802
11748
11165
11342
11377
10914
11172
11009
10789
11076
11055
11490
11054
11276
10910
11307
10833
11267
11006
11521
11372
11084
10954
11019
10851
11512
11105
11482
11062
11378
11276
10849
10779
11587
11129
11643
11257
10963
11717
10958
10885
11095
12578
11449
11393
10869
10971
11345
11643
11007
10928
11556
12024
12157
10949
11220
11215
12288
11637
11900
10881
11339
11222
11674
11078
11198
10904
10856
11239
11453
11709
11005
11075
11934
11278
11264
11383
11284
11346
11378
10887
11662
10846
11077
11046
11672
10828
11356
11147
11601
11044
10857
10866
11111
10858
11124
12285
11624
11176
11360
11003
11135
10801
11262
11589
11238
11290
10941
11060
11271
11282
11095
11872
10953
11055
10969
11083
10962
11872
10832
11676
11165
11454
11049
11310
11603
12171
11078
10872
11193
11177
11707
12002
