30697
23585
22313
20934
21068
21070
20904
21829
21457
22062
22166
21225
21014
21217
21142
21449
21689
21047
21672
21079
21070
20948
21321
20851
20843
20921
21389
21369
21156
21498
21724
20872
21331
21128
20861
20917
21273
21230
21879
22244
21423
21003
21639
20926
21146
21503
21788
22567
20874
21034
21413
21604
21265
21340
23662
20835
21325
20944
21395
21447
21673
20874
21481
22170
21394
21253
21042
21114
21374
21421
21045
20882
21359
21714
21883
20979
21136
21185
21494
21070
23358
20952
20866
20826
21012
21317
21270
20903
21213
21358
21933
22708
21127
21313
21388
21209
21197
21039
21278
21217
21703
21062
21646
20970
20843
20846
21209
21417
21084
20921
22295
21352
21026
20886
21439
21103
21462
21163
21378
21720
21708
21667
21815
21088
21542
21795
21394
22196
20929
20902
21325
21394
20957
21970
21191
21545
21047
21323
21542
20866
21361
21429
21077
22052
22810
22217
21259
21249
21459
21329
21095
21681
22079
20871
20970
21172
21500
21255
21057
21082
20943
22823
22002
21130
21145
21274
21083
21044
21251
21303
21080
21816
22901
21669
21086
21597
21520
21749
21619
21375
20977
21520
20922
20839
20920
21178
20840
21266
22605
21853
20868
21113
20996
20958
22523
21471
21349
21155
21888
20861
20983
20951
21187
21988
21747
21138
21408
21337
21234
21218
21002
20861
21684
21741
21957
20940
21029
21043
21031
21013
21251
21065
21549
22096
21360
21738
20909
20830
21313
21071
21266
20812
21363
21219
21860
21152
34661
21117
21377
20916
20963
22200
21391
20857
20820
20845
20807
21389
20846
21032
