290
212
210
213
209
212
210
209
210
207
208
206
282
208
206
266
266
273
208
208
207
207
339
238
217
220
207
212
219
223
214
282
282
285
285
285
276
274
282
279
270
228
207
278
231
208
305
250
207
220
209
208
207
206
210
207
207
211
207
207
207
206
206
206
206
207
206
206
207
206
207
226
233
272
213
208
220
221
219
213
211
217
218
221
208
241
207
214
207
207
209
262
259
210
209
207
207
263
223
207
245
253
279
278
270
252
207
207
207
208
208
207
207
206
207
206
206
206
207
207
206
207
205
207
206
312
278
286
287
279
294
291
290
291
290
289
285
210
207
207
206
206
207
207
223
207
207
206
207
207
207
239
278
210
207
211
210
210
210
213
212
211
211
211
210
210
207
207
207
207
207
206
207
210
210
206
207
206
207
207
207
225
250
270
265
273
277
277
274
273
281
270
271
209
207
206
207
207
207
207
207
211
206
206
206
206
206
206
206
391
212
206
294
286
283
285
285
283
286
283
211
210
212
207
207
207
206
206
206
207
207
206
211
206
251
275
267
270
265
243
208
220
212
250
207
207
207
213
206
206
