4124
3424
3310
3919
3361
3711
3295
3293
4482
3651
3341
3472
4341
3300
3293
3636
4350
3872
3377
4502
3907
3504
3877
3318
3300
3293
3522
3305
3298
3293
3293
4194
3936
3605
3532
3355
3966
3294
3648
3308
3298
3447
3500
3314
3711
3294
4269
4308
3298
3292
3648
3414
3389
3557
4794
3388
4413
3641
3325
3856
3368
3708
3296
4162
4005
3556
3425
4651
3980
3619
6675
4234
3305
4169
4598
4192
4314
4189
4500
3492
3978
4436
4213
4201
4197
5230
3826
3946
4073
4301
4285
6981
4097
3910
4362
4065
4270
4478
4287
3615
3524
7941
4023
4433
3664
3697
3445
3359
3823
3294
3674
4286
3867
3294
3433
3690
4226
3294
4267
3496
3818
3381
3319
3882
3301
3325
3665
3690
3427
3511
3298
3298
3293
3292
3612
3634
3294
4929
6334
4301
4200
4375
4520
3308
4250
3945
3975
4027
3296
3914
3932
3607
3458
3327
3324
3687
3433
3404
3694
3298
3417
3304
3684
3295
3293
4243
3703
3323
3442
3319
3821
3294
3811
4389
3859
3294
3452
3692
3299
3293
3833
3467
3488
3294
3468
3566
3342
3293
3812
3563
3691
3294
3697
3604
4114
3294
4115
3322
3298
3293
3445
3313
3295
3372
4583
4473
3925
4472
3396
3531
3701
3482
3690
3296
3391
3305
3688
3323
3955
3974
3689
3298
3542
3548
3358
3441
3978
4242
3310
3294
3637
3614
3300
3315
3730
3528
3818
3294
4673
3884
3294
3579
3367
3809
3294
3746
3945
3684
3416
3805
