15009
7486
5847
6268
6800
5842
5877
6328
5724
6113
6127
5731
6114
6324
5739
5755
5890
5963
6023
6377
5759
5958
5966
6127
6183
6327
6299
6552
6125
5834
5732
6906
6629
6032
5930
5895
5779
5878
5750
5892
5714
5780
6207
9052
5793
6125
6378
8351
6012
5764
6491
6557
6159
5828
9330
6322
6207
6576
6469
5969
7464
6208
7110
6028
6168
6035
6007
6260
6379
6196
6361
6084
6925
6233
5896
5936
5975
6074
6146
5987
6701
6476
5853
5948
5741
6063
6831
5896
5878
5767
5715
5694
5868
6523
6073
6503
5701
5737
5952
6612
6725
6173
6051
6160
7022
6516
6036
5856
6130
7027
6895
6040
5988
7024
5721
5762
5865
6031
6107
5968
5741
5724
5828
6352
6171
6001
5701
6063
6188
5708
6165
5824
5871
5725
6114
6132
5765
6316
5692
5878
5820
5670
6892
6232
5772
5823
5772
6414
6322
5833
5845
6409
6044
5834
6322
6525
6172
6345
5964
5911
5979
6185
6129
6028
6167
5779
5848
5893
6220
5792
8279
5898
6085
5829
5923
6276
6209
5937
5858
6421
6871
6701
5721
5884
6542
5855
5931
5846
5894
6032
6238
6263
5781
6085
6095
6679
6130
6292
6482
5869
5755
5931
7205
5990
5715
5995
6213
6237
5751
5699
6009
5999
7003
5803
6114
5768
6027
6437
5974
5867
6090
6135
5989
5741
5780
6309
5741
5875
5895
6176
5814
5964
5726
5675
6073
5928
6447
5799
6016
5915
5826
7184
5810
6026
6032
5709
5822
5747
5832
5946
