115547
129297
115451
109286
110947
109279
117551
132374
110103
109160
108932
116931
127908
116504
110080
110525
109454
109252
109480
111207
109292
109991
110641
110904
108351
109532
109552
108744
111913
109117
110628
110624
108989
108747
108942
110890
108802
111107
108728
108401
110524
110541
109397
121603
108852
111204
112938
111026
109936
113181
112359
109732
109579
108357
109749
110980
110276
108158
110193
108815
108539
110389
109513
109620
109401
110464
110666
109720
109910
110828
109919
109360
112760
109018
113536
108995
111302
117576
112607
116911
117843
117274
127069
113139
113536
120830
115385
116290
122812
113186
115278
110645
110298
108836
109412
110389
110220
108972
109967
111313
110258
109878
122374
110351
109277
109455
108792
110297
110115
111358
109070
110644
110809
108769
108646
108350
111045
109574
110527
109567
123014
108172
109852
109475
109138
110285
110415
111638
109737
108887
109063
109567
132435
109954
109508
110866
111603
108204
112589
110681
108296
108313
110086
109645
109287
108781
109093
114260
110062
109906
110098
109194
110827
110513
109369
109448
108358
109548
109031
110155
110528
109635
110673
110655
108770
110957
109927
110935
112417
109094
109167
111159
110968
109223
109350
108789
111004
108663
109088
111086
109670
111369
110310
110144
109567
109209
108893
110502
110824
110415
110063
108543
109388
110730
108652
108715
108796
109629
110635
109234
109827
111385
108585
108738
109659
110840
110526
112162
108431
128729
112979
110274
108517
110141
113011
111212
109531
109572
112829
108800
110393
119091
124139
108544
110762
109029
109810
111230
109411
117145
109886
108664
109447
110180
110459
110286
111264
109620
109199
108861
111537
109700
109781
109347
109873
111235
111156
108646
109445
110449
