3513438
3500370
3458399
3503727
3505027
3468763
3487283
3457420
3464592
3503220
3500545
3509121
3478940
3506532
3487882
3465045
3480151
3490583
3494153
3489595
3498887
3473842
3508527
3474419
3474508
3485970
3497195
3505471
3502867
3492747
3492680
3669279
3663384
3507886
3502583
3465970
3495375
3512877
3473176
3463026
3466950
3461129
3493500
3509092
3456524
3467729
3463044
3472705
3499811
3491017
3464550
3500313
3468396
3454280
3505991
3486011
3498198
3495988
3498372
3488406
3471895
3490247
3491070
3513737
3550985
3502192
3530891
3466905
3485161
3463111
3486807
3515982
3455987
3480795
3471654
3475458
3492393
3490427
3492202
3501775
3519323
3486516
3452355
3477926
3490928
3483354
3504059
3458750
3471217
3484454
3468212
3486219
3480310
3483790
3486553
3474789
3492358
3515061
3480028
3462978
3483708
3463004
3487922
3500326
3462091
3485332
3526064
3493948
3465146
3457980
3464844
3509634
3473595
3454023
3644088
3460091
3460712
3487639
3455310
3457983
3495043
3475047
3450989
3505475
3500907
3481948
3457890
3492250
3516707
3490766
3495267
3491609
3493374
3500995
3511117
3466733
3511184
3496445
3474485
3471617
3514885
3468161
3455815
3498559
3518600
3472501
3456082
3493180
3495774
3502778
3596816
3493745
3497681
3478056
3487324
3464043
3492255
3468967
3488548
3471142
3503664
3464321
3454120
3474674
3479659
3475691
3455845
3461527
3496263
3461129
3455529
3478078
3468528
3464668
3491884
3486896
3511436
3501016
3455601
3484704
3483536
3455826
3489484
3494496
3498318
3477854
3464759
3486771
3497011
3465800
3491968
3527200
3487923
3457931
3485338
3453024
3491416
3464612
3455925
3471109
3485623
3458468
3478762
3501631
3458865
3454595
3503482
3460968
3479676
3457426
3486775
3492009
3468387
3487272
3480734
3498514
3468353
3470422
3454025
3498571
3520534
3473954
3455057
3497150
3455387
3502296
3533302
3481639
3479793
3490847
3457812
3496903
3493063
3472573
3477968
3453469
3472186
3507351
3452570
3486890
3470913
3473902
3486642
3489754
3496953
3496381
3489804
3456914
3472748
3571251
