222389
220084
249471
220502
223284
242532
219322
216897
220525
218584
222209
219076
218516
220544
217783
218285
219933
233026
217798
219358
217944
220610
220078
218482
218669
218035
222689
218461
224439
219423
218847
224696
219494
218458
218797
219900
218246
219136
218646
219339
221973
219055
218835
218772
219005
221669
219871
218691
218212
220603
217175
218471
216867
217499
217932
217301
217760
217620
217460
217305
216762
217534
219078
217097
216706
217329
216501
216609
218326
216546
216909
216088
217641
226811
217547
218278
218894
220044
218520
218364
217645
217729
216689
217199
216858
217490
219523
219591
219614
220136
218588
220103
218315
216670
216835
220868
218080
217344
218062
217021
218857
217077
219050
216879
217307
218811
218045
216827
216992
216849
216756
217968
218136
216471
217236
218416
216381
216799
216712
233133
219118
220548
220305
220419
218063
218624
217096
216650
218397
216819
217129
217594
224038
219140
218630
217630
217695
218650
216519
216762
216808
217610
217529
216770
217860
216359
217442
217893
216833
216626
219025
217607
217299
219183
239969
230908
235524
223279
219079
217905
224755
219875
218554
218138
241676
220369
219478
220198
220243
219913
218433
219562
218933
220446
219220
218430
218052
219058
222019
218793
218953
217855
220604
217173
217547
217552
217385
217825
216746
217083
219111
223407
222779
220973
218539
218182
218520
218851
221143
218901
218806
219377
218288
217501
217781
217872
216656
218640
216659
238729
218800
216147
217165
217252
219564
218737
231488
217747
219104
221045
220406
220766
219157
220693
217954
220377
216075
216829
220765
216896
217840
216964
217259
223437
218209
219375
216989
220176
216828
216963
216859
217438
216730
235142
219538
218267
220100
220281
218619
217950
