10033
6453
3516
1992
2300
2321
1699
1829
1912
2212
2138
2000
1884
1951
1755
1753
1987
1844
1737
1761
2013
1803
1952
2302
2323
1864
1775
1946
1960
1908
1874
2267
2830
2788
1889
2208
2275
1953
1914
2047
2194
2358
1862
2322
2216
1939
1882
1946
1921
1902
1978
1867
1939
2092
2246
2127
2353
1962
1932
2380
1948
1831
1935
2745
2270
1885
2901
2100
2056
1869
2270
2336
2415
2285
1890
1857
1829
2865
2057
1934
2140
1977
1897
1951
1833
1906
2072
2398
1888
1937
2522
2317
1922
1947
1820
2121
2100
2302
1931
1759
2775
2145
2202
1821
2170
1849
1772
1820
1939
1888
1823
2002
1800
2710
1928
1902
1802
1786
1732
1871
2017
1857
2379
2006
1774
2189
2467
1816
2187
1906
1812
1880
1876
2232
1823
1878
1770
1855
1717
2078
1907
1805
2197
2021
2174
2059
1861
1809
1871
1969
1987
2294
2134
2307
1917
1787
2404
1872
1844
1969
2141
2646
2022
1877
2218
1971
1880
2090
2166
2104
1826
1790
2035
1899
1819
1797
1850
2120
2204
1888
1882
1960
2182
1697
1761
1921
1845
1867
1855
1990
2218
2458
2198
1787
2189
1788
1836
2331
1760
1866
1921
2073
2145
1864
2061
2243
2013
4378
2127
1885
1915
2085
2242
1845
1899
1920
1903
1735
3861
2046
2001
1890
1874
1752
1839
1881
1852
2241
1862
1722
1824
2005
1840
1751
2039
1758
1721
2154
1815
2251
1889
1771
1762
1766
2115
2267
1830
1862
1938
1807
