54440
54043
56521
58740
61398
66018
56158
56875
54522
55964
54047
54170
54658
54560
55365
60803
68894
65242
56071
55825
56514
54391
56149
67301
64474
58789
56227
63432
55981
54617
56565
56311
56660
56676
55325
55006
54354
55183
55877
56016
56108
54960
56626
54668
57474
55162
56344
54314
56703
54474
55857
54559
61576
57020
54708
55776
58048
58887
54799
54097
54812
56716
54477
56155
54671
55124
54760
55423
56218
54600
57912
55743
54790
54843
54837
55067
56631
54902
55242
54560
56427
55674
54716
55961
54912
55770
55553
55043
57096
55984
55394
53770
54629
54433
54844
55625
54461
54563
56458
57040
55644
54354
55195
54191
55167
56817
54714
55778
54261
54393
54775
54788
54523
55009
54903
54632
57551
53835
55568
54205
54330
55045
55125
57359
54408
57139
56357
56388
54580
54781
54327
55640
55524
55727
56391
54604
58557
55552
55070
54573
55535
56675
56203
54804
56369
54713
55327
54936
55196
54791
55556
54497
56446
56395
56942
56535
54434
54903
54674
54800
54936
56323
54816
55046
54744
53817
58663
62164
57682
55291
56682
57712
56454
55343
54989
54600
55436
56080
55876
57005
54908
56930
54923
54556
55006
54826
55066
56149
55113
57021
55450
54655
55213
56306
56958
54679
55146
54671
55830
55091
54820
54789
54539
55006
54896
57228
56464
56109
54596
55054
54495
55079
54545
55067
55246
56319
55961
55234
54789
54568
55441
56201
55116
56236
54309
55324
55555
55165
54453
56106
54602
56276
56138
54294
56697
56566
54830
55349
54924
57065
54965
57054
55219
54666
57792
57059
54516
56366
57142
54427
