469458
467127
441699
437496
435020
433882
437437
438099
436788
435151
435535
437230
441583
437283
442810
437945
439871
434822
436228
452007
438677
440339
449973
434856
432664
437544
435081
436462
434596
438702
435026
433425
437910
434295
434815
434633
434076
433510
436463
435479
432278
433709
450287
435860
437314
453954
434738
436562
438001
435805
435917
436320
434278
439855
437389
434401
436860
439050
433439
433973
435163
433062
435273
433701
440440
438633
434484
442046
458413
436187
437053
433800
432639
433486
433653
450911
441705
437798
438411
437249
436773
439547
435312
438105
437334
440545
434424
438780
437897
437707
446758
434106
435797
436153
436349
433584
434172
443720
437272
441069
435514
439514
437256
434285
438891
433426
436127
434959
432997
437946
435529
439457
432672
446934
435823
440545
451505
432683
433407
432564
437658
433019
433116
433398
432776
436641
437019
440730
433817
436912
436868
437421
434752
436831
433958
433797
459294
436657
437125
440253
437210
435414
437113
437866
437423
439994
434508
435413
438037
436857
436857
433411
438574
434256
437361
436847
434818
438965
449480
434820
433453
439892
436914
433359
438443
432986
436467
433521
438403
433338
436687
434554
438205
437550
437286
439188
435795
437251
437243
437794
437865
458506
439138
436539
439033
436402
436220
437381
435504
438462
436389
438775
436984
436528
435365
435275
439853
438180
438615
435551
436918
437065
436113
436005
460859
438631
434502
434338
452930
441060
435069
436050
434946
433756
434246
435005
435171
432439
435439
433874
438082
436745
433352
434220
439939
433646
435443
453475
438780
436124
439623
436302
440998
438797
435575
437298
436427
440118
436648
433621
438703
434042
438777
436229
434542
434602
436304
441525
434531
449732
