8880
5085
2462
666
619
583
885
666
623
687
1295
821
752
774
954
3706
986
655
746
1623
905
955
669
717
717
1407
771
615
891
636
822
774
824
950
679
674
1155
756
644
583
748
638
1480
823
829
766
802
4142
1143
906
1975
2073
841
796
1245
947
1212
781
1359
1670
703
669
726
1168
959
763
753
720
1225
723
639
724
934
787
688
725
1001
662
737
1018
792
1888
944
755
855
915
1253
831
1164
1205
1034
859
1500
821
788
1153
838
919
1115
924
1082
993
826
821
796
1261
847
825
1260
1086
847
1089
773
763
852
1154
1100
791
1345
1601
822
667
981
867
697
643
876
814
831
956
1314
799
1001
782
1236
717
737
1026
1053
751
1083
1062
1029
1114
719
745
1995
899
698
835
752
1274
753
1089
702
706
1011
1100
834
1969
1433
1035
826
843
840
856
833
1716
1216
834
686
654
959
737
779
661
865
855
672
914
1143
1981
898
1563
698
730
815
888
945
927
1264
861
862
1325
820
954
985
1167
1031
966
1001
1001
808
807
788
949
777
665
1210
922
1101
835
1005
664
672
806
1218
829
686
2552
748
676
740
702
730
1567
807
675
765
778
968
1122
676
741
1022
881
792
633
599
888
1291
1100
1584
947
787
867
744
1228
764
649
