56
55
60
66
74
67
76
79
75
55
57
75
75
56
53
69
69
72
68
72
69
72
72
69
72
72
72
67
68
54
52
52
52
52
53
53
52
53
72
67
56
53
52
55
54
52
52
52
52
52
59
54
53
52
52
52
52
52
52
52
52
52
52
52
51
52
52
52
52
52
52
52
52
52
52
61
72
73
68
55
58
52
52
53
53
52
56
52
52
52
57
56
52
52
54
53
54
52
52
52
54
54
53
56
52
52
52
52
52
52
52
109
62
56
54
52
53
53
52
52
56
52
52
52
52
55
52
52
56
52
56
52
52
52
52
52
52
52
52
52
52
52
55
52
52
52
54
52
55
52
55
54
52
52
52
52
52
52
52
52
59
52
52
52
52
52
52
55
52
52
52
52
52
52
52
52
52
52
52
52
52
55
52
52
52
51
51
52
51
52
52
52
52
52
51
52
51
52
52
52
358
65
59
68
71
68
76
68
73
76
72
71
69
73
59
52
56
55
52
52
52
52
56
52
52
52
52
52
73
52
52
52
52
52
52
55
52
52
52
52
52
52
68
73
71
68
53
53
52
52
