93370
83259
80503
80366
80360
80902
80788
80661
80391
80327
80819
81076
80661
81096
80702
81352
81495
80545
80125
80580
81058
80653
80617
80862
80372
80827
80711
82492
80604
81103
80801
81018
81075
81277
80815
80284
80628
80820
81171
80658
80741
80918
80354
80817
80599
80635
80664
80125
80492
80779
80679
81276
80080
83490
80855
81282
80026
80684
80883
80508
80812
80133
80682
80389
80264
80384
80219
80906
80029
80510
80804
81044
80361
80604
80492
80667
80603
80331
80804
81091
80332
80802
80759
80599
81066
80089
80526
80359
80446
80387
80426
80417
80473
80372
80768
81228
80506
80269
80732
80624
80748
80455
81026
80112
80674
80819
80159
80670
80382
80784
80589
81074
80672
80546
80583
80595
80301
80888
80211
80545
80513
80423
81066
80104
80941
80599
80507
80310
80989
80101
80869
80918
80611
80644
80235
80578
81011
80247
80711
81680
80583
80293
80767
80076
80342
81114
80971
80386
80274
80309
80964
80880
80441
80370
80509
80830
82491
80285
80256
80334
80838
80407
80897
80347
80215
80745
80672
80484
80305
80333
80823
81708
80409
80183
93047
80173
80655
81074
80604
81326
80402
80851
80455
81086
80460
80123
80913
80199
80509
81432
80087
80436
80775
80447
80632
80330
80195
80365
80696
80609
80478
80524
80437
80492
80095
80750
80563
80342
80567
80277
81438
80412
80728
80487
80501
80620
80139
80860
80447
81057
80563
80110
80207
80606
80332
80330
80844
80356
81216
80293
80941
80737
80376
80578
80508
80119
80200
80708
81010
80971
80548
80376
80444
80698
80743
80922
80236
80452
80007
80907
