2566508
2530666
2528491
2528254
2540734
2528468
2529507
2530037
2530397
2529471
2527910
2533509
2527690
2534188
2529899
2535027
2532578
2527761
2529628
2531411
2529745
2530488
2530418
2532577
2529447
2542841
2528691
2528465
2528173
2529557
2528975
2529844
2528083
2528029
2531140
2544288
2528877
2528278
2528664
2534221
2535208
2529774
2529462
2534059
2538885
2528951
2529670
2527509
2530155
2526482
2535472
2533864
2530482
2528752
2541763
2529179
2529887
2527774
2533281
2526563
2528755
2527862
2531747
2531376
2528454
2529613
2533302
2528546
2529109
2529550
2529446
2528146
2526588
2527987
2528670
2531384
2531576
2532878
2527724
2531506
2529698
2527533
2528355
2531806
2531195
2529326
2530541
2527510
2528485
2529289
2528925
2528483
2531851
2527780
2528826
2527576
2545220
2528539
2526185
2529014
2529499
2528327
2528692
2531469
2530585
2529127
2528826
2530504
2533734
2532204
2546019
2529094
2543545
2527822
2531015
2530269
2530383
2528980
2529638
2530136
2530827
2536588
2536083
2527498
2528500
2530625
2541947
2530192
2530429
2531111
2537722
2532441
2530631
2533915
2530378
2532526
2532827
2530534
2530281
2527661
2537342
2537654
2530350
2530199
2531301
2530049
2529483
2528972
2529049
2531052
2531680
2528347
2530843
2530713
2526193
2528186
2528268
2531450
2653735
3241628
2552842
2536361
2529273
2538354
2526878
2528783
2528756
2528723
2527584
2530709
2527683
2531132
2530174
2529148
2528916
2526961
2530172
2531352
2529979
2530071
2527288
2530464
2530936
2545475
2530629
2533392
2528866
2528481
2528057
2529461
2528333
2527534
2530003
2529220
2528699
2529762
2534658
2531198
2545601
2529039
2530210
2545372
2527545
2528354
2532987
2530115
2531431
2528678
2533371
2529099
2531794
2527919
2529397
2531542
2528179
2532762
2528996
2530644
2530192
2529314
2527996
2528165
2528354
2528985
2529237
2530268
2532312
2535859
2529363
2530924
2529534
2528945
2527824
2529020
2528381
2530352
2528083
2530186
2528440
2531271
2527275
2529611
2540306
2528134
2528794
2527533
2529060
2529632
2532821
2527976
