8903
4945
2218
695
593
1033
931
667
550
816
588
1180
1372
759
687
825
1035
822
697
609
708
972
641
624
580
774
766
693
1013
630
579
745
1266
629
530
800
750
1120
955
659
742
783
854
723
573
824
769
973
523
770
1117
663
588
596
938
793
607
533
796
591
534
631
1353
1669
579
587
647
876
676
667
623
1006
701
1534
692
599
713
699
568
688
889
942
691
649
594
525
662
1667
889
697
600
899
681
608
684
895
639
532
531
965
822
616
575
622
575
631
1402
661
547
806
578
526
1029
889
763
593
641
873
914
669
692
567
885
638
1622
768
965
1068
785
914
677
885
1340
682
550
1564
851
714
840
633
574
570
806
630
862
597
534
535
1206
1403
895
686
658
1042
699
666
701
750
591
566
1089
963
1130
655
1009
671
614
652
997
995
664
1220
880
706
690
785
1062
643
750
1061
1068
593
573
828
1137
913
1348
950
1318
813
1205
827
3388
701
730
1429
783
720
711
1118
773
1040
713
963
751
1238
733
1055
701
678
858
763
990
953
639
753
827
838
736
1116
1202
1062
724
976
1719
1152
788
730
1040
715
769
833
867
1137
754
1357
1004
585
590
1078
919
1393
719
576
2583
1282
1518
742
758
623
