172171
163529
162100
164471
163010
166410
161889
163158
162199
164937
162217
163094
161902
162722
162819
163184
164454
162786
164555
164177
162964
163677
161796
162283
162922
162270
162571
162834
163973
162036
163014
162372
162285
162418
162469
162705
162724
163949
162215
163320
162798
162771
162247
164968
161739
162412
162999
165466
163083
162473
162418
162566
161962
163135
162298
161732
162006
162104
165144
162054
162877
162245
163333
163018
162002
163947
163718
162689
162329
162412
162822
179344
161916
161903
162918
162444
163165
162876
163108
161602
162682
161585
163381
169523
163511
162654
162615
162105
162167
162363
164251
162677
163255
161956
162831
161768
162507
162430
161705
162313
161888
162568
163624
161656
162984
162560
163664
162405
162630
162769
161959
162688
162191
161728
162229
163357
163348
161981
161830
163261
161841
163438
163052
162921
162104
162687
162738
163482
162184
163242
162335
162773
163250
162696
161786
162199
162288
161817
162362
161868
164229
163471
163003
162519
164567
162583
165881
163344
162768
161420
162749
162782
163552
163026
163314
162797
163783
163203
163847
163151
162647
163253
162608
162071
163390
162785
162784
162749
163591
161947
161858
162634
163690
162415
163600
161602
163820
164147
162666
162622
163087
163259
162364
162195
163783
162311
161927
163653
161684
162480
162104
162009
162065
161778
162513
162194
163359
161998
163419
164169
162574
162421
162730
163046
163385
162992
165402
163121
162568
162051
162672
163548
161910
163079
162865
164092
162787
165008
162466
162554
163033
165212
163249
163335
162427
164407
162795
163371
162538
164562
162381
163327
162225
162937
163026
163200
163000
162699
162518
163307
163787
163182
162673
164538
164428
163170
163609
161953
162368
163092
