420
414
413
412
413
412
413
412
413
413
412
413
412
413
412
413
414
414
413
413
412
413
424
417
455
563
1669
541
549
548
552
545
482
414
443
544
535
439
412
505
548
549
542
558
546
501
414
429
418
414
412
413
412
412
412
412
412
412
450
544
416
413
412
560
541
471
414
440
417
414
413
412
412
412
412
412
412
438
413
413
413
413
413
418
412
476
414
444
544
537
414
412
412
412
412
412
412
411
412
418
540
489
417
420
413
437
540
535
416
415
413
413
411
411
411
412
583
591
535
415
414
413
418
412
413
530
530
546
416
413
418
412
412
412
412
412
489
633
584
514
485
424
412
413
475
413
538
535
522
413
412
412
412
529
531
526
486
535
560
538
415
412
537
434
413
413
412
412
411
412
412
412
529
547
416
467
414
419
412
451
412
413
414
414
413
413
412
412
412
412
412
412
464
414
547
600
534
554
538
463
467
545
540
414
412
412
412
412
412
411
613
468
433
414
414
413
413
412
521
533
527
480
414
413
412
413
412
412
412
412
412
599
534
549
539
559
544
503
414
429
545
537
425
412
412
412
411
412
412
412
