109
109
108
104
552
155
133
106
105
116
109
107
107
107
104
108
107
107
108
106
144
139
142
135
139
138
138
136
106
104
104
104
107
105
104
287
174
105
104
104
104
104
104
104
104
137
142
134
134
127
135
107
104
104
104
104
104
104
103
104
104
104
103
103
104
103
104
104
103
109
133
111
105
104
104
104
104
104
142
139
141
139
143
141
135
140
133
137
143
139
138
117
105
104
104
138
135
130
106
104
135
106
104
104
104
104
103
104
104
105
104
104
108
108
104
104
103
104
103
105
103
103
103
103
104
103
103
104
103
103
103
104
103
126
106
109
119
104
105
104
144
141
142
139
139
143
106
145
144
139
106
104
104
104
104
138
105
104
104
103
144
137
107
146
146
110
107
145
141
145
142
140
144
137
146
144
139
105
104
104
104
104
135
213
195
106
104
103
140
136
126
133
133
137
106
104
115
138
136
108
106
104
106
104
131
139
141
132
113
138
139
134
135
142
139
142
143
139
145
142
106
107
146
138
143
143
141
132
124
124
124
135
142
143
139
135
136
106
104
104
104
104
104
104
104
104
104
138
138
116
