13624
13829
16069
13389
15703
14495
14613
14286
13689
13497
14247
13284
15168
13941
13490
13664
14000
16006
13928
18427
15063
18066
17048
14390
14947
14594
15795
17551
19316
15088
19459
13351
14923
13927
14563
15051
15182
15030
14799
14845
13431
13316
14002
13735
14730
14902
13879
13501
13794
13940
14948
14078
13830
13470
15903
13427
15162
14117
13477
14055
14176
14228
13764
15183
17737
17612
17353
17066
20569
18825
17804
17472
17483
17933
16585
15964
15901
16187
14528
14037
13479
13498
13240
13542
13323
13528
13918
13763
15418
13478
15095
13372
13328
14439
13570
14714
14012
16858
16753
17426
14553
14602
16974
14248
14387
17427
14552
17419
15345
14945
15649
16018
14252
15327
14636
15423
13493
15414
15147
15011
13635
13288
13376
15112
14478
13902
13335
13538
14259
13360
14022
14565
13171
15560
14977
13976
13260
13427
14947
14517
14065
14053
14937
15267
15142
14342
15365
14164
15134
14430
13735
14085
13498
14085
13845
14683
15304
13840
14061
13737
14015
14552
15431
14304
14897
15200
13413
13444
13189
14383
13768
14722
15080
13418
13259
13745
14604
14580
13685
13470
14699
14344
14141
13553
13358
13791
13965
13593
13595
13629
13754
13832
13461
13729
15155
15345
14560
14026
14399
15068
13473
14117
14051
15403
13171
13904
13311
15292
13426
13718
13845
14826
14069
13998
13315
13425
13258
14858
15249
13953
13669
13940
14022
13316
13384
14125
14001
13408
13758
13419
13340
13427
13839
15267
14069
13702
13290
13605
13408
13854
13866
14754
13438
14945
13433
13634
13582
13997
15664
15792
