1751937
1734847
1745799
1751174
1750648
1735410
1736167
1732224
1741576
1739992
1748805
1739149
1747612
1730376
1752741
1732857
1733911
1733145
1741079
1773477
1771430
1750846
1763856
1743859
1747439
1753322
1728464
1732714
1744646
1730113
1731436
1769091
1747986
1747128
1738498
1751210
1749611
1755958
1732767
1739612
1749092
1728839
1762913
1768804
1749446
1730499
1730088
1730784
1745560
1732217
1736080
1736140
1731472
1765260
1746702
1747208
1750836
1747157
1745708
1731898
1758879
1734324
1735144
1747819
1747193
1835795
1758680
1748982
1733469
1733346
1737613
1746592
1748729
1734365
1730395
1734735
1731446
1748724
1731305
1730783
1751095
1731018
1766338
1749063
1731408
1744073
1756011
1733000
1765712
1752783
1740936
1730816
1729040
1730357
1754554
1731813
1750125
1749330
1735143
1732644
1749350
1732472
1730297
1732227
1731040
1765788
1732917
1746985
1766759
1728603
1749398
1747769
1739821
1743538
1753312
1751704
1732814
1752745
1750780
1748242
1733285
1734678
1771796
1731905
1748491
1730820
1729868
1730078
1747086
1727795
1750259
1734972
1748282
1747857
1747305
1731559
1731967
1734051
1745225
1802561
1760874
1739751
1757740
1743093
1750465
1766642
1765904
1736574
1742693
1731042
1750260
1755006
1732198
1731921
1731072
1747216
1730743
1743522
1736242
1750576
1730521
1745456
1758610
1733292
1733128
1734797
1739019
1733813
1741560
1730167
1771043
1732412
1741268
1731430
1744356
1734267
1736505
1739873
1749896
1730620
1759764
1732034
1732236
1746528
1728403
1750851
1746762
1746776
1730650
1732534
1731885
1763562
1755708
1735973
1754280
1743134
1731406
1743115
1730765
1732188
1732839
1729001
1744053
1733258
1731102
1748030
1748099
1729220
1751512
1765297
1737346
1744196
1734004
1751436
1759447
1748246
1746790
1743005
1734390
1732216
1741248
1730608
1745556
1758334
1732613
1765891
1742574
1734755
1733325
1732207
1748983
1756600
1730307
1733883
1730343
1732980
1746051
1762146
1749071
1745219
1734653
1739710
1739707
1729558
1738265
1739127
1735535
1731931
1753553
1737980
