6961538
6927389
6896139
6915089
6897441
6864154
6874553
6949815
6871276
6913720
6899867
6865503
6917852
6932087
6953753
6938149
7021884
6901046
6867214
6882955
6891235
6854999
6898155
6897084
6939729
6931615
6924492
6929776
6866588
6921923
6931194
6867182
6911620
6923121
6889647
6951003
6978018
6891963
6869808
6921599
6955494
6856959
6919650
6914317
6932770
6948147
6877374
6933420
6871004
6905148
6941145
6885880
6899146
6923386
6860052
6944333
6915406
6878766
6950528
6876298
6877444
6941659
6925107
6876844
6914034
6894761
6908582
6901432
6885286
6903018
6916667
6929434
6941815
6911449
6940565
6883526
6932840
6908723
6955071
6906179
6911656
6890597
6876212
6910425
6884561
6911697
6917785
6955986
6914435
6972422
6927301
6879519
6914942
6901978
6945966
6951281
6950875
6924551
6937449
6868754
6861634
6926001
7023407
6916824
6903593
6910019
6942246
6956427
6914049
6894355
6879048
6915943
6883240
6882844
6935714
6946349
6879901
6930618
6929449
6947677
6998060
7000994
7016896
6986020
7016386
6970088
6921568
6927619
6930875
9063435
7025676
6923070
6908975
6930860
6930254
6906332
6899556
6885569
6928266
6970179
6963351
6960323
6933391
6898325
6882337
6947890
6927655
6929036
6915465
6901265
6874097
6890547
6955551
6918759
6910302
6943012
6899797
6899229
6873078
6898879
6955241
6891476
6897211
6915225
6953488
6890113
6907369
6961260
6913180
6876404
7120333
6932232
6971155
6894167
6920774
6988049
6939256
6937501
6937598
6940860
6928107
6935830
6930170
6930321
7043777
6917451
7546030
8530683
7203892
6998929
6884155
6944639
6932464
6937344
6934907
6903005
6950907
6915072
6929851
6930461
6921483
6993114
6931192
6932967
6939849
6929531
6924265
6909802
6930435
6926464
6938634
6948726
6947514
6929246
6897159
6954274
6877085
6902728
6952613
6941301
6930753
6909606
6936710
6928330
6928699
6964803
6902591
6934506
6902307
6901996
6936859
6966182
6909602
6885390
6936749
6950193
6923605
6912086
6936559
6878616
6898794
6920840
6903140
6956255
6967037
6932250
6882617
6908747
6886811
6946519
