7040
6604
6681
6591
6973
6593
7669
7304
7751
7092
7023
6593
6794
8171
6832
7016
7894
6606
6857
7020
7375
8152
7269
7686
6935
6734
7156
8877
9108
8662
8827
9193
8651
8739
8501
8709
8288
8762
8793
9319
9198
7627
7019
6833
7008
8145
7324
6832
7105
7485
6609
6894
7621
8139
6789
7005
7318
7011
7274
7881
7464
7393
9433
9685
7547
8292
6622
7538
7047
7990
7002
8385
7259
6873
8574
8426
8358
7383
8223
8301
11807
8587
8239
7987
6592
7956
7112
7216
6894
9175
7153
6640
6589
6910
6886
6754
6591
9855
6592
6689
6592
6846
8057
8007
7315
7111
6597
7190
7633
7185
7620
6792
7567
6905
6603
6900
7985
7764
8153
6750
6599
6708
7255
6912
7017
6605
7049
6591
6679
6592
6755
6633
8576
6846
7547
6593
6926
6593
8600
6672
7622
7333
7750
7569
7626
7284
7162
6599
7675
7811
6809
6646
7260
7013
6794
6616
6753
7017
6587
6784
7160
6681
6879
6857
6700
6647
6598
8187
7522
7092
8178
7048
6602
6630
6604
6586
6814
6591
6619
6593
6821
6606
7247
8006
6836
6606
6648
6602
6587
7006
7118
8496
7093
6887
6592
6830
6620
8354
7843
6875
7114
7134
6676
6783
7003
6768
6663
6627
6673
8964
7589
8169
8394
7511
6786
8612
8773
8222
6804
7027
7075
7060
7142
8122
6887
8862
7423
8725
7355
7010
7576
7444
8109
8726
6874
8109
7465
7015
7885
8686
8359
7362
7191
7331
8311
7311
8178
6683
8075
7148
