368
361
379
352
344
338
342
350
343
342
345
349
341
348
346
340
342
346
345
346
347
362
357
362
357
361
353
352
366
361
355
355
359
358
359
363
367
361
360
358
359
364
367
363
363
362
355
365
358
359
359
393
389
377
391
364
356
340
344
349
362
345
346
344
342
352
364
365
358
353
352
344
341
334
341
351
343
345
344
347
343
342
346
343
344
342
339
341
347
351
358
361
351
352
340
344
345
348
344
337
347
351
348
356
346
348
347
348
347
345
343
344
343
350
369
344
344
348
345
344
353
345
346
348
344
349
344
347
343
345
345
349
350
346
349
346
344
356
347
353
350
345
364
348
346
348
345
350
346
347
349
345
361
360
352
353
360
353
347
351
347
341
338
343
350
344
342
340
344
345
343
342
348
339
337
341
350
344
345
345
346
346
349
352
341
352
344
344
345
351
345
347
338
345
340
345
345
344
344
342
341
342
346
347
346
346
351
339
343
342
344
345
351
344
344
345
350
338
346
349
343
343
346
341
348
342
344
345
346
341
345
351
347
347
359
360
359
358
363
362
360
365
357
363
361
361
364
362
363
359
366
382
365
366
368
356
