1262
708
709
756
716
713
708
692
706
705
746
708
716
726
722
733
704
720
720
711
739
708
725
712
702
727
723
722
704
694
743
726
711
785
764
780
737
704
703
739
756
709
693
720
721
751
708
712
710
712
737
697
724
725
722
778
726
720
709
695
762
751
693
710
698
748
724
710
695
701
758
710
700
704
741
753
730
684
724
716
730
691
708
720
725
731
700
731
725
703
727
728
712
711
687
724
726
713
699
700
752
718
704
691
715
736
715
695
706
722
748
711
724
721
723
704
716
716
718
708
750
738
722
711
691
760
745
706
695
717
785
726
709
691
720
740
718
701
724
724
703
739
687
694
722
725
712
703
723
712
702
746
768
751
730
787
725
722
699
697
768
716
715
697
790
792
713
712
706
734
739
703
685
721
717
747
692
716
725
702
735
706
722
706
700
721
736
721
711
702
748
713
722
688
706
751
699
697
707
732
746
710
754
756
719
760
718
721
707
709
743
695
729
709
708
727
710
719
708
707
754
739
716
851
784
917
737
745
694
720
740
713
697
713
719
728
701
726
759
744
739
706
733
708
696
721
726
720
703
690
746
720
718
695
684
749
