11
4
4
7
6
6
8
7
7
6
7
5
5
7
6
7
7
6
6
7
6
9
5
7
7
6
6
4
9
5
7
6
5
5
4
9
5
4
4
4
5
4
6
6
5
4
4
4
5
4
5
4
4
4
5
4
4
4
5
7
5
4
6
4
9
4
5
11
5
3
5
4
5
4
6
5
7
7
4
6
5
5
4
5
4
5
4
6
6
5
6
7
5
7
6
5
5
5
4
5
5
5
4
6
7
6
6
6
6
7
5
7
5
6
8
8
5
6
7
8
7
6
6
6
6
7
7
7
6
8
6
4
6
5
8
7
6
7
5
6
6
7
4
4
4
12
6
13
4
4
6
10
4
4
12
4
5
12
8
6
4
6
5
5
4
4
4
4
10
4
5
7
8
3
6
7
7
7
6
6
7
7
6
7
6
5
4
4
4
4
5
4
6
6
7
5
6
5
7
7
6
7
8
6
3
5
4
6
4
4
4
5
4
10
5
4
7
5
26
5
4
8
5
5
5
7
7
6
8
5
7
7
6
6
4
6
6
7
7
7
6
8
6
7
7
6
6
6
7
7
15
4
4
5
6
7
