132178
129054
130803
130943
130573
129069
129112
129400
128825
130154
129062
131003
129600
130871
130110
129551
130591
131213
129307
130383
129409
129940
129885
130429
129676
131812
132964
128757
130867
129895
130834
130427
130602
128869
128946
131153
129858
129051
129092
129656
130035
130314
129842
130554
131404
131623
131286
131159
129648
132786
129552
131668
129692
130594
131966
129825
130286
130358
133942
131754
128451
130629
130792
129982
130182
130254
131697
130671
129174
130099
130326
130258
133073
130278
130881
130938
130736
130746
131666
129746
130628
129497
130602
130747
130189
130481
131482
130914
130361
130582
129422
130323
130292
129406
130393
129092
130658
130596
130972
129136
129960
130827
130341
130142
129890
129663
128889
129442
130709
128800
129519
129663
130968
128662
129294
130998
130009
129644
131706
130471
132154
129166
131252
130592
129302
131042
129159
129580
130439
132056
130319
129266
129543
128760
130401
130044
130021
129855
129951
129579
132404
133837
134670
130808
132017
129380
128904
129265
129763
131142
131622
131114
130210
130896
129897
130575
129983
129767
129597
129054
129615
130629
129746
129359
131198
129285
129291
130565
129798
129005
129158
130605
128515
129695
128998
130257
129562
130455
129349
131456
129560
129059
131878
129128
130998
129650
130579
131688
130836
129864
129082
130091
129853
129882
129671
131139
129370
129215
130149
129158
130543
130727
130423
129075
130534
130301
131817
129811
129209
131108
131552
129260
129293
129852
131048
130196
129814
129638
129627
129763
129906
130975
130062
128990
131851
130729
130403
129959
129592
131414
129191
129633
130301
131102
130661
130367
130915
131429
131097
130631
130382
133225
130473
129597
130367
130813
129289
129339
130188
130627
