62684
58340
58698
59317
59467
58744
57338
59781
59033
58073
59143
59819
58472
58828
58083
58214
57431
58245
60498
59350
57662
58534
58504
59776
58747
59052
60558
59871
59112
59399
60206
58527
58321
58431
58109
58085
59770
59313
59966
59548
60024
60471
58906
59246
59720
58264
60686
59119
57760
59371
63574
58488
59914
58472
57783
59654
60005
62276
58912
58910
59582
58454
57551
58559
59184
57882
58225
59713
59996
59911
57829
60855
60008
59365
59446
59515
58584
59619
60907
58684
59026
58717
59612
59592
58008
58690
60164
58409
60363
59775
60005
58799
58411
58807
59112
59962
57944
58487
59506
59868
58466
58925
59554
59796
58111
58672
59895
59946
58291
60062
59339
57976
59013
59376
58959
60152
60508
60196
58922
59276
59544
58605
59451
59044
62407
60606
59215
62247
59990
63089
63726
60347
63780
59715
62684
59093
60098
62220
63080
61588
61800
61942
59978
63804
59665
61839
62752
60694
64445
59199
59525
61068
57924
60270
59536
60748
58237
61602
59935
59904
59767
59659
58204
58799
60099
58563
59052
60676
59139
59012
58568
61779
61302
58389
59580
58744
60044
58743
61754
59995
59077
60135
59461
58413
59860
58184
60814
58685
58668
60192
59706
59016
59151
59301
58588
61155
64064
59527
59084
59386
62979
59077
58484
58809
58957
59529
59042
59121
60583
59136
58952
60873
59762
58661
59239
58914
57584
58510
60495
59496
58870
58442
59781
59740
61703
59941
58685
58450
59943
59208
58532
58297
60318
60860
57837
57917
61163
58260
59728
60595
58769
58049
58880
60726
59802
59512
59133
60469
59516
59857
