46995
41978
42612
42487
41059
41847
41934
41308
41066
42573
42976
41198
43455
41498
41333
42092
42038
42234
42747
42706
43096
41804
42285
41215
41199
42791
41736
43779
41537
41322
41937
42068
42878
42337
41290
42054
42770
42684
41631
41704
42662
41144
42603
42283
42632
42083
42061
42195
42234
41893
42496
41206
42917
42510
41791
41526
42797
42662
41028
41869
42021
42373
41167
42837
42443
41672
41436
42480
41877
41457
42841
42962
42347
42598
42315
40840
41906
40963
42642
41821
42543
42645
42257
42771
43148
41284
41697
42682
42615
42545
42001
42961
44111
43104
42701
42877
43262
42781
42193
41812
43377
43674
42329
43280
42909
43615
41763
43502
42935
42581
41556
42315
43823
42714
43021
42653
42094
43871
41549
42305
41865
41458
45756
43179
44032
42311
41779
41907
42087
43484
43557
43150
44501
43809
42814
44310
42669
43189
42257
44317
42856
43569
44096
42981
41731
42108
43862
41446
42661
43603
43891
44115
41805
43982
43783
43922
42305
41873
42781
44537
43685
42326
43146
43664
42276
42700
42738
42259
42649
42675
43391
43387
42582
42531
43313
43494
43509
42252
42009
42173
42399
42416
44605
42763
43356
41996
44193
42784
44631
44356
41684
43070
42616
42923
43678
42806
43510
43197
42159
43314
46929
44467
42710
43599
41453
45255
43130
42558
42583
43295
42820
42567
43792
43870
43901
43585
42602
44184
42386
44403
42354
42485
43011
44934
44744
42704
44088
42841
41755
41331
41470
41350
43249
43636
42590
42710
44186
42791
44332
44035
43020
43897
44111
43145
43209
43297
44101
42900
43838
44137
