66624
63282
64100
62777
63692
63219
62769
62511
63387
62092
63016
63560
63088
62770
62786
63619
62421
63965
63749
63458
63103
62033
64740
61912
61884
62962
63485
64269
62480
63068
63152
63330
62991
63750
63419
63876
65725
63018
63779
63544
63485
63689
63800
61847
61905
63733
61822
62869
63678
63176
64207
63575
63781
62319
63837
64436
63385
63962
62643
62748
63453
62130
62892
64311
63821
64149
63029
61758
63136
62734
62804
62000
62318
64087
62264
63992
62782
63591
63247
63728
61978
62681
63312
63581
61957
63183
63998
62827
62791
64190
61852
63041
63881
63622
63657
62013
62890
62839
63362
63540
63148
63582
64641
63397
63751
62755
63249
63934
62975
64027
63572
63403
63043
64409
66209
62628
63123
63489
64858
63636
66513
63502
63565
62615
62002
62623
61775
63057
61754
62137
63167
62794
62822
62886
64819
63209
63143
63486
62293
62264
61578
62922
62849
62323
62848
63232
64571
63266
63413
62799
63628
62449
62766
62927
63008
62397
62360
62318
63942
61881
63696
62427
63429
63404
62486
62499
62081
66663
62173
62623
62261
63737
62966
63454
61509
62846
63110
63465
63922
63168
63285
63056
62422
63727
62994
62647
62015
62472
63528
62088
62923
63371
63674
62620
61632
62513
63975
62788
63830
63570
63357
63321
62152
64035
63505
62996
61494
62746
62468
63743
63170
61940
62914
62363
63674
61809
63318
62427
62800
63925
61896
63686
62249
63412
64333
64206
62863
61786
62578
62332
63483
62410
62960
63436
61866
63465
63286
62481
61693
62612
64107
62837
62397
62384
63099
62849
61685
63536
62959
63098
