58952
55478
53263
53748
53621
54127
53236
56085
54818
53669
54884
53668
55484
53250
53215
52123
52248
53474
54668
53438
54338
54959
53524
53932
56195
55532
54882
53903
56655
54104
53524
55487
55604
54069
55629
54232
55386
54098
54882
53419
54009
55893
56520
52844
54055
54549
53326
54996
55146
53830
58359
53599
54144
54071
54724
53159
55216
56097
54287
57277
55686
54047
54061
54181
52994
54452
53444
55875
56528
53727
55425
54081
55788
57088
57064
57473
55919
54799
54415
54331
55120
54806
54938
53634
53163
54750
54012
52688
54613
54386
54747
53662
53578
53363
52828
56006
54027
57456
55198
54643
55186
53435
53285
53859
55562
56432
54956
55191
53299
55034
53499
56556
53882
55533
55314
52483
54858
53768
55708
59200
53834
55081
53548
56200
55079
54800
53213
53134
54640
56560
54696
54806
53181
55924
53183
53469
54728
53196
54048
53415
54443
55125
55433
54992
53263
53934
54845
63517
55018
55036
54870
56652
55233
56453
53777
53448
54435
52090
53592
54725
54205
53380
54668
54463
55602
53666
54404
52681
52968
54275
54858
55731
52896
55715
54202
54734
54038
55274
53625
54077
52903
54207
53258
55673
54112
53593
53405
54698
55901
54335
54341
55000
55035
55771
54079
55182
55017
55450
55450
56098
55138
54233
54120
54446
56679
54590
56331
54087
54020
57248
58179
53588
54098
55608
52873
56493
55736
55504
54094
54652
54781
57467
53947
54465
54392
56398
52868
56043
55667
55181
53922
55878
54200
52837
56518
52650
53891
53902
53959
56498
52446
54738
57115
53855
54853
54203
54542
55585
53235
53378
