69379
65183
65911
65300
65135
63875
64054
63316
64285
63129
64011
62989
64171
63218
62807
64942
65717
63287
63801
65239
62982
65187
64816
65249
64540
63679
64826
63847
63794
62951
63344
64993
64455
64201
65226
64979
64720
63603
63858
63563
65180
63836
64132
63396
64971
63908
65318
64398
64764
63021
65636
63803
63851
62265
63548
63438
65528
64720
63204
64166
64341
64237
63808
64938
63365
63784
63097
64750
62556
64097
64157
62883
64944
62894
64811
64281
63949
63503
63623
63777
63259
64984
63549
64980
64909
63600
65791
64199
63254
65466
63964
64507
65245
63339
64575
65926
64772
64129
64988
66415
66331
65152
63453
63425
62493
63981
64885
64191
65111
64657
64226
64301
62569
65163
62880
63300
65264
64881
64413
64574
66416
64414
63393
64980
64424
65412
63668
64578
63458
63060
64735
64628
65988
63252
65498
63872
63957
64828
65152
64098
65567
63455
64033
63308
64602
63680
63071
64507
65867
65459
63800
65268
64199
62792
65125
66122
63018
65037
62877
64266
62585
64646
64189
63857
62677
65172
63892
65477
65163
65846
63574
63882
65717
63136
64151
63755
63753
63654
65579
64312
64441
62520
63721
65821
63653
63809
65116
62926
62665
63513
63615
63520
64051
64431
62294
63305
64254
63289
65732
64312
65487
64458
64015
64961
64071
65850
63933
63382
64518
63741
64572
66302
65463
63823
62632
62677
63533
64862
63540
65216
62667
64882
62146
64387
65051
65588
64820
64572
63140
64665
65281
64805
64005
65226
64899
65284
63377
63789
63274
69330
65025
65785
63943
64129
63349
63678
63264
64698
65051
64314
