56998
53188
52073
52008
52343
52915
52486
52687
52573
52205
53360
52427
51815
52095
52721
54076
51452
52931
51603
52436
53184
53132
54507
52622
52721
53117
51950
53435
52573
53420
52761
52090
53565
54643
52947
51989
52285
51940
53326
53026
53138
52096
53376
52517
52395
53145
52053
53676
53239
53659
53813
53268
52675
52678
52994
54165
54853
53102
52708
52169
52889
51355
52147
52500
53091
51795
51182
52013
51895
52105
52399
51994
52593
52205
52475
53019
52344
52121
52404
54034
58688
53816
53870
53199
51646
52954
51848
52700
52167
51704
52010
53016
53145
51919
53079
52730
52092
52281
53532
52313
53539
53291
52511
53075
55237
57586
52055
52286
52730
52658
53346
52968
52770
52152
51963
53291
52264
52892
53059
51721
53662
52087
53121
53347
52396
54131
53055
52235
53359
53433
53449
52745
52664
51806
50989
52597
52169
52686
52239
53418
52551
51440
53236
53582
53974
52879
53264
52586
53813
52496
54090
52863
51377
53207
51866
52670
53653
52619
52504
53992
51755
53000
52536
51825
52060
52902
55669
52965
51580
52322
53519
53116
51740
51841
53949
52259
52309
52169
53404
54266
53162
53105
53945
51907
54061
52785
52210
52094
52642
52360
52037
52337
53862
51703
52979
54407
52218
53649
53257
52451
52874
53006
55583
51947
52907
52500
52387
52612
52968
52570
53127
52104
53134
52424
52952
53150
53544
54311
55146
56981
53144
52280
53477
58322
51631
52304
53419
59216
52536
51797
51671
52556
52539
52912
52067
52135
53072
52334
52745
56198
53491
53056
53160
52403
52870
53320
53018
51491
53888
53359
