51310
45889
45642
47069
48000
48303
47452
46831
46238
47652
46878
46439
46635
47162
46194
46563
48280
45969
47141
47190
47045
47894
51537
46676
45886
47560
46296
47296
47593
47127
50520
45336
46352
46368
47980
47639
46569
46717
46841
47013
46014
47127
46674
47637
47378
47787
46817
46680
47070
46804
45864
45747
48384
49456
45803
46425
47126
47728
45840
47939
45415
47677
48912
46604
46818
46822
47298
47109
45670
47642
46117
47266
47097
47315
46232
46367
46599
47822
48336
46253
46508
48043
46596
47531
46889
48972
47521
45899
46276
46596
48136
46792
47330
45743
48057
47819
47199
46375
46509
45424
47186
47741
47445
45852
46051
47100
46908
48095
46563
46547
45339
47730
47751
45775
47579
48073
46825
46055
45664
45198
47052
46791
46672
46044
46946
47303
46898
45725
45813
47855
49742
46169
45914
46539
46148
46549
44492
45910
47184
44998
47229
46301
46278
45135
45004
45632
45249
45555
45366
47443
44995
46520
45570
45537
47657
46696
45201
45778
44835
46387
47222
45529
46552
47204
45947
44857
46299
45658
45346
46903
45198
44927
44886
46106
46272
46316
45612
45659
46557
45544
47083
45610
45764
45393
45394
47413
44893
45326
45073
44985
44544
45085
46800
45166
45349
45192
46429
46416
45476
45803
45798
46729
46259
45388
45096
45113
44973
45042
47197
46481
45680
46035
44347
45966
45058
46473
46344
44808
46545
47548
46908
44436
45668
45168
44643
45111
46396
45580
46075
45519
46549
47251
45444
46603
46838
46248
46563
47521
46510
45944
46015
45818
47448
45390
46650
46628
47555
46228
44987
47184
