143925
138634
140002
139679
140923
138800
138763
139289
133269
140152
138761
138515
137839
138644
139249
139548
139509
138529
138470
138096
139544
137811
139156
139110
137268
139030
137605
139711
138306
139659
138655
139350
138171
139783
137799
138164
138666
138097
140825
137979
139549
138611
139554
139655
133951
139823
138435
137641
138525
141046
138481
139415
139449
137372
139901
138219
137970
138668
138432
139161
139090
140603
139681
140755
139254
139321
139440
138868
137942
139262
141252
139708
139027
140828
138325
138085
138932
138612
136111
140255
139495
139187
140274
138286
138856
138376
137656
139235
138745
139162
139404
138749
138767
139266
138708
138049
141150
139055
139497
138482
141155
138460
138595
139238
139216
140241
137784
138384
138865
139168
138860
140199
138608
138217
138787
138514
139574
140182
139573
139185
140383
139160
139324
140211
138933
140536
138474
138595
139718
137647
138895
139390
138887
139452
139558
139408
137471
137761
138371
139140
137549
137570
138367
137684
139301
138940
137704
138423
138939
140153
139408
139853
137920
142369
140577
139856
140117
138191
139044
140292
137436
137490
138954
137372
139609
139865
137747
137472
140059
139706
138391
138194
138141
138203
140059
137406
137644
138582
138563
137976
138359
139540
139229
139401
139011
140585
139307
140440
141310
138705
139261
139657
138681
139564
138858
140319
142557
139479
146475
142528
142503
142301
142325
139319
138703
137188
136602
138804
138677
139612
139896
139727
137975
138062
139051
137351
139582
143718
137067
142422
139556
142903
140236
137899
140127
138657
137512
140000
137163
139749
137738
137895
138120
138095
138038
138829
138794
138395
139691
140257
138271
140228
139509
137633
137786
138575
138973
139814
139086
137752
