58130
55682
55963
57722
54462
56198
53926
56564
57384
56372
56760
56025
57923
58634
59112
55768
56095
58008
57628
55547
57323
55973
59631
58403
58258
56634
57787
57439
58659
55885
55695
56580
57645
57776
57847
56677
58907
58798
56030
57978
57237
55894
58356
58516
57997
55753
58822
57677
56539
58008
57389
57138
58002
57458
56753
56586
58562
57889
57810
57507
57066
55460
57112
58879
56070
56815
60093
58170
58041
58449
56132
56527
56649
59103
56235
59164
56221
57187
57043
56799
57133
56968
58498
56957
57495
56648
56142
59706
58284
55873
57242
57028
56866
58136
57343
57269
56516
57140
56094
56276
58780
56854
56402
58833
56818
57330
56766
56256
56747
58806
57723
57115
57910
57884
56262
56618
57967
58165
56916
56176
57895
56980
58910
56384
56515
57366
56594
55824
58810
56334
55717
56030
57327
57506
57454
57011
56937
57378
58622
58172
58342
56603
56539
58791
56291
56093
57774
56086
56267
56541
56573
56812
57894
56964
56919
55256
56796
57220
56473
56056
56490
56539
56360
58701
57281
58010
57051
56753
56415
57650
57401
56360
57679
55826
57006
56882
56028
58093
57761
57659
57252
57545
57929
58938
58079
56420
56117
56006
57466
57099
58151
57736
56729
57177
57166
57225
57445
57622
56395
56148
57037
57304
56484
56436
55614
57110
59398
57087
58645
56905
57736
57214
57082
56241
58271
56267
56322
57333
56655
56383
57480
57620
56916
57897
57709
56907
55293
57513
57626
58951
56627
57853
57120
56672
55306
57237
55974
56566
59118
57210
57822
55920
57514
55222
57741
55381
57281
58624
59099
58313
