49521
47868
45988
45628
46778
47775
46404
46081
45980
46137
46163
45042
45443
45033
46668
46609
45583
47389
45780
45498
45029
46628
47060
46437
46189
45494
46661
45436
47165
47065
45825
46786
47567
45282
47207
46674
45863
47308
45900
45898
47121
45824
45971
46402
45444
46858
47087
46667
46182
45222
47495
46461
46880
46885
46492
45186
46683
47206
45864
45672
46251
46680
47160
46208
44991
46548
46468
45507
45699
47034
47377
46244
46503
46856
46535
45845
45689
48174
47025
45384
46327
45800
46144
45814
48266
46649
47031
48563
47444
46083
46621
47608
45871
46183
46260
45871
46033
46821
47477
46977
45769
45559
46455
47952
45842
44888
45173
45974
46495
47683
45179
45188
45658
46961
46574
45218
44979
46632
46827
46335
45324
45509
46082
45994
45948
45288
46038
46341
46550
46699
46492
47655
45497
44863
48396
46570
45543
46375
45854
46903
45974
45490
46096
47019
47193
46967
47967
48273
47082
46723
46586
47985
48865
46600
45662
47646
47478
46777
46184
47700
47300
45627
45923
45601
46469
46988
46451
46375
45334
47791
48446
46714
45472
47289
46811
46049
47508
45745
45915
46425
46211
46245
45932
46349
46945
45894
46874
46321
47420
46465
46910
47421
45585
46652
47667
46330
47884
47561
46873
49546
49112
48501
46867
46350
45807
45791
46733
49041
47240
44590
45906
46209
45650
45549
45415
45372
45619
44623
44098
45557
45723
46056
44774
45781
44391
45391
45627
45253
44948
44569
46623
45239
45665
46553
47471
46933
45494
47623
45900
45680
46821
46014
48484
47015
45820
45674
46659
46756
46543
47399
