48443
44080
43978
43791
44817
41721
43321
42795
43701
44705
43123
42303
43381
43654
42930
42102
43104
42886
44179
44319
43761
43224
43400
43598
44071
42656
43492
43389
43259
42833
44009
43149
43985
44240
43546
43232
42509
43651
43659
42512
43078
42763
44379
42774
43396
43105
42790
43337
41788
42525
43085
43658
43204
43641
43236
43239
44382
44150
42644
42844
42736
41783
43873
43440
44099
43740
42777
42430
42764
44174
42789
42801
43893
43533
44438
43889
42074
42089
45796
43360
42799
42870
42719
43466
42583
42988
41890
42553
41991
42430
42651
42525
44287
43183
43050
43253
43292
43137
42663
43352
44179
46174
43529
41951
42820
42674
42648
43043
43072
44224
42838
42046
43975
43018
42172
43628
42545
44159
42863
42949
44310
43460
43754
44012
43256
42441
43185
43490
42484
43276
42325
42384
42366
43178
41996
43313
43485
42544
42698
44733
42794
41974
42961
43757
43988
42671
44064
42930
44288
44079
42887
42704
42109
42733
43637
42267
44463
43421
42955
43448
42457
42549
44406
44607
43310
43307
43937
44135
42063
43163
43989
43452
43726
43411
44729
44394
43058
42846
42844
43159
43625
43282
43830
43296
42435
45055
42792
43406
42909
43108
43937
43284
44407
43135
42393
42566
41947
42852
42789
44398
44867
42829
43361
42935
43146
42466
42406
43288
46143
43944
44022
42264
43094
43680
42779
43171
42963
43552
44763
42993
42958
42573
43014
43288
43378
43179
42970
43821
43165
42625
43072
42436
43767
43382
42231
43864
43916
44122
42771
42875
43366
43106
42617
41731
43409
44186
44351
42353
42433
43885
