32996
31583
28071
29693
30240
28385
28187
30595
27076
28874
29095
27877
26927
29444
27649
28154
28396
27172
28319
28188
28530
28550
28292
26386
28910
28406
27304
27758
27257
27877
26602
26976
26998
26813
27611
28852
28029
27679
27820
28964
27352
27230
26284
27673
27575
26452
26925
26605
28081
27567
26853
28788
27015
27497
27324
26754
30824
28895
28625
27982
26370
27878
27932
26736
27791
27146
26912
27341
26639
28743
28053
27178
28354
26993
26974
26954
27938
29253
28413
27393
27250
28410
28472
27342
26037
26659
26777
26512
26952
27017
26809
27052
28533
29084
27377
28215
27146
28524
30500
27733
29255
28585
28744
26951
29124
29082
27329
26048
27988
29034
26320
28336
26245
27457
28856
27975
27473
28530
28118
27637
28514
26177
29157
26858
27493
27878
28225
28098
28238
28602
26375
26993
27764
28383
28399
27980
28073
28039
26886
27122
26693
26234
28096
27274
26955
27283
28674
26837
26881
28093
28552
28261
28063
27285
27887
28551
27899
26122
28798
26834
28424
27823
27972
28877
27018
27938
26802
27089
27092
28049
27766
27341
27480
27951
29054
28301
26777
28737
28089
27347
27337
27260
28018
26439
26415
26907
26394
27221
26821
27020
27603
30564
28443
26578
29496
26456
27484
26343
27867
27557
28495
30039
28215
27362
27851
28716
28265
29120
28337
28939
28621
28121
28173
28850
27629
28308
27872
26144
27599
28659
27237
27863
27386
27042
26725
27859
27848
28370
27614
30169
28457
26962
26580
27092
26038
28206
27256
27759
28450
28518
27469
28452
27512
28704
28368
28578
27946
27307
27599
28866
