29915
28756
29148
26281
29132
25945
29382
24216
26336
25795
29270
26077
25438
26815
29209
25663
25218
25892
29360
24490
24028
25842
28368
25882
24741
25392
28899
25486
24959
24703
25889
28197
24947
28256
28645
27063
24858
25378
25248
27975
24641
25167
24845
28687
25266
24609
25716
28953
24978
25357
25831
29380
27460
26483
27178
31248
25977
25667
26680
30213
25083
27082
26038
29667
25530
25677
26989
29943
26791
24933
25180
34131
26367
26205
27312
30385
25595
25472
27918
32011
26446
26148
25204
31528
26751
25795
25904
25979
28418
25359
25396
25459
25829
26676
25920
25043
28875
26354
26379
24475
28669
25742
24824
27937
29468
26806
25130
24948
28552
25477
24621
25184
28751
26385
25293
25773
29231
26297
27462
25016
27593
26793
24965
24678
27499
25834
25417
24731
25065
27825
24222
24959
25383
27061
25629
25936
25018
29556
25345
24648
25606
28371
24635
25600
26215
30950
26453
24875
26229
29837
26040
24360
24951
30581
27440
25004
25770
29879
25923
25914
26031
28257
26313
25224
25144
24559
28875
25205
24343
24413
28688
24940
24372
26798
26259
25166
25648
25286
30004
25843
24112
25314
30196
25003
25773
24967
27453
26774
25541
27378
28710
27316
24430
25581
29651
26359
25622
27722
28334
26570
25502
24826
25562
29626
25607
25738
25354
30449
25498
24550
24525
26128
25256
25048
25032
29061
25014
24710
24512
27753
26001
25902
28534
31594
25130
25664
24798
28519
27497
29002
25765
27998
25997
25129
25729
28958
25761
26049
25223
29045
25058
26336
25497
31904
25944
25580
26149
29978
28924
25545
