134178
131613
130385
130707
132695
130857
130010
129448
128631
129437
129715
128993
130508
129381
129520
134480
128099
130307
131884
129133
131028
129253
130534
129530
129282
129791
130983
133509
129757
131996
130621
130513
129324
129526
131119
128589
129341
131315
130839
127757
131429
130215
129042
130501
131072
131005
130317
128444
128471
131563
133069
129798
130913
131609
130122
131581
130095
128552
127650
128050
129692
128694
130377
129220
130438
131247
129359
128862
128571
128703
129967
128587
128486
132563
129039
130123
129317
129624
128742
131064
129768
129250
129940
130452
130865
130089
130145
128926
130894
130144
129141
131931
129057
129131
129708
130742
128729
130795
129295
130047
130569
129476
130493
130231
129432
130543
130534
129313
130486
129784
131103
129313
130552
130472
129948
131367
131105
130279
131122
129138
130705
132059
129867
131361
130767
131796
130094
128894
129185
129685
130047
129838
129472
130439
130766
129780
130651
130809
129544
128817
129158
130681
129860
131429
131847
131842
129962
129443
131159
130184
130218
130236
130174
129389
129913
129815
131381
128906
128766
131114
130337
129970
129865
129244
129250
129150
129900
130315
130084
130782
131160
130955
131364
130753
129872
130085
130338
130113
129455
131376
131414
128983
129381
129336
129292
129830
129204
130495
129848
129207
130191
131485
129263
129502
130629
128614
131864
132343
130249
129457
130224
130048
129329
129906
129645
129582
128891
129812
130432
129850
130546
129405
130792
131104
129596
129476
129789
130718
130467
131900
128319
129672
129442
129073
129280
129143
129874
129784
128468
130364
131623
129939
130621
130402
129418
130368
130907
130658
129926
129506
130101
131117
130483
128745
129600
129663
131272
129693
129349
130089
