48462
44496
44240
43190
44222
44734
44152
44086
43920
44630
46174
43745
44067
43575
44108
44523
43411
44142
44781
43024
43338
44015
42334
42444
42469
42784
43795
45182
43330
42505
44039
43241
42004
42893
42622
43192
44886
43050
44465
43768
43645
43909
44891
44336
44162
44619
44570
44091
44403
43870
44114
44310
42651
43779
44175
43913
42698
43673
42810
45558
46087
43121
43987
43704
44303
43778
45478
45079
43808
43525
43159
44145
45289
44658
43110
44687
43872
43459
43089
44746
44276
43494
43197
42779
43369
42739
42959
44719
43466
45017
43261
43329
44322
43063
43443
43854
45141
43037
43730
44418
44261
43841
43004
43327
44897
43943
45082
46014
44315
43825
43634
44383
45090
46209
44103
42805
43663
43854
44344
46263
45672
44084
44741
43676
44766
46390
43026
46308
43954
44266
44121
43290
46034
45282
44431
43460
45046
44080
44925
44191
45735
44609
43504
44744
43445
43369
43308
44770
45286
45206
44397
43291
44385
43780
45924
45627
43290
44693
44647
44643
44542
45265
43957
43599
42745
44409
43661
45158
44504
45024
43971
44028
45827
43010
45290
45685
46372
46126
43706
43028
43884
43968
44427
44496
44741
43759
43522
43642
44031
45227
43610
45214
42589
43048
43282
43843
44560
44055
45349
43892
45590
44356
43839
44293
44255
43488
45104
44530
43123
43520
43160
44650
44439
43941
43177
43097
43314
42951
44463
44848
44457
43771
45141
43452
43568
42591
45256
42915
44904
44170
44811
44234
43543
44279
45464
44080
45641
44320
44342
44550
43109
46018
45528
44618
45020
43926
43869
43434
44268
44449
