143332
138561
136734
136976
139049
138923
139047
139391
138782
138925
138143
139629
139726
138164
138163
136684
133452
139501
138162
139537
139438
136094
141138
138953
138128
139718
138471
138742
138396
137887
140023
140482
138089
139848
140146
139201
139537
139639
138506
138090
136782
138293
138447
136998
138384
138621
139529
138085
136950
138090
138472
140177
137629
137473
136966
136885
136876
138018
135596
138769
138829
137641
138721
138398
139694
138470
139483
139422
138551
138633
138956
137987
139252
139197
138003
139748
139654
139957
139733
140635
139955
139698
137549
138346
139818
139297
139428
140992
137696
137503
139422
139408
138936
140981
138564
139096
139309
138486
140891
137751
138798
138555
138695
139909
139283
138684
140074
139577
138504
139918
139920
139068
138976
139658
138869
137531
137772
138213
140535
137596
138530
139317
138900
139071
137362
139302
140184
138630
138126
139320
138549
137224
139349
139023
139185
138015
139905
138853
138654
138806
138355
139398
137552
139864
139421
138142
137976
138689
139105
139174
140126
137885
139162
138664
139059
139589
138797
139529
139232
137888
139241
139253
138666
141284
139862
138138
139787
139331
139487
141463
139824
139732
139094
137917
139019
137839
139556
139798
139546
139347
139046
139014
138991
138751
126222
139374
137543
136809
139749
139615
139187
138268
139002
139006
137684
138758
139015
137848
139561
139523
138601
139676
139418
139565
139110
140568
138556
137811
139187
137826
139032
139742
138324
138931
139024
137354
139712
139505
137849
138948
139731
138751
138206
124078
139206
138723
140361
139196
138063
138844
137284
137585
139800
138879
139161
139973
138693
138244
139587
137720
140089
139267
137433
138692
138705
138312
137932
139495
139577
137889
