50476
47881
45497
47278
46285
47598
47094
46981
46078
45727
48075
46453
46380
46696
46758
45858
46115
46267
46802
46098
47232
47443
48190
51645
48910
47247
47073
47669
45959
45837
47225
46831
46959
47181
46971
47210
46360
47032
46865
45115
44265
45169
46072
46205
45282
46549
44992
45355
46283
45110
46679
46078
44373
46063
49078
48383
45893
45705
46799
47793
47799
47252
46356
46180
46759
46541
45810
46289
47203
46511
47769
46202
46766
48609
47448
46438
47467
46596
47083
48093
46792
47216
48006
46354
46283
46195
45571
47048
47023
46274
45595
48490
47674
46594
47075
45571
49060
47520
46693
46227
47829
45497
47591
46610
48143
46658
46202
46672
50210
52429
47718
49993
47820
46043
47660
47702
46665
46480
46382
46913
47417
45290
48262
47647
46418
46793
47062
47130
45725
45920
47815
45345
46657
46177
46979
47908
47669
46909
48050
47377
46908
47690
47669
47860
47305
47106
46922
46619
48140
47238
47971
46374
46019
47777
48694
47999
48562
49202
49099
47161
45681
46641
45406
46239
45405
50678
45528
46464
45841
46855
46881
48184
47960
48435
46845
46996
48539
46545
46530
46216
47427
47157
47016
47904
46233
46883
46470
48557
46792
46232
45877
46612
48367
46809
46396
47494
48098
47761
48264
49232
48561
46820
48156
47389
46728
47609
46083
45876
46821
46743
47645
47858
46357
46296
49864
46023
47595
47613
47089
46591
47524
45709
46758
46815
47170
48825
46788
45803
46454
46914
46775
46865
45743
46970
46266
47010
47583
47136
47068
49236
47919
46288
45794
47601
46087
47003
46562
46007
47103
45810
