51661
47556
46839
45931
47486
48274
48068
45624
45914
46744
46983
48183
46476
47146
46826
47031
46700
46065
45530
47502
48193
47694
49621
48030
45576
47418
47252
47057
46647
47354
47777
47052
47021
46183
46251
47779
46910
47262
46346
47790
48433
46198
46504
47670
47252
46475
47946
49357
48064
47129
46169
45874
46615
48406
49828
50360
49927
47570
51707
49354
46618
47663
47347
45285
47588
45240
46610
45916
46653
44923
47000
45504
46276
46154
45943
48345
46164
46757
46123
46742
45492
46446
45686
44649
45702
46661
45678
46284
46915
46637
45679
45834
45644
47284
45241
46067
46569
46468
46302
46629
48180
47857
47986
46364
46023
47035
47038
46986
47216
47837
48204
47642
47019
47107
45875
46196
47506
47005
46096
48140
47359
47381
47313
46989
46300
47506
46447
47843
46208
45361
46090
46887
46500
46323
48070
48018
48824
47013
45582
46534
47275
47559
47684
46751
47957
47426
46944
46281
46863
47088
47546
47031
46140
47423
46824
45876
47802
46727
47723
47369
48048
47302
45471
46544
47208
46380
46431
46498
48003
46554
48390
46132
47716
47243
46269
46941
45908
47824
49550
47828
48382
47357
48521
48595
48302
47169
46394
47360
49395
45527
46581
48816
46030
46435
47029
47348
48587
49815
47705
48280
50712
47090
47831
46803
46517
46930
47699
48014
47374
49272
50047
49069
47669
48568
49262
46778
46245
47351
47679
47056
48549
47834
46447
47612
47596
45556
46556
46957
47071
47063
47019
46530
47050
47527
46386
45684
46743
45810
46011
45709
45789
47381
47282
47200
47463
46893
47010
46868
47716
46642
