29920
25821
27355
26048
27619
26044
26693
25549
27798
27279
25310
25288
25684
25333
29771
25330
24966
24693
25688
25721
26934
26069
25139
25127
25455
26686
26536
24679
24699
26407
25074
25473
28052
26614
26113
26252
27126
26151
27379
25898
27750
26068
25226
28032
27323
25548
25950
26186
27064
27908
28165
27320
25683
27416
25002
25381
26259
27123
25556
26924
25751
25957
28476
25429
26318
25147
26299
26249
25292
26213
26246
26579
26071
26128
25668
25386
25784
24864
26185
26333
25313
26299
25147
26006
25240
27900
24417
26267
25921
25644
26475
26099
26688
25242
26156
25168
25716
25637
25234
26137
26573
27941
26827
26838
24488
24938
25883
25371
25234
28180
26092
24922
26085
25007
26169
26073
25967
26052
26670
25534
25542
27471
25281
25829
26682
24442
25977
27575
25221
25559
25623
25916
24811
27379
24790
26253
25844
26179
25803
28338
26380
24848
27540
25268
25023
27562
25477
25382
26095
25963
26357
27857
26043
26195
26517
26117
25431
26336
25731
26034
25126
25360
26098
26842
26742
25463
25850
24628
25293
26419
26289
25797
26131
27149
26544
25577
27815
26619
26983
24805
26595
27233
25479
25048
25991
26819
27466
27000
24980
26993
26315
24952
25680
29311
25438
25352
27880
27246
24817
27130
25804
27577
25999
24893
25959
25455
25279
24392
26757
26593
26026
26737
25388
25222
27136
27295
26171
25807
25314
26249
25255
26889
29053
26737
26311
26602
26619
24962
27166
26213
25001
26610
25718
25336
28542
27354
24518
25398
25808
25557
26237
26073
26952
24890
26229
25145
27513
26374
25640
26043
