58523
55103
57961
57931
54988
54973
55456
55791
56112
58887
54818
54252
56401
56642
55044
58016
54263
56842
59002
57653
55369
55913
55705
58289
58724
55652
58615
56488
56157
57183
57623
55637
55527
57323
57663
57036
58158
56402
55998
55975
55379
57281
57168
56995
56269
57281
56449
57306
57951
56576
59051
58486
58192
55675
59756
57979
58715
57008
58082
56895
56351
55349
57407
55467
55857
56750
58116
57549
58056
55645
55521
58551
56900
57893
55706
58332
56277
57144
56518
57763
58187
57736
55074
56061
57299
55409
56456
55759
56144
55830
55889
58004
56804
56523
56778
58740
57802
58801
55597
55282
55877
58708
59189
56921
57333
55429
57935
57040
54981
56538
56463
56957
57594
59615
56256
57983
56928
58331
55921
57031
56814
58505
57356
55611
57271
57284
55737
58909
56287
57303
57173
58769
56706
57118
55919
57630
57919
56912
56053
57408
56740
59018
58044
57970
57169
57209
57496
55758
59151
57740
58141
55607
57474
58498
56434
56352
57999
56962
56807
57058
55449
57435
56807
59181
57616
56486
56074
56245
57334
56154
59092
56040
54432
57687
57069
56763
58051
56719
55611
58663
57002
58112
58661
56011
56706
57756
56145
57202
58146
57883
55375
56247
57174
55152
57222
55317
56994
57754
56972
57223
58440
55497
55914
57028
57740
57993
62750
58677
56613
58425
57385
58648
56856
56755
59972
56815
55861
59123
56539
57474
55808
56785
57552
57330
56230
58411
56301
56662
58379
55521
55102
55388
57272
56261
57927
56056
56641
57068
57079
58341
58526
55995
57154
56606
56330
59760
56105
55509
55533
57495
