62852
55864
55619
55138
55550
56572
55374
56857
54909
55616
54605
55518
57204
54764
56845
55963
55009
56303
55075
55758
55517
57372
55015
55677
55795
55527
56252
55994
55597
56547
55128
56283
55973
55609
60331
55995
56249
54871
54813
57279
54705
55282
55390
54363
56209
55149
57400
55107
55849
56268
55065
55194
54725
56831
55141
56291
55901
56094
55637
55244
55818
56328
54222
56861
54961
56584
56004
54713
55576
54914
54987
54889
54954
56221
55732
54728
56074
55197
54524
56360
54176
55802
55388
56563
55003
54182
54980
55193
56134
55276
56853
55466
54995
55299
54664
56116
54259
56119
55130
55442
54799
56097
56360
54478
56213
55962
54860
56011
55014
55788
56542
55951
54711
55133
54129
55385
54236
55545
55262
56938
56688
55543
54608
54894
56134
55259
55422
55903
54732
55574
54216
56088
54511
57164
56226
55534
56657
55556
56633
55593
55681
55814
56012
55410
55159
55836
54816
55022
55787
55348
56886
57304
56189
56018
55408
55787
55246
56260
56965
55857
55656
54921
55455
56781
54123
57010
54976
55865
57350
54716
56798
55929
56509
54835
55164
55165
54432
55947
54489
55381
56058
55594
55037
54966
54926
55818
57953
54541
55316
54750
55044
55070
56258
56551
57284
56268
56048
54735
56066
54638
57171
56557
56855
56842
56328
55295
56077
56309
56235
54727
56010
55381
56035
56282
54940
55398
55389
56059
55459
57200
55754
55977
55095
55730
55224
56464
55799
54897
55641
54909
55813
55454
56703
55484
55888
54665
55730
55155
55002
56693
55368
55481
55449
54880
54137
56017
54055
55729
55007
56808
