143371
138043
146354
142011
143255
169202
162893
149664
140942
150658
181186
150715
169395
149413
149000
160088
172127
144375
138139
139829
141982
138469
140801
139675
148736
144922
141117
145492
141857
147193
138493
146211
141090
153613
150956
152563
147764
144189
144922
138829
142743
145697
147979
181630
145038
171576
160701
157675
142294
139025
135576
138769
138395
135347
136893
150851
145565
135051
136218
137131
135763
134192
135763
135105
135204
135224
136105
136142
135442
135072
138445
134937
135612
135426
139374
136785
135841
141948
138951
143624
139750
139148
142468
142407
147980
144462
137517
136536
142557
135420
137180
138031
142593
141109
136055
140216
134523
137369
137471
135629
137379
141106
136812
136682
136124
137711
135460
134319
134439
135385
135619
135400
135945
133809
142623
140221
138009
140585
137580
139381
138660
149417
134192
136626
135104
137281
136284
135757
136679
134324
135430
133448
136771
135599
135172
136559
134526
138131
137592
137691
135135
144734
142080
134442
134671
135158
136504
135565
136871
137771
138631
141771
140445
142093
139204
138402
141667
137762
134266
135726
138371
134962
137636
136367
135042
141301
151644
133974
136265
137234
135762
136545
135706
145464
188143
188268
190146
134795
137694
140477
134148
143516
134604
135585
136149
141972
145503
139999
145038
141341
148703
140161
137909
135680
137141
135302
136041
135244
136328
134387
135311
135557
138486
136578
137517
134010
136217
136976
136906
133682
134577
137032
135470
134081
136070
134560
139102
137214
134584
137031
135524
138034
139805
142336
140117
136575
140864
139592
136893
134828
137299
137601
134243
136464
136123
135900
136822
137755
135693
137451
133647
135201
139770
135260
134121
138371
137342
136181
135297
133532
