2570259
2053294
1880421
2584419
2570151
2584674
2557626
2576584
2557451
2568649
2560896
2586677
2560648
2585297
2566743
2575483
2562966
2582036
2562263
2576437
2563272
2578197
2556900
2580073
2534268
1998928
2561845
2583483
2555290
2609102
2200748
2584951
2549673
2576999
2548367
2566113
2564716
2558252
2558643
2563593
2564075
2569928
2568681
2576199
2374571
2178438
2553637
2565466
2351038
1764756
2551707
2567470
2552439
2562220
2561925
2573687
2562223
2572209
2569238
2571946
2566520
2571247
2561500
2563863
2568556
2568232
2574929
2562346
2573420
2562645
2564926
2550729
1986167
2426947
2583339
2560723
2583536
2551778
1738903
2326398
2565835
2572522
2582832
2575516
2587484
2565506
2586406
2566231
2589598
2569385
2590693
2548686
2584619
2562520
2580863
2549297
1836547
2383431
2568998
2558093
2576747
2561709
2142873
2249893
2570376
2569145
2573919
2556777
2582179
2564042
2579608
2555816
2579046
2554677
2581645
2558635
2572813
2558197
2567424
2485003
1901085
2565246
2581402
2550212
2574393
2558531
2579225
2562537
2578845
2564475
2578746
2576265
2576648
2570922
2567376
2575443
2577953
2576694
2561149
2575874
2559387
2578756
2574189
2023093
2302599
2567104
2440649
2187868
2581547
2573381
2575617
2571980
2565360
2590242
2560876
2583249
2572211
2581945
2561252
2570743
2565159
2568983
2554848
2576148
2568202
2588461
2512487
1719665
2270393
2578084
2553284
2578544
2575619
2577111
2553125
2575428
2578039
2587616
2550007
2576336
2567420
2580140
2564357
2572284
2556884
2571722
2550702
2569345
2581163
2570162
2238975
1708374
2450776
2580897
2577099
2580290
2571567
2585689
2570378
2574327
2573207
2570658
2575281
2569232
2576528
2558376
2573252
2572764
2581513
2560263
2580202
2565329
2576359
2559263
1900056
2392637
2567466
2560908
2567511
2565798
2577820
2558513
2581742
2567323
2571934
2559592
2576052
2560585
2578885
2559167
2575657
2567174
2577777
2570958
2580304
2567422
2575407
2282891
2390103
2553997
2566538
2567198
2560930
2566482
2564335
1937801
1838560
2561266
2585670
2564612
