217802
213968
218381
215361
213617
213899
212894
213872
213784
324340
322295
321743
322897
324430
324793
332927
333590
336310
328795
322280
319262
324509
319796
321215
321114
321147
326950
321823
321878
324980
326671
329665
339438
328797
320621
318969
318744
320313
321111
322435
323199
325884
324504
324361
322480
323782
329761
328390
331130
328664
322500
320502
321575
317903
319947
320781
321660
320947
344179
324102
338280
296613
236175
224373
216184
215864
212861
212457
213701
211933
213798
214095
212481
217525
214237
316068
319049
321576
323335
321976
324311
332836
336936
331052
325319
324455
325569
324273
322158
325143
324656
326277
325804
321644
322314
320599
330954
328780
330376
326518
323164
320656
322450
322125
324892
321446
319774
319132
328677
327098
322807
326865
326949
324903
328109
320862
321243
325364
320026
326844
322779
321699
323295
324195
318315
324492
325914
329479
330805
328830
323131
321741
324072
322645
324049
322927
320305
324527
322243
321981
322058
326224
327543
328258
331192
328998
319760
321223
325934
321876
323286
323195
320844
326331
337400
319082
322852
330209
326768
325117
326576
320175
322351
323816
321908
323275
324367
321655
319470
321784
321561
320170
325194
328960
337131
328351
319237
322176
319936
320515
332553
323954
324253
321562
323220
320761
320117
326370
325904
325128
330050
321572
323459
325229
323429
320741
322748
321741
324254
322152
335149
322290
321018
327393
329800
327695
327124
321214
325663
327999
322462
322579
322648
322431
324027
329448
321588
239417
240836
217019
221638
215474
216093
214275
213676
213129
212578
213818
215689
213028
213907
215685
212865
212564
213136
216726
213929
214332
212397
211945
212077
214843
217643
215737
219028
228059
229046
212486
267872
323182
