323
98
98
98
98
112
98
1121
172
98
97
132
102
97
97
97
97
98
97
97
178
97
97
97
97
97
97
97
913
99
98
97
98
97
98
97
97
97
98
97
97
97
97
97
97
97
97
98
97
97
98
97
97
97
97
97
98
98
172
98
97
98
98
142
98
98
98
98
97
97
97
97
98
97
98
98
149
97
97
97
134
97
97
97
199
98
98
113
98
149
98
98
126
98
97
133
97
98
98
98
97
97
97
831
99
98
98
98
97
97
97
97
97
108
98
98
98
98
97
97
97
1037
103
250
97
97
98
97
98
235
98
97
98
98
98
98
97
99
97
98
98
99
97
97
97
97
97
97
97
97
98
98
98
97
97
97
97
97
98
97
97
97
97
97
97
97
97
112
98
97
175
98
97
97
653
211
580
99
98
98
101
97
98
97
97
97
97
97
97
97
98
157
97
98
97
97
97
98
97
311
98
97
97
186
98
4252
99
304
97
97
97
192
97
97
97
182
98
97
97
99
97
97
97
97
97
97
97
97
98
97
97
97
97
97
97
97
97
97
99
156
98
97
97
98
98
97
97
143
98
97
