1506
192
129
124
125
123
129
128
3036
1303
904
192
145
134
135
236
164
130
130
129
158
183
138
166
132
132
131
133
149
145
143
135
129
123
129
170
129
129
131
155
128
142
127
125
125
124
124
123
124
141
179
126
126
125
123
134
125
123
475
250
333
133
168
137
401
165
129
125
128
126
174
133
127
124
128
127
126
128
153
129
3057
1228
187
129
128
126
134
127
125
170
147
127
126
125
127
127
129
129
129
122
124
121
123
144
382
1371
843
175
769
188
396
194
246
153
127
129
127
132
141
178
162
140
131
1047
272
145
252
141
128
184
130
127
141
3144
1425
205
129
127
122
122
126
124
121
128
123
118
118
118
118
118
170
129
128
128
149
143
132
163
132
171
163
138
146
146
131
130
129
123
137
155
426
136
143
127
148
133
123
118
118
118
118
143
127
126
125
219
139
122
126
124
165
171
152
127
121
188
128
124
124
125
130
150
129
128
133
142
126
122
146
128
124
126
126
126
1339
1379
1167
209
234
133
128
129
126
130
325
137
125
151
121
132
128
125
1381
1550
1177
210
139
207
171
130
131
133
128
128
1005
370
133
310
764
256
