53571
53079
54014
54604
52968
53325
53255
54445
52769
53769
52967
53388
53323
53621
52991
52843
53831
52973
53458
54428
53267
53800
53408
52760
52930
57707
80644
80309
80914
81462
79895
81865
80014
80447
80298
79775
80215
81576
80668
80251
81504
80646
81182
79888
82512
80480
82568
81000
82014
81535
84834
81720
82085
83778
80478
83432
82567
81659
80765
81899
81483
81674
88626
80659
80541
81314
80281
81693
83793
82143
81648
80517
82376
80140
82447
82752
79754
80477
79991
79837
81499
81710
81796
80868
80737
80041
80075
82781
80287
80334
80879
79833
79176
81181
79947
80833
81076
80504
80552
81872
80851
79780
79995
81037
80082
82834
84078
82105
81047
80998
83308
81738
82570
81387
81558
82001
80904
84576
81303
79222
80356
80146
79512
80561
80183
79915
81612
79855
80854
79534
81594
80894
79671
80530
80325
80948
79987
81052
80602
80856
80347
81054
89728
81150
81270
82593
81176
81951
79917
81482
82166
81379
80984
88450
80578
80284
81756
80548
81433
81142
81370
82064
81874
82287
86156
95039
79562
60017
58342
57264
58958
58585
59300
57597
57849
56608
53944
56033
55230
55134
55060
57012
54502
54483
54158
54222
53757
58736
81899
80430
82177
80694
80829
82454
81876
86989
80692
81217
81000
81104
80939
80061
83253
83590
80260
79414
80767
79954
82538
80465
80646
80335
81333
80490
79974
81696
79325
79534
80128
80701
80084
83091
79547
81946
79748
80737
92632
81995
81315
80514
80055
80933
81695
82244
82561
82668
82562
82363
83306
82599
82246
82313
82241
83295
82279
81909
81174
80102
80841
80778
