803
789
787
1863
817
788
788
801
787
862
804
789
1794
802
1119
793
999
872
789
1174
799
863
787
788
4149
2346
838
895
929
790
789
869
786
834
954
788
815
787
874
886
789
801
789
1747
801
787
787
812
1226
1703
791
1125
792
909
789
4927
1023
893
1079
1110
937
791
1529
814
788
867
788
782
782
781
855
1207
948
790
788
1032
864
787
817
784
789
788
788
804
865
789
789
786
782
843
969
904
845
1048
791
1102
790
789
813
786
885
849
782
801
788
791
784
892
797
789
789
790
782
786
820
789
789
797
795
899
868
789
788
782
882
784
791
791
788
787
1287
800
803
799
794
790
793
789
783
783
784
784
815
811
789
842
789
788
787
970
791
789
789
782
781
810
1058
791
902
802
802
792
841
808
789
788
807
842
792
968
1063
791
789
791
791
788
797
808
852
792
788
787
787
787
787
786
1331
789
788
844
863
789
791
787
787
787
787
791
786
787
782
783
808
852
788
789
789
789
787
854
1113
789
792
822
813
866
788
788
800
790
789
787
787
1391
791
811
823
789
869
791
788
787
787
789
817
802
793
852
893
789
1224
791
791
833
801
782
790
1009
2416
792
