51
49
49
48
48
128
48
49
48
48
48
48
48
49
48
49
48
48
49
48
48
48
48
48
48
48
48
48
48
50
48
48
49
48
48
48
48
49
48
48
48
48
48
210
49
49
49
49
49
48
49
48
48
48
48
48
78
49
49
48
48
49
48
48
48
48
48
48
49
49
48
48
49
49
49
49
48
48
48
48
49
135
49
49
165
49
49
49
49
48
48
48
48
48
48
48
48
48
49
49
49
48
48
48
132
49
49
49
49
48
170
49
48
48
49
48
48
48
48
48
48
48
48
50
48
48
589
49
49
50
49
49
48
48
48
48
48
48
48
49
48
48
48
48
48
133
48
48
48
48
48
48
48
48
48
48
49
48
50
49
49
48
48
48
49
48
48
48
49
49
48
49
48
50
49
48
48
49
48
48
48
48
48
48
49
48
48
48
48
71
49
48
48
48
49
48
48
48
48
48
48
48
48
48
48
48
48
49
48
48
48
48
48
48
48
48
48
49
49
48
48
49
48
48
48
49
49
48
48
114
49
48
48
48
49
48
48
48
48
49
50
50
49
48
48
49
48
48
48
48
