2208
709
651
639
625
635
645
611
654
928
845
832
619
639
610
630
615
643
608
609
622
614
640
1200
798
1736
705
902
715
624
641
632
612
645
615
626
666
679
914
719
710
669
781
657
1451
1936
647
724
641
616
641
636
612
669
640
669
705
2180
781
674
691
660
629
3232
806
625
615
651
621
625
635
669
650
661
662
747
2169
2160
686
3264
1441
1430
712
669
618
617
617
615
644
644
684
650
689
650
616
685
634
642
1425
619
617
617
622
667
676
654
682
656
685
674
680
678
634
614
617
635
613
624
641
613
628
614
644
619
624
2433
708
619
645
625
831
680
705
656
617
616
619
622
677
632
614
613
620
615
1324
693
619
639
617
636
622
1217
894
676
676
657
649
805
859
765
680
672
683
651
631
661
694
1745
786
676
667
691
2169
654
613
652
687
672
789
670
660
654
671
676
679
4496
1899
649
617
1098
710
671
661
647
679
711
657
676
621
641
613
620
616
3316
675
622
861
651
657
689
652
659
2177
737
619
625
620
616
639
617
690
1599
1459
646
824
632
616
613
637
612
636
655
779
648
633
632
613
635
634
866
628
625
641
1239
637
657
709
656
644
668
