1766
446
443
388
384
418
399
382
378
384
663
2914
432
645
403
382
372
427
369
368
380
374
386
376
380
413
1893
497
399
400
386
388
399
386
396
408
428
379
379
386
1863
945
563
395
1221
516
401
467
436
416
418
400
458
507
420
391
415
402
406
579
403
392
410
384
398
452
651
581
423
1312
426
387
374
376
376
379
366
367
384
409
373
368
367
360
372
404
390
1607
1128
436
353
364
355
370
386
357
352
391
367
374
355
363
353
756
2854
1963
443
406
394
362
380
1010
544
455
389
412
456
416
382
1013
510
449
402
447
386
357
356
357
364
353
1334
372
368
349
406
505
368
350
359
355
370
350
356
1099
853
393
404
387
377
1614
1052
1463
418
387
408
376
1047
2968
1663
423
377
376
359
365
376
362
373
386
418
434
1934
399
373
371
377
381
371
350
349
358
363
356
363
375
563
2962
439
400
392
385
389
396
382
387
398
389
3034
540
473
505
1933
502
405
362
350
356
367
353
1317
1202
356
430
362
354
362
372
355
349
367
387
377
397
458
424
379
1217
776
1877
466
431
417
394
409
425
404
382
394
3154
1165
415
404
509
387
663
458
388
389
409
393
382
