1302841
1256157
864128
993154
1297264
1297851
1302628
1322288
1290479
1297979
1299017
1307238
1292641
1301030
1163303
946276
1302014
1309422
1305368
1316721
1293234
1300619
1306233
1322014
1295580
1298577
1315064
1305946
1304390
1294382
1325385
1232290
856334
1049800
1310384
1303592
1306486
1329745
1325786
1296931
1313235
1302507
1333289
1307610
1302991
1316507
1331377
1297585
1306581
1319333
1327238
1305542
1320018
1334742
1308703
1307917
1313087
1344865
1335070
1321537
1271389
900934
862184
878122
868550
956438
1326510
1316316
1306341
1313877
1332041
1298782
1299003
1315042
1324273
1305218
1304475
1330594
1309524
1308241
1308385
1317790
1332019
1307339
1310628
1326001
1303770
1302606
1305666
1319495
1307878
1304853
1307045
1317242
1306790
1307517
1320962
1317642
1254303
869249
861148
880693
986082
1299391
1303683
1321255
1308163
1296356
1297986
948023
868815
855783
862326
858457
866769
879072
861503
858660
1092515
1315061
908140
1168050
1298966
1291114
1332738
1298872
1303151
1297770
1314882
1293256
1302645
1308108
1315766
1298451
1307963
1307943
1311996
1305687
1303127
1315612
1322461
1315931
1327394
1322569
1312869
1306722
1305900
1315342
1292938
1304432
1311550
1312247
1302251
1308345
1319221
1311214
1306752
1300537
952173
868708
864882
866157
861067
862356
885391
867719
1082077
1308262
1317352
1305488
1080517
862676
866190
874033
873781
866980
862118
860193
907717
1339242
1308103
1308897
1308315
1317889
1295324
1302528
1314145
1035179
861340
863649
1166379
1330474
1301711
1298447
1297915
1325420
1295299
1314681
1302485
1316568
1304546
1303549
1305892
1319717
1301279
1303737
1312123
1322704
1292007
1295540
995198
1183666
1291883
1293027
1304858
1297767
1292428
1291731
1308711
1302294
1298054
1302367
925649
1092600
1287396
1290798
1306374
1295783
1290463
1306312
1311794
1290438
1292203
1289739
1314008
1290817
1312560
1295495
1301770
1290654
1294851
1297601
1293280
1295869
1288086
1304483
1296096
1291565
1286658
1304083
