1470
222
152
147
149
150
145
146
224
155
149
151
330
107
102
99
158
109
105
105
104
121
105
118
118
105
135
107
99
102
103
102
104
112
102
99
98
102
104
102
103
103
101
97
98
96
97
97
102
113
107
1368
818
326
124
107
104
104
178
108
97
133
2835
1518
104
96
96
95
96
96
95
95
96
96
96
95
96
95
95
101
104
104
102
96
96
96
96
96
96
94
95
95
95
133
97
95
95
96
95
95
97
96
369
106
96
95
96
96
95
95
95
95
96
96
95
95
96
95
96
197
97
96
347
119
108
103
104
99
104
103
103
102
103
98
101
98
134
99
98
101
97
96
110
103
1348
807
173
142
134
1394
1555
143
98
96
96
95
95
96
95
95
95
95
95
95
99
96
96
95
95
94
94
95
96
94
94
95
95
95
95
95
94
94
94
94
95
94
94
95
161
172
104
101
97
100
101
102
103
102
100
97
104
1068
165
103
101
102
102
100
105
102
104
103
102
102
101
97
98
102
102
102
104
104
175
376
115
106
104
102
103
336
128
99
101
101
119
105
100
98
100
108
106
103
101
101
100
100
159
110
107
104
