1384
148
104
101
100
99
104
155
97
101
95
100
100
100
95
837
3112
169
104
101
143
101
100
96
124
104
102
102
102
111
99
96
94
97
132
101
100
95
100
102
105
99
128
104
100
97
96
100
99
100
116
101
97
97
100
100
99
99
94
95
105
102
99
99
99
95
95
120
155
135
102
100
109
96
96
96
95
184
103
97
99
96
97
101
100
97
95
96
95
95
95
100
99
96
101
101
99
95
99
99
98
97
96
695
146
106
101
96
5649
547
311
105
103
106
106
102
99
121
107
102
100
100
129
101
98
101
96
99
99
99
95
96
96
95
95
98
98
95
94
94
98
99
99
97
95
94
95
170
101
125
101
95
94
95
95
99
98
98
95
95
98
99
94
99
98
94
95
674
159
110
123
105
97
100
99
95
99
99
99
97
97
95
95
98
99
99
95
96
332
203
104
101
101
96
99
104
101
99
100
100
97
96
96
97
104
105
102
96
95
95
96
96
116
105
1233
934
169
100
99
99
99
139
104
101
102
103
102
95
99
113
95
94
95
99
99
99
95
93
94
104
95
98
95
94
94
94
95
94
96
100
