1478
140
103
102
283
103
100
100
100
99
110
101
100
100
100
99
100
99
99
100
99
99
100
99
99
99
99
100
101
101
100
100
99
99
118
100
99
112
100
100
99
99
99
99
99
99
100
99
100
99
101
99
99
99
99
100
102
149
107
103
102
113
108
107
322
138
106
101
107
104
126
109
107
104
106
107
106
108
120
104
107
105
109
107
105
105
104
452
2870
1416
1062
136
107
100
100
100
100
100
99
100
103
108
108
438
194
143
129
132
136
129
125
126
126
112
111
110
175
123
111
450
161
117
118
121
129
123
112
129
111
108
111
110
106
176
101
100
100
100
99
99
107
105
100
100
99
100
100
100
99
101
101
100
101
130
173
223
134
137
109
107
195
111
123
168
111
106
105
101
101
111
123
1253
932
149
110
108
108
107
107
460
118
109
107
107
115
110
105
109
109
103
107
109
121
106
101
102
101
106
1366
875
139
102
101
100
100
153
100
100
100
105
101
100
99
100
100
99
99
100
850
176
114
105
107
107
104
109
105
107
106
104
103
111
107
104
105
103
394
118
106
108
106
192
112
121
109
104
105
102
106
104
