1455
138
104
137
158
142
133
129
128
132
131
135
132
131
128
127
131
138
141
143
472
150
141
1659
172
134
132
131
131
131
127
127
144
103
101
96
96
96
96
96
96
96
96
96
109
96
96
96
95
96
96
95
96
96
95
123
103
102
145
247
141
109
101
103
375
128
100
98
97
101
98
104
97
138
109
105
99
100
100
98
100
100
101
101
354
111
101
101
101
100
102
98
101
101
97
102
104
98
181
101
117
101
96
103
98
109
98
98
101
102
1777
181
130
108
118
122
122
102
1309
941
183
108
105
116
107
113
114
143
105
102
125
103
420
110
97
96
96
95
96
95
92
96
96
95
95
95
95
96
96
96
97
96
105
134
100
99
99
97
102
96
96
98
138
154
102
101
103
103
99
101
105
131
105
179
113
102
101
101
98
97
99
99
97
96
167
104
102
102
102
99
99
102
102
102
340
213
101
99
96
97
103
102
108
99
1349
917
106
97
97
96
96
96
96
96
96
96
96
97
105
97
134
2950
176
136
98
102
97
96
96
96
96
96
96
96
95
96
116
98
96
96
96
96
96
91
96
96
136
99
104
100
