445584
435326
460647
479381
442663
435768
537938
654867
659349
659388
657423
665494
690403
660236
658139
665289
658689
662685
657037
671919
666100
656537
657835
664321
658956
661019
663031
668081
657675
682370
657758
655090
659571
656601
669736
663506
659437
658643
666079
658146
656555
669143
667817
666118
659139
662032
660848
665100
657574
670234
671767
659548
656182
658342
661499
661924
668545
682346
655857
660177
658111
656421
545609
435817
437285
442757
442589
434395
433614
435225
437952
440191
561265
672494
660189
669286
671901
657793
657994
657477
662932
662898
685095
667761
657934
656446
670787
658615
663351
670040
668874
668475
662398
658723
656222
664402
671217
534008
445539
446169
443883
436364
556240
658232
656111
655782
664965
669026
654082
667204
661182
658008
659690
662302
665118
661562
657562
658006
661899
665353
655124
670847
674369
658257
657926
659077
654870
659147
658025
667767
662761
657899
661130
674639
656752
659621
665697
678928
662488
656942
658439
658468
661213
664402
665007
662042
655935
663077
668668
658825
663882
667201
671241
656941
655977
659626
659735
654684
667822
671352
663545
660297
661056
666723
658285
658854
670447
684275
656995
660772
656479
655181
658785
669015
665403
671983
661796
660588
662220
652329
655577
682410
672153
655146
655101
651361
658260
658029
632677
472191
444010
443295
437440
456088
662610
660588
657822
660586
668392
663126
665207
657738
659513
658536
659581
668955
633842
437745
436918
434873
437265
439467
617879
656833
664458
668833
661358
656449
656539
669721
661189
653561
668733
667034
664813
659603
667054
665578
653661
667091
672534
663626
660033
657421
653793
662816
657660
671051
663545
659405
652460
659971
667453
657542
667280
669079
661922
662718
657118
657876
