3044
1230
1154
1195
2705
1219
1871
2417
1277
1248
1244
2705
3499
2718
1438
1321
1353
1292
1219
1223
3668
1332
1297
2692
1230
1157
1212
1214
1168
1185
4306
1298
1316
1171
1148
1142
1159
1148
1162
1150
1221
1192
1158
1162
1199
1230
1216
1214
1192
1174
1157
1165
1139
1260
1235
1695
1277
1219
1164
1193
1175
1173
1144
1157
1183
1182
1199
1227
1173
1329
1199
1186
1164
1261
1314
1232
1354
1719
2296
1277
1249
2822
1633
1213
1213
1247
1266
2855
1298
1262
1229
3215
1234
1779
1430
1236
2497
1594
1243
1202
1499
2418
1189
1214
1281
1253
1282
2767
1285
4293
1988
1228
2513
2417
1352
2652
1292
1261
3388
2463
1268
1192
1164
1219
1290
2690
1161
4395
1221
1187
1166
1849
1384
1430
1440
1242
1187
1233
1207
1266
1322
1190
1219
1287
1305
1331
1224
1236
1229
1463
2790
1258
1219
1170
1231
1201
1203
1155
1177
1238
2784
3930
2656
1204
1247
1231
1206
1438
1266
1240
2707
2689
1197
1153
1212
1180
1163
1219
1281
1164
1185
1156
3214
1224
1202
1180
1207
1154
1194
1220
1204
1215
1167
1224
1389
1190
1361
1226
1319
1217
1756
2137
1289
1330
1242
1249
2696
1901
1393
1245
1259
1333
1268
1271
1559
1255
4303
4205
1788
1927
1447
1283
1303
4011
2765
1256
1265
1239
1508
1195
1525
1340
4679
1364
1325
1317
1309
1243
1212
1781
1241
3207
1429
1248
1270
1202
1235
1173
1163
1154
