17717
15441
15020
13838
13291
13550
13051
13626
13808
13542
14206
13461
13399
13206
13583
13253
13362
13586
13538
14126
13875
14379
13418
14608
13086
13756
13016
13381
13864
13832
12971
14489
13351
13762
13253
13277
13686
13928
13068
14200
13817
13992
14245
13354
13444
13144
28717
13177
13043
13530
13699
13214
12956
13431
13972
14571
13656
13329
13262
13067
13362
12893
13659
13341
13349
13073
13299
13687
13502
13031
13471
13067
13601
13589
13526
13402
13453
12979
13484
16245
20014
19877
20339
20512
20125
19994
19908
20151
20320
19811
20339
19871
19964
19994
20729
19414
20578
20094
19736
19621
19857
22168
20106
19914
19520
20005
19972
20396
20038
19737
20311
20196
20458
20286
19921
20585
20882
20114
20446
19856
19950
20232
20482
20036
19962
20232
20640
20026
20941
20001
20557
20659
21433
20331
20235
20126
20282
20304
20038
21075
19986
19681
19603
20141
20196
20211
20101
20083
20527
19571
19472
23508
19768
19724
20080
19667
20517
20954
20470
20212
20041
19770
20083
20095
20514
20199
20217
20603
19794
20033
19863
19347
19952
20183
19824
20371
19921
20317
19890
20903
20042
19891
20719
19811
21819
20282
19521
19935
19793
20434
19800
19962
20336
19886
19400
20108
20937
19896
19309
19731
20702
19964
21286
19385
20212
20345
22091
20186
20434
20455
20028
20485
20092
19874
20024
20856
20124
20125
20308
20076
19616
20188
19806
20014
20045
20099
19584
20748
20175
19947
20058
20530
20300
20246
20465
20311
19896
19815
20076
19702
19859
19905
20205
20480
20113
20045
19690
20316
20359
19562
