404
411
394
401
394
401
395
395
404
395
411
398
397
398
435
407
395
429
395
517
396
396
397
395
402
395
403
396
397
410
395
401
395
395
403
398
397
824
441
404
403
398
397
394
393
418
395
396
395
395
394
394
394
394
394
393
394
394
394
419
395
395
425
395
513
396
398
1207
401
411
396
426
394
407
395
394
403
394
404
395
397
396
394
452
397
476
396
403
396
396
406
394
402
395
403
395
395
404
395
406
395
395
921
396
395
423
394
560
394
402
396
396
687
403
403
402
417
399
396
397
419
397
398
413
396
396
393
418
396
397
515
397
396
393
398
393
393
397
393
396
394
395
393
394
396
394
430
845
397
394
435
394
521
397
411
395
394
404
396
413
395
394
405
394
401
394
394
401
394
401
394
429
403
519
395
405
394
394
394
394
400
394
419
395
394
401
394
513
394
394
402
394
402
394
431
396
396
553
394
403
394
405
395
394
402
393
838
394
395
394
398
394
394
394
394
397
394
426
396
398
525
402
404
399
400
397
469
397
465
398
398
397
396
395
397
399
398
395
395
395
394
398
394
393
448
395
397
394
395
460
