108698
107118
124484
164652
164180
163632
160756
159743
176709
166057
162611
161557
173697
141480
107818
113293
111253
113264
108875
109019
109626
113584
112339
112035
111348
110870
110346
109262
111366
111261
112175
108761
107734
109255
108742
110090
107953
108478
105181
107249
109019
109380
108791
107580
111279
108042
112046
109264
108113
108970
106032
109685
107664
107210
108604
107979
107610
110257
108941
107118
107984
108774
108905
109933
109419
111568
117236
114825
109977
109425
109901
109285
108395
106505
108783
110861
109444
107658
112153
110253
108418
108049
108761
107595
108247
107316
107233
107432
108187
111049
107308
106946
110865
109351
108245
108243
108582
108985
113361
108538
109134
108525
113517
109560
110486
112619
113331
114732
116428
118788
110811
108475
109333
108665
111360
118302
107674
108658
107573
108820
108529
126935
127054
133454
137247
132976
126403
121218
136561
137874
159217
124489
111929
111501
111181
122785
137374
130736
128046
136171
138661
136340
128229
112808
112329
110107
107717
108905
111515
110292
112053
110645
113189
107645
111303
110032
111014
108975
109403
107198
120687
109045
110004
120751
112268
110715
109245
107022
106057
107207
107709
109401
107175
105944
107167
107978
106932
105979
109374
114167
113152
107443
108795
109628
106384
106465
106337
106482
107226
111912
162227
162103
166600
164207
165166
166459
164205
165265
161737
159802
162508
160854
160291
162537
160679
161375
162036
164015
162517
166507
161526
160316
163150
163421
162019
160606
160745
160266
160009
161067
162213
161582
164873
164063
164798
166581
164147
163620
166192
160708
161157
171558
162194
161657
161998
161505
160920
163075
162284
161784
160383
160448
160304
162641
162331
162948
162707
162882
162457
163399
