28759
26104
26208
27617
26757
26212
27052
26228
27452
26598
26854
39744
39526
41163
39535
40576
42308
40787
40379
39904
39238
41169
40405
39673
40827
39405
39817
40640
39984
40556
40893
39580
41562
40372
40547
39940
40382
39467
39908
39573
42926
39902
40385
40603
39533
40694
39943
41083
40215
39752
41144
40822
40820
40882
39949
40623
41002
40351
39560
39999
40635
40325
39753
40746
39972
40275
40748
40006
39678
40974
40434
41092
40410
39910
40000
40160
40586
39752
40798
40684
40533
39660
40527
39741
40000
39548
41250
39963
39696
40151
39924
41415
39592
40410
40325
39964
41328
40299
39570
40101
40324
41055
40318
40808
40672
42058
41284
40658
42456
41986
41408
41156
42080
40840
41745
40799
41740
40618
40497
40509
41666
40867
40149
40996
41566
42012
39826
39989
41576
40170
40098
40199
39648
40858
39610
40196
40660
53154
40353
41110
39844
39937
39870
40076
39701
39381
40955
39877
39889
39914
41109
39777
40814
39796
40684
39951
40267
40852
39683
40411
39593
40433
45946
41087
41628
40376
39795
40294
39693
40432
40019
39984
39553
40295
40130
40552
41231
40234
40332
39530
40217
39706
41106
40506
39417
40966
40671
42257
39882
39869
40373
39853
39522
40004
39882
39830
39227
40291
39364
39420
40854
41407
42656
40181
39846
39836
39803
40348
40403
40309
39734
39896
39602
41517
40684
39797
40730
41431
40172
39618
41723
39849
40544
40491
41709
41433
41415
41282
40594
39731
42822
40046
41468
40868
40372
41669
39582
41189
41618
43106
41192
40070
41628
41242
40117
41041
40006
42070
40908
39777
