1506
228
168
164
180
166
170
166
175
167
172
167
172
173
165
159
167
170
1756
238
180
172
162
160
160
156
158
196
160
155
159
160
157
166
163
160
156
155
167
157
156
156
160
156
429
161
156
156
191
206
200
193
195
197
261
197
190
219
386
457
246
204
198
197
200
281
213
193
760
228
175
173
168
167
168
173
172
170
167
169
172
170
172
168
171
3245
1691
201
178
162
156
160
161
156
227
182
201
163
156
160
156
155
156
159
160
189
205
271
199
192
196
190
195
190
218
361
165
160
160
158
160
155
159
159
159
194
215
626
194
175
257
193
176
166
171
163
167
176
175
170
167
170
168
168
166
1319
1693
220
163
160
220
160
160
160
160
158
156
155
159
156
155
158
165
169
175
166
158
159
158
158
158
158
158
196
271
200
193
196
195
190
192
191
158
167
160
159
155
159
158
159
155
159
159
159
192
242
165
175
167
157
164
168
159
160
160
608
187
166
180
157
159
155
159
158
163
159
155
160
159
188
898
1062
239
200
196
196
192
190
195
195
190
191
195
194
194
190
260
193
164
210
230
214
207
197
191
382
207
177
161
199
