1556
295
367
236
229
218
226
228
222
224
242
236
237
282
235
229
249
269
272
239
256
243
249
260
258
242
268
241
385
274
289
237
280
237
229
223
438
237
231
253
229
220
311
389
231
224
592
276
230
225
227
222
234
227
227
222
218
224
226
229
240
290
231
224
219
3047
315
239
239
841
304
1460
926
239
225
224
224
228
224
227
225
222
224
228
229
222
218
222
241
273
2924
279
228
225
222
228
229
222
272
224
228
226
226
223
983
320
243
263
297
270
243
243
241
242
250
312
673
273
279
254
251
245
237
229
222
261
227
222
224
221
231
238
230
272
259
237
237
240
277
234
234
290
255
246
238
258
229
236
221
232
335
238
227
1368
290
252
232
235
233
248
222
224
224
225
242
224
224
225
220
234
232
298
241
236
224
227
1537
917
229
226
226
296
226
227
307
223
223
221
237
227
226
218
2926
287
240
236
222
802
282
237
257
232
239
241
238
237
239
422
233
227
223
227
222
271
229
235
241
260
227
222
225
225
234
242
235
243
239
238
231
230
241
1069
378
806
267
235
236
232
1209
1246
336
236
262
232
265
341
231
220
232
268
