205
241
197
306
197
260
197
196
195
195
195
195
195
195
195
195
197
195
270
195
202
204
197
197
197
197
197
195
195
195
198
195
195
195
308
220
197
197
202
200
199
197
198
201
199
199
199
224
197
197
199
197
218
197
197
197
198
197
195
195
195
199
195
195
195
195
200
197
197
197
198
197
195
195
195
2538
198
197
200
195
195
195
196
195
195
195
195
196
195
195
195
195
195
197
197
197
207
197
197
197
197
196
195
195
267
202
197
197
197
195
207
197
197
197
212
197
197
197
197
200
195
195
195
195
197
197
197
226
197
197
197
197
195
195
195
195
210
225
971
202
200
367
221
197
210
199
197
197
197
216
221
197
197
200
279
323
197
258
197
197
197
197
199
197
197
197
197
237
197
196
265
199
195
195
197
197
198
197
197
197
197
199
195
195
195
195
196
197
197
197
197
223
197
197
197
217
197
196
197
197
280
197
197
197
197
197
197
197
197
197
197
197
197
197
216
197
197
197
197
201
195
195
197
197
197
197
197
197
197
198
195
195
197
197
198
197
197
197
203
232
197
197
197
207
197
197
266
197
220
197
