61189
19412
19498
18815
18985
18655
20575
20068
20116
18729
17285
17796
18354
18303
20744
20134
20423
18707
18722
19857
19016
19083
18849
19187
18011
19527
18509
17911
21550
20090
19695
17843
20038
19429
17207
18712
20001
18724
17152
17330
18770
18745
18604
18601
17234
17219
18548
18577
18660
18701
17283
18817
19513
20749
18440
17223
17194
18704
19125
18263
18749
17229
17184
18677
20262
19146
17204
18990
18586
19627
18847
18242
20102
19135
18784
20725
20282
19623
20375
21409
19650
19315
20702
20880
20199
20289
19036
18534
17171
19004
19137
19384
18727
18697
19269
19209
20457
20260
19620
18698
18539
20640
21468
17259
18814
17928
18549
20033
21742
18745
20105
21122
19043
18670
20929
20158
20202
18640
17365
18718
19182
17766
17250
19189
20168
19844
19225
18720
19119
19045
17449
19232
17847
20104
19979
18628
17860
17664
18600
20141
18618
17117
17558
18553
19149
18726
19096
19264
20194
18543
19101
18717
21094
19075
19044
20122
20272
18115
19916
19127
18691
20037
19853
17661
17467
19046
17511
18701
18830
19188
18607
17518
17342
20810
17298
20346
20824
18652
19812
18535
20104
18630
18717
18657
17199
17882
17765
18995
18839
20060
17284
19362
17804
17743
17946
19265
19367
18746
20057
19147
17405
18670
18839
18680
17108
18048
18901
18737
20032
17248
18754
18725
18834
19603
17770
17361
20101
17288
18680
19244
17406
18552
17317
18663
18696
18830
18665
18993
18739
18004
19386
17329
18690
18602
17342
19822
17376
18682
17195
17572
18622
18664
17252
18686
18632
17228
20244
17864
18712
17295
