6413
7828
5918
4412
5905
5848
4359
5815
4498
4397
4427
5922
4972
4449
6024
5873
4489
5789
4591
4388
4398
4482
6327
6897
4527
6299
5866
4531
5882
5908
4446
5858
5911
4873
4722
4363
4484
4461
5897
5918
4439
4412
4443
4455
4449
4457
4462
4369
4406
5882
4408
4999
4493
5881
4415
4341
5853
4448
4845
4519
7410
4424
4476
6629
4427
4424
6484
5033
4428
5176
6308
4503
6336
5590
4420
6394
4516
4573
4548
5732
5134
4563
5895
4404
4350
4430
4430
4643
4539
4448
4597
4467
4329
4461
6292
4509
6497
5700
4582
5769
4537
5907
5890
5636
6903
6413
5853
6128
5667
4470
4530
4417
4468
6003
5812
4528
5880
5939
4501
4725
4432
4554
4457
4397
4369
4536
4448
4374
4553
4838
4576
4386
4440
4396
4452
5882
4942
4788
5642
6180
4418
5909
5929
4400
5840
4424
4336
4418
4512
4490
4396
4361
4536
4433
4414
4444
4454
4513
4532
5880
4475
5831
6625
5853
4450
5873
4469
4468
4634
4511
4431
4475
5148
4468
4417
5127
4309
4514
4411
4451
4484
5932
6267
4464
5947
6355
4985
4436
4540
4518
4402
4531
4412
4399
4400
4440
4446
4394
4365
5961
4576
4664
4520
6028
5790
4452
7310
4439
4488
5798
4448
4414
4871
4562
4441
4454
4397
4361
4571
4426
5818
4554
4422
5843
5989
4522
5784
4475
4433
4402
5031
4506
4444
4397
4460
4441
4483
4468
4573
4389
4408
4470
5949
4583
5773
5929
4910
5326
4483
4556
