12278
9796
11958
10653
8730
10112
8601
10222
8687
10197
10173
8717
8669
8541
9285
8642
10623
10203
10125
11723
10178
10092
10259
8741
8677
8636
9235
10266
8697
10207
9116
10187
10085
10592
11269
9041
10233
8571
9205
8761
8741
10173
8632
10225
8680
8826
8804
9068
10842
8706
11584
8711
12105
12916
11575
8673
10970
8653
10159
9281
8733
8679
10050
10365
8790
8823
10030
8719
10788
9121
8734
10098
10622
8692
9244
9879
9321
11214
9718
10161
10106
8791
10051
8676
8637
8777
8752
8802
10200
9998
9169
8724
9284
10045
8729
11602
10766
10288
10030
9214
10206
10787
10224
10367
10025
8748
10168
9518
9095
8921
8816
10142
10711
10002
10173
9220
10262
10121
10117
8730
8634
8730
8775
10163
10092
10180
9256
8791
10204
10711
10215
10186
10171
10210
10728
10246
10654
8753
11665
8712
10186
10187
8809
11830
8726
10193
8517
9244
8808
10115
10137
8593
11526
11412
10800
10882
8898
9332
8719
8750
8678
8744
8656
10139
10230
10118
8724
10086
8839
8819
8644
8658
9972
10316
10187
8724
10181
8738
8595
8744
8675
8731
8662
8806
10234
10393
10133
10234
8724
8693
8756
8684
8815
8784
8638
10165
10208
10041
10222
8716
8783
9097
8708
8717
9809
10487
10259
9180
11785
8843
10030
8567
9324
9390
8604
10101
8761
11707
8620
10139
8757
8732
8701
8761
8740
8620
10178
8739
11605
10281
8700
8589
9112
8771
8659
8746
8673
8683
10216
10217
10298
8751
8977
8711
8757
8730
8715
10222
8687
11220
