1582
2046
177
107
106
167
190
107
104
105
104
103
170
132
184
107
100
103
99
99
135
118
101
196
108
101
104
101
252
107
99
99
97
99
99
1305
875
128
98
97
176
97
96
96
116
97
97
97
96
97
97
96
96
99
161
106
99
98
97
102
98
117
428
111
103
102
101
175
102
101
103
101
105
107
102
104
103
103
100
103
102
97
103
190
105
99
101
101
104
102
2980
1707
185
141
134
118
226
1069
1158
112
102
117
108
121
120
107
132
147
123
124
121
113
104
1039
233
108
114
214
948
173
103
98
100
98
107
100
102
133
101
100
103
102
100
99
104
99
101
101
107
103
104
134
105
104
104
102
98
101
104
100
370
1321
1612
167
104
116
332
198
112
102
105
102
104
105
104
103
99
103
102
104
103
104
112
99
107
105
100
104
104
105
138
103
99
97
98
104
102
1376
817
375
140
156
115
108
133
106
108
106
102
101
101
106
116
111
102
101
101
101
100
101
111
146
119
106
104
104
103
106
107
128
106
102
107
102
101
115
103
146
130
138
105
121
123
136
150
114
110
133
109
131
102
103
122
2879
578
134
107
102
100
101
