5025
2341
3524
2260
2220
2267
2260
2309
2279
4032
2308
2363
2323
3762
4597
2284
2242
2286
2235
2652
2269
2736
2921
2313
2323
2196
2224
3043
3763
2222
2220
2275
2235
2291
3835
2238
2253
2268
2291
2262
2249
2260
3191
2290
2282
2238
2196
2221
2240
2477
2318
2383
2354
2312
2248
2247
2269
2238
2278
2201
2319
3776
2303
2231
2344
3746
2343
4542
4468
2278
2259
2242
2293
3928
2346
2233
2262
2222
2238
2204
2242
2189
2225
2277
2251
2197
2436
2316
2533
2400
2328
2335
3787
3746
2221
2214
2229
2399
2275
2272
2231
2305
2267
2323
2250
2317
2249
2349
3776
2260
2232
2241
2250
4552
2345
2325
3024
2360
2337
3883
2313
2257
3810
2322
2355
3728
2273
2844
2321
2391
3805
3784
2264
2233
2269
2226
2364
3800
2265
2277
2337
2301
2239
2314
3764
3765
2214
2258
2225
2245
5628
2326
2263
2244
2234
2261
2376
2270
2252
3286
2281
2253
4237
2265
2809
3262
2425
2521
2736
2288
2324
2342
2247
2243
3793
2298
2407
2450
2318
2273
2293
4244
3770
2300
2227
2316
2365
3736
2264
2186
2245
2239
2287
2281
2194
2235
2253
2219
2264
2354
2245
2260
2273
2290
2847
2337
2466
2352
2303
2323
2298
2575
2288
2225
3738
2390
3676
2390
2358
2271
4936
4454
2303
2304
2367
5096
2248
2242
2289
2325
2293
2296
3015
2501
2321
2361
2354
2193
2305
2275
2306
2767
2335
2401
2484
2280
2295
2246
2282
2254
