1644
1737
2077
1581
1577
1577
1635
1700
2002
1605
1585
4121
1580
2587
7814
1587
1605
1599
1613
1720
1599
1593
1587
1581
2801
1594
1584
1761
1589
1609
1759
1578
1594
1637
1587
1602
1691
1586
1580
1632
1609
1584
4012
1578
1648
1577
1612
1749
1575
2157
1578
1577
1728
1576
1578
1576
1762
1579
1614
1588
1588
1585
1582
1600
1605
1703
1673
1582
2181
1587
1657
1606
1577
1607
1607
1612
1816
1578
1586
2075
1603
1622
1591
1599
1603
1594
2230
1730
1663
1578
1581
1583
1613
1708
1578
2114
1590
1579
1687
1720
1665
1581
1578
1655
1748
1690
1611
1592
1583
1582
1715
1630
1582
2028
1593
1578
1707
1789
1670
1591
1616
1660
1784
1585
2125
1625
1602
1610
1703
1604
1597
2081
1581
1735
1603
1618
1626
1583
1593
1710
1591
2627
1616
1577
2775
1595
1577
1586
1575
1732
2101
1688
1607
1571
1596
1616
1607
1924
1573
1574
1575
1644
2025
1578
1589
1576
1574
1575
1737
1589
1574
1572
1582
1574
1717
1576
1820
1647
1575
1570
1721
1573
1574
1575
1573
1571
2124
1627
1575
1589
1573
1574
1638
1739
1910
1623
1578
1572
1658
1837
1572
1574
1579
1573
2553
1666
1574
1576
1571
1627
1583
1574
1574
1572
1593
1573
1610
1573
1574
1625
1578
1573
1582
2272
1626
1624
1623
1573
1730
1563
1563
1612
2131
1791
1578
1573
1575
1573
1589
1572
1595
1627
1573
1581
1652
1573
1603
1624
1572
1588
