1445
876
673
173
124
109
149
110
106
116
160
109
110
112
129
128
123
109
162
111
137
1238
944
1582
639
164
125
135
108
106
107
108
106
104
101
158
142
111
127
108
104
100
102
107
106
106
104
107
100
101
109
118
104
103
104
101
104
101
104
102
115
104
170
107
104
105
107
102
556
167
107
128
104
106
106
107
107
172
178
151
120
113
106
98
97
97
97
98
322
101
98
98
97
97
234
146
136
218
136
138
139
134
133
134
134
133
155
105
99
99
97
97
2984
1743
1676
241
104
98
97
97
97
97
106
104
107
107
104
105
99
97
138
202
139
137
134
135
144
153
128
108
99
98
97
97
98
99
97
97
97
96
98
97
97
109
97
97
97
97
96
97
97
97
96
147
137
135
134
133
134
148
110
107
103
97
161
99
97
97
660
122
101
331
140
107
105
104
104
151
377
2849
181
109
106
109
120
107
101
106
106
1256
196
110
107
106
103
104
107
107
109
167
109
107
106
107
104
104
105
119
103
158
155
109
103
106
102
100
104
176
106
104
99
102
102
371
160
139
135
138
144
151
105
105
102
97
97
99
96
97
97
97
