3363
3420
5014
3740
3328
3790
3248
3328
3186
3943
3328
5014
3933
3208
3249
3395
3825
3249
3846
3236
3229
3167
3159
3194
3151
4292
3169
3175
3185
3454
3383
3147
3491
3282
3212
3281
3162
3167
3237
3228
3427
3252
3820
3151
3171
3319
3151
3185
3147
3662
3285
3286
3245
3262
3399
3154
3618
3173
5930
3223
3174
3240
3157
3158
3579
3158
3141
3388
3529
3573
3481
3360
3341
3745
3414
3546
3420
3633
3851
3314
4324
3578
3453
3205
3350
3145
6394
3223
3149
3164
3484
3289
3200
3205
3189
3420
3189
3152
3323
3378
3144
3358
3146
3145
3269
3740
3188
3348
3154
3459
3193
3290
3178
3177
3452
3149
3346
3366
3260
3165
3196
3185
3203
3484
3167
3280
3259
3157
3279
3153
3144
3233
3636
3336
3277
3203
3202
3614
3238
3144
3192
3211
3398
3223
3200
3149
3480
3221
3235
3321
3144
3293
3523
3144
3195
3164
3439
3319
3281
3224
3154
3176
4800
3234
3255
3454
3144
3296
3215
3142
3544
3262
3157
3274
3164
3182
3216
3289
3153
3461
3243
3217
3377
3211
3456
3152
3187
3344
3236
3232
3143
3188
3341
3408
3317
3147
3161
3207
3169
3187
3196
3249
3306
3768
3264
3146
3278
3237
3600
3240
3149
3144
3190
3422
3224
3157
3164
3682
3151
3291
3181
3145
3217
3250
3148
3230
3141
4352
3320
3124
3184
3247
3366
3164
3212
3142
3198
3336
3338
3323
3175
3644
3288
3302
3195
3131
3285
3149
3185
3199
