156585
36893
36637
37150
35817
35979
35688
35557
37612
35964
35790
38751
35616
35495
36051
36387
36423
37015
37434
37932
36609
38117
35793
36178
35817
35837
35251
34756
36490
36805
37640
37490
36355
37046
34868
36824
37255
37814
37387
38174
36325
36296
35510
36406
36341
36209
37343
36541
37534
38100
35905
39059
36231
36659
39337
37939
37622
36426
36968
36826
35325
36283
34709
35888
37887
37241
38785
35820
36721
37058
36133
35818
38922
37824
36216
37577
38182
35781
37592
35986
36150
34778
35945
39394
38939
37718
35971
38460
36324
35683
38513
37335
34238
37217
36497
36547
36150
37689
35715
36971
35793
34559
38780
34466
36881
35611
35635
37868
36306
35709
36946
35664
34894
37934
35696
38012
35926
35716
37338
37322
35953
36863
35871
34454
36848
34387
36326
37036
34924
38051
36611
36361
35877
34571
34674
35732
37238
36643
36132
38906
35424
38207
35956
34861
34809
35384
37127
36207
34696
34666
34776
37860
35579
37463
39422
36940
35261
36472
36233
34746
34666
34811
36000
37145
36300
37930
36170
36218
35918
36938
38040
35573
37410
36203
36556
36866
35216
36076
35760
37308
41195
37743
37097
38222
37062
37360
37608
35896
36748
34843
35692
37370
37314
35507
37851
36135
34715
34751
34641
36092
36318
38992
37286
37325
35713
37631
34619
35015
34511
34892
34657
35661
36795
38498
37857
36027
42825
36146
34864
34736
37001
35616
35784
37012
35831
37285
37823
37133
37494
35772
37676
35770
35706
37226
35675
35809
38278
35540
34373
36982
35599
34149
36782
34886
35953
36744
35927
35088
36809
36985
