10979
6801
8046
6748
7136
6771
6935
8360
6799
6634
6547
6431
6572
6782
6500
6560
6595
7668
6463
7178
6542
6696
6549
6622
6720
6451
6674
6394
6678
6735
6465
6854
6554
6869
6501
6841
6685
6444
7037
6475
6820
6484
6783
6688
6631
6906
6468
6759
6706
7425
6392
6910
6749
6413
6796
6466
6393
6504
6724
6417
6381
6429
6367
7069
6659
7002
6421
6714
6400
6453
6758
6536
6428
6438
6871
6664
6378
6956
6631
6486
6438
6859
6777
6493
6451
6482
7009
6627
7000
6712
6540
6524
6816
6667
6929
7159
6441
6769
6467
7015
6420
6606
6557
6391
6507
6567
6634
6550
6888
6507
6386
6963
6676
6546
6730
6789
6648
6497
6427
6442
6752
6576
6749
6732
6833
6511
6538
6926
6452
6559
6421
6751
6695
6657
6817
6400
6727
6412
7092
6702
6838
6463
6491
6811
6478
6484
7375
6477
6547
6494
7306
6381
6513
6602
7118
6820
6959
6374
6668
6508
6495
6796
6514
6574
6542
6488
6812
6593
6725
6372
6473
6509
6443
7236
6496
6415
6530
7071
6406
6411
6781
6399
6475
6524
6932
6642
6477
6461
6521
6965
6691
6435
6983
6624
6436
6592
7103
6507
6646
7002
10250
9603
10009
9863
11538
10283
11341
11530
9622
9605
10014
10149
10256
9794
9971
10390
9677
10504
9901
10982
9824
9678
9981
9730
10109
10184
10202
10562
9763
9709
10431
9793
9689
9828
9828
10248
9714
9762
10152
10332
9734
9642
10426
9934
9987
10217
9667
10116
10198
10044
