378347
39280
39143
37278
38362
41872
55481
40077
43280
39889
37745
38770
35632
53081
49096
36042
36829
36399
35852
38117
37619
35902
37991
32057
32290
32084
31838
30856
31694
32295
30648
30780
30028
32871
30947
30719
31170
33360
29799
30739
31887
30141
30146
31469
30801
29853
31756
32104
30130
30828
33541
31627
30944
32329
29923
30665
36709
30890
29306
30352
31282
32505
30667
30370
54868
33438
31382
30805
30090
32073
30218
33446
30758
30575
29808
30220
31747
30969
29830
30326
30804
29143
30270
31207
29881
34919
35444
31945
28950
31765
29262
31026
30274
29391
30521
29427
30784
32775
30145
29990
33235
31094
31537
29257
29849
30795
31515
30763
30477
32111
33337
30443
31045
31003
31689
28420
30801
29785
32261
29722
32684
30699
31302
31303
30871
32329
32327
32509
33853
33481
31445
31156
32823
31346
32280
31310
31092
32094
31336
32840
31450
32809
31757
30987
32763
32591
30242
30786
31335
32038
28945
29702
31613
31252
34587
42096
33713
32832
35959
33625
35968
38513
37841
30844
32766
30706
30429
30393
31123
30488
31561
29325
31438
30203
30856
28693
31544
29503
30340
29252
29901
32028
32555
30903
30060
30994
29578
31620
29915
31347
30337
31202
29026
30560
43089
30015
29000
31194
29397
31085
31728
30595
33229
31070
29785
32508
29849
33744
30103
32667
30977
31247
30288
38697
29668
29997
29758
31606
30563
30086
31192
31268
29969
30495
30587
31409
31341
29616
33109
30404
30297
30361
31291
29617
31551
29292
29600
31036
31894
30188
31294
30281
32955
29845
30714
30859
31398
31126
32403
30518
