179919
31920
31657
31882
31120
30704
30238
32378
30697
31600
30072
33360
35096
38131
34095
35229
34265
35527
33885
35974
44703
35613
35162
32230
30384
35790
33825
30619
31791
31815
32244
31847
30858
31375
32502
31853
32269
31574
33080
31038
32487
30408
31667
30607
33081
30136
31774
31230
30682
32553
31348
33983
31950
30985
29366
29862
30183
30553
31622
30664
31304
30451
31956
33290
30535
30842
34791
31088
30112
31347
29470
31239
30130
29869
30015
31170
31834
31280
29873
29559
29832
33889
29256
30943
29987
31244
29621
39044
29417
31605
30718
29798
31008
29780
29589
30330
30783
29425
29952
30608
31963
28907
31695
29904
31251
28827
30370
31060
32217
31720
30994
29638
28968
32216
32016
34223
30146
29686
30182
30690
30817
31492
29845
32141
31039
29196
31017
32963
31005
31979
29880
30899
29376
31606
29066
33300
31407
32361
32840
28901
31522
31559
29297
30485
29910
30535
31607
31753
30411
32045
29715
32366
31594
31788
32017
30070
31434
33654
31928
30934
42096
29823
31347
30995
32808
34931
30636
32215
31556
33028
31670
33226
29680
31064
30886
31922
31278
30180
33493
29242
30441
29850
30448
30636
29369
29901
39862
29547
31125
30462
31094
31116
30911
29594
31736
30679
31746
30532
30982
30341
32406
30248
30412
29767
31202
29712
31268
31296
29765
29558
31458
32289
32457
29689
32016
31888
29435
30811
30875
29151
29167
30931
34523
39927
33624
33914
35785
32681
34567
35214
32878
35373
49532
33037
30259
30696
30152
31231
30971
31172
31031
30071
31472
30162
29329
31670
30113
30637
30809
30389
