1440676
1185787
1228495
1369836
1846365
1420274
1334640
1343523
1209317
1225209
1220940
1249953
1217198
1229458
1263285
1242922
1213547
1234364
1251054
1284249
1230397
1233411
1248742
1256779
1348364
1225283
1233911
1236130
1234273
1208108
1231809
1240144
1235348
1207967
1251231
1222163
1227533
1214657
1217843
1259329
1222775
1229394
1227786
1233569
1223181
1229109
1212029
1244343
1207472
1243114
1226655
1251748
1220804
1224144
1229606
1239888
1230968
1216229
1206018
1231510
1210726
1239163
1213628
1255209
1239971
1227320
1204520
1269822
1218124
1238642
1217335
1246353
1292181
1238037
1233457
1248313
1214636
1220657
1238786
1233905
1227414
1229104
1211903
1228411
1238179
1221913
1249239
1241803
1226168
1217544
1221904
1234246
1211003
1206174
1221955
1219765
1232375
1217633
1204189
1229001
1240511
1323840
1297482
1346334
1296930
1489629
1423626
1398828
1407176
1319000
1384218
1286537
1235223
1227593
1251188
1319712
1349011
1209164
1233198
1241678
1236464
1214609
1238608
1229423
1211045
1221665
1239542
1214934
1213227
1221933
1226072
1223241
1213108
1225364
1230218
1249956
1209773
1210455
1236192
1226285
1215526
1204233
1234262
1245554
1216572
1277710
1259741
1242957
1273412
1296798
1303940
1220863
1246973
1267207
1385452
1293221
1333188
1327311
1333267
1302301
1310423
1389014
1467351
1430531
1236441
1387922
1693372
1422430
1421041
1441144
1317370
1294976
1341090
1250841
1242302
1352720
1281038
1439520
1422928
1285655
1270993
1208586
1216137
1327205
1453384
1208933
1280927
1225610
1279584
1338972
1292770
1276696
1306505
1659693
2059184
1398007
1356490
1361735
1383370
1431449
1336973
1410836
2240881
1447129
1386280
1283975
1248652
1255183
1266885
1523300
1274514
1344361
1473825
1426686
1315516
1283550
1256204
1229501
1250346
1275898
1235610
1218419
1262961
1324473
1354333
1373277
1713166
1342584
1309294
1306760
1335790
1370603
1612871
1257283
1309157
1248400
1237275
1276254
1301743
1275990
1243067
1249358
1328317
1264871
1235314
1239692
1261730
1231355
1238657
1254099
