131928
130813
131779
127237
129401
128754
127812
129024
128006
131405
129498
128756
129596
130279
130103
128889
129112
128739
129044
128047
128184
127788
127780
128691
128169
128917
128216
127970
130434
128871
128430
129486
128885
128744
128612
128708
128902
128892
128318
128269
128502
130027
128005
128594
131100
128431
128102
129393
129199
129640
128763
129273
130481
128165
130839
129293
129031
128410
127730
129082
128996
127636
129521
129160
129484
128403
127956
129516
129797
128585
128729
128991
130051
128001
128019
128944
128702
128031
127368
129101
129364
128883
127518
129912
129107
128418
128422
129879
129342
128860
128259
129368
129352
128699
128455
129365
129259
128264
127343
129688
129632
128230
128855
128791
129100
129147
129229
128327
128053
129415
127054
128377
128052
130600
126908
128251
129474
128320
128099
127987
129040
129200
127903
127333
128791
130431
129560
128121
129420
130036
128681
128809
128676
130310
127863
128105
128011
132610
128588
128641
128654
129121
128346
127975
129406
129079
130112
128340
128544
128760
128704
128546
128018
130114
129474
128419
136917
128095
129550
128300
128372
127779
128927
128577
128002
127690
128039
128560
128926
128433
129810
129492
128200
127954
130032
129697
129067
127897
129056
131095
128863
128754
129007
131090
129631
128931
128548
129917
128914
127816
127422
129166
127755
128669
127549
129356
127117
129051
127668
132154
130435
127328
128151
129889
129115
128831
128455
130522
130420
128953
127942
128406
127652
128091
128733
128578
127650
128231
127946
128405
128292
129712
128196
129512
129202
128737
127485
128310
128978
129420
130228
128333
130541
129964
128781
128877
128812
129129
127638
128857
128357
128606
129972
127794
130063
128987
129923
128531
128905
129674
