144754
138846
139654
138868
138749
138234
137542
138705
137425
139853
138574
138003
138512
138727
137983
139530
138100
138477
138691
138645
136986
138823
139106
137735
138588
139307
138323
137566
137589
137294
137807
136891
138003
139380
139787
137872
137931
137707
137303
137963
139919
138771
138692
137877
138390
137529
137728
137836
138194
138059
139162
138347
138301
137688
137678
138831
138648
137111
137044
138690
139300
139109
137778
137663
138501
140171
138331
138563
137843
138114
137399
137362
139231
139951
138359
139087
138613
138268
138843
138013
137481
137722
138224
139111
137440
137774
139425
139976
137748
136972
139065
137545
138168
138037
138590
139085
138175
137733
138833
139570
138076
138656
139997
138815
138338
138839
138703
138825
138048
138798
138226
138264
137523
137591
138823
138677
138098
138656
137501
137719
137966
138578
138172
137832
136716
138058
138974
138013
137631
137537
137527
138505
138988
137507
137449
137950
138039
137609
138355
138822
139282
137437
138428
137257
138479
138259
139079
139831
139503
138570
137737
137783
137700
138175
137795
138561
138537
139261
139009
137762
137044
137577
137047
138179
137966
138110
137686
139335
137177
137012
137529
137238
137113
138622
139424
139157
139389
137428
138359
138675
138786
138594
138492
138200
137867
138150
137269
138927
137209
137514
139319
137425
139044
137060
137817
136791
138052
138134
138618
138742
137110
138095
138310
137296
137615
138956
138067
139062
138477
139087
139003
137269
138885
138508
138920
139238
138189
138220
138297
137731
139313
137909
138612
139666
140110
138052
140907
136770
137617
139062
136980
138005
138511
138703
137204
137548
137659
137361
137220
138301
138885
137741
137714
137933
137532
137630
137607
138298
137723
137671
