58399
55903
54513
55648
55825
55650
55369
55130
54625
56947
55275
55349
54608
55519
54172
57100
54828
55429
54362
56489
54290
55757
54555
55320
54916
55466
54302
56082
54990
55122
54025
54980
55025
56093
54359
54050
54013
53890
54121
54748
54838
55307
55832
54018
54583
55215
54135
55246
56006
53969
55309
55458
54411
55560
55516
55293
55091
55612
54267
53970
55690
54892
55414
54661
55321
54898
54080
54574
54589
54087
55143
55388
55408
53690
54785
53807
54312
53908
54784
55679
55256
55096
55833
54461
53963
55687
54433
54968
54489
54863
56659
54183
54401
55768
54319
54773
53750
53616
53625
53968
55814
54944
54133
54193
55158
56630
53540
54428
53416
54392
57050
54996
53900
54509
54398
54117
55807
55947
54169
54916
54747
54971
54042
54352
55444
55060
54866
54359
56173
55569
54993
54447
55675
54960
54308
54605
55997
54779
55538
54455
54238
54516
53919
54180
54300
53850
54805
55074
54501
54957
56375
55180
53928
54121
55491
53649
54195
53448
54216
55235
54424
54876
54804
54654
53793
54755
55618
54936
54760
55608
55608
55698
54556
56293
54852
54791
56008
54988
55367
54762
55111
55105
54527
54912
54450
54223
55250
55558
57284
55851
56724
54263
54248
54872
53741
54342
55418
54582
55453
54453
55069
54541
53791
55051
54343
54623
54565
55574
53386
53662
56174
54261
53642
54093
53652
54149
53890
53939
53624
54188
55384
54117
55884
55224
53789
55306
55358
53951
53516
53970
55415
54509
54304
53521
55266
54553
55630
55435
55058
55399
54811
54079
54086
55533
53597
54620
53589
54237
54830
54561
