131402
127246
129155
127527
129661
130512
127370
127409
127365
128115
129112
127973
128636
129092
129339
127524
128410
128324
129386
128971
128647
129206
128972
129539
129331
129832
129236
127543
128223
130086
128321
128465
129123
127894
128179
127795
128104
129236
128818
129769
128086
129077
130829
129112
128790
127613
129309
130981
130309
128212
130984
129069
127765
127640
128122
129801
127531
129194
128207
130474
129334
129213
129855
131421
129661
129347
128803
128557
127224
126558
130914
129667
129599
127905
128079
129073
128546
132725
128187
128615
128307
128050
128698
127757
128899
128352
128530
128671
128172
129635
127357
128686
129902
128598
127448
128472
127926
128049
129240
128477
129935
128944
128683
127214
129702
128225
127351
127260
129773
129040
128795
128721
129377
128016
127065
127248
128694
130230
128570
127834
129506
128617
127812
128078
128628
130039
128202
128529
129333
128101
127291
127040
127058
129047
130326
128105
128377
129859
128469
128045
127831
129243
128180
128865
129390
129182
129128
128133
127355
127865
128855
128994
127472
129310
129304
129757
128315
128619
129289
128884
127978
128135
130126
130051
128795
127808
129715
129230
129899
129364
130554
129275
129956
128961
130352
128330
127965
127932
130053
129784
130111
127838
129694
129248
127520
129307
128453
128970
129500
128521
127971
128663
127973
127893
134378
128884
129553
128051
129221
128957
130139
128121
129352
128135
129122
128652
128910
128323
129355
130031
130435
130685
129267
128872
129996
128679
129357
129493
132094
129327
128583
130310
129659
128568
129259
129443
129348
127979
130483
128185
129278
130065
130171
128689
130097
127536
129612
129852
128058
128060
130581
129292
127984
129824
127878
130172
129904
129450
128343
127823
