66607
62330
62165
63598
62623
64288
64295
71556
69918
62929
62697
63588
61580
62709
62796
62156
63498
62923
63708
61210
62566
62679
63380
63321
63213
63947
63209
62856
62444
62639
62320
63798
63570
64701
62920
62806
63263
63902
61831
64280
61790
64313
62015
64390
63832
62373
63662
61881
62796
62879
64164
63141
62810
63154
63515
62414
63517
62452
63952
63925
62930
62541
63279
63475
62574
63435
63593
64011
63063
63246
62476
64292
63482
62764
62957
65236
64787
66152
63474
63275
62672
62729
62821
64276
63429
63996
62773
61003
62296
62491
63102
62917
63217
61665
62115
63559
62625
62974
62838
63311
62859
62758
62718
63491
64674
62981
62624
64132
65416
62691
62851
64054
61681
63925
63976
63228
61853
63301
61794
62186
62067
62455
65369
63111
62218
63113
63761
64306
62822
63621
63011
63035
63248
63337
63654
64292
62856
63410
62402
63843
61835
64071
64750
62382
62629
65437
64625
63155
63386
62049
64097
64008
63083
63072
61866
64057
63217
62929
63794
63831
63761
63585
62451
62058
62016
62789
62331
63400
62815
62631
62100
62585
63871
62390
62562
62159
62091
61777
62100
62785
63217
62618
61888
62829
64695
62550
63026
62046
62843
63538
62776
61986
63353
63408
63131
63442
62429
64231
61902
60982
63467
63831
65928
62930
63537
62483
62564
64484
63837
62118
62727
63244
63377
63308
63480
62854
63934
65349
63605
64890
62735
63845
62163
62450
62009
62535
64988
61683
62251
62439
62245
61970
62589
63285
62666
62320
61866
62923
62006
62429
61662
63348
62940
62297
62190
64092
61957
63112
62490
62540
