55393
52946
58983
52585
53652
57856
51802
50936
51449
51058
53047
51885
50968
51627
50184
50681
51043
51173
50457
50154
50489
51001
51325
50914
51127
51682
49894
52843
51968
52667
52830
52569
51996
51857
51489
52077
51459
52440
51698
51397
52660
50735
53183
50729
52169
52149
50597
52136
52878
50928
52521
51952
51064
52175
51915
51006
50669
51338
51891
51998
52743
51309
51365
50710
51194
52096
52164
50899
50645
51923
51228
51538
51454
51534
51819
50713
51153
50847
50897
52090
52110
51872
52804
51893
51733
51382
50719
50650
51463
52362
51773
51065
52862
51347
51356
51713
51982
52202
52277
51807
53630
51111
51398
52685
51475
51134
52592
51489
51229
52891
51978
52413
52051
51126
50969
51697
51445
50515
51525
51318
53843
51221
51143
50832
50528
51491
52279
50568
51429
51542
52286
51790
50998
50723
50451
50325
50728
50528
51720
50935
54264
51974
52661
51798
50329
50479
53560
52319
50672
50552
52107
53035
50664
51335
51481
51846
52790
50417
50846
50501
51338
52021
51499
50514
51350
51317
50684
51143
52153
51500
50947
52805
52056
50326
50923
50376
50516
51804
51572
51440
52469
52237
50710
51298
50808
52046
51318
51569
52347
51211
51353
52254
52414
51989
51288
52493
52587
51925
51390
55319
51796
53065
53377
51905
53560
51000
51162
50972
50809
50776
51976
52525
51862
51065
51267
51902
51292
51610
51594
52758
50791
53348
52399
52231
51684
52333
51682
51854
50987
51369
51173
51480
52023
51184
52509
50743
50725
50714
52556
51038
50951
53951
52887
51662
53071
51950
50833
52446
51690
51372
