56347
51655
52588
52173
50948
51409
51491
52902
50675
52586
51241
52791
52119
52134
51712
50284
51726
51221
51794
50096
51401
51708
50568
51679
51663
51253
51146
51366
52256
52462
51106
52186
52395
53501
52646
50784
53456
53112
51429
54301
52269
54681
53521
51821
53664
53654
52931
53227
52525
52286
52552
53024
53350
52832
52742
53473
54615
51702
50730
52532
53721
53064
54140
53015
54513
51094
51298
51925
51922
51487
53355
52984
53582
50879
54266
51924
54867
53004
51919
52822
53191
52965
52831
52078
53216
52429
52837
51372
54280
55147
52775
51958
55019
51836
52611
54577
52044
53182
51268
51702
52324
53126
52011
51538
52760
52222
52959
51334
52207
52432
53137
54724
54634
53185
52952
54198
52644
54135
52385
52769
53603
51360
53996
53539
51687
53264
53553
52994
51008
53736
52799
51843
52385
52244
53650
52611
52893
58711
51522
53401
53312
53868
52431
51846
53786
52620
52252
55182
50838
51581
54369
52235
51996
52617
53095
54098
52424
53078
53390
53418
51887
54183
53853
52919
52712
52761
52461
55266
53521
53271
53245
53300
52476
54401
53016
54040
53723
52527
52642
51179
52650
53085
52615
54440
53513
51826
53575
52307
50823
53968
51773
54006
51456
52736
53258
52068
51475
53225
53901
51584
53457
53863
52477
52263
52003
53725
52667
53213
52215
51832
52397
53209
52932
53447
53544
52446
51697
52495
53688
53658
54622
52671
51993
52938
53927
54160
55351
52654
52824
53468
53243
54425
53353
54162
53594
52399
52989
51625
53369
52023
51485
52946
52090
51353
56152
54231
53752
52338
53096
53533
