55609
53953
53710
53715
55817
54990
54494
55905
55267
56146
59044
58396
52254
53850
53419
52939
52333
53444
53652
55032
54135
52661
52790
55228
53735
54070
52958
53008
52675
52402
55953
56330
52871
53622
54934
52520
53923
53094
54986
54861
53480
55146
54221
53654
53165
53394
52261
54152
53563
53761
53399
54670
54784
54071
53286
52328
55490
53824
53037
53843
54668
53285
53627
52203
54809
53507
52391
55043
53929
54154
53950
52825
53799
53136
53313
52534
54209
52338
52883
52621
54675
53786
52507
52429
53072
53588
53230
54130
53342
53982
52094
54334
53863
52225
52967
52371
52470
56927
52654
53757
54361
53033
53584
54062
54565
52199
53733
53549
53679
52814
52345
53674
52597
54336
53583
53249
55023
53493
54000
54064
53608
54530
55238
53521
55506
53673
56046
53253
52107
53956
56270
55754
52772
55160
54553
52494
53879
52924
52914
55592
53901
53345
53358
53786
54473
52206
56684
54356
52858
53450
54646
54373
54484
53275
53016
55031
54055
53891
54532
54223
54115
54052
53777
55247
52674
52794
53261
52410
52830
54227
54320
57261
52480
52173
52944
53905
54861
53345
52633
54507
55254
52621
52014
52262
55221
51941
52449
55086
53286
52776
55086
53822
52672
53465
55233
56201
55994
54948
53805
53669
55915
53567
53798
53687
54495
55454
54581
53040
52147
55617
55733
52902
53742
52591
54644
53045
54076
53098
52775
53257
55071
56848
54313
54300
52598
53412
53421
54647
55222
54406
57561
54064
53654
53205
54635
53064
52215
53089
53377
53134
55113
51478
54360
52984
54501
54524
54343
53052
53193
54921
