50264
46657
48329
46375
47665
45302
52836
48173
45091
45898
45149
44511
46244
44523
44881
44971
45130
44490
45252
45633
45211
45929
45314
44953
45661
44970
44383
44225
44376
45180
45331
44490
44700
44460
43166
44777
44825
44724
45360
44777
45935
44572
44492
45140
45662
44597
43929
44103
44300
43318
44833
46015
45346
44769
46716
46212
46728
45700
45328
46872
46191
46136
45559
46339
46739
44977
45602
46956
45814
46283
45769
45124
46290
48480
45258
46999
47434
45491
47433
46356
46443
46346
45768
46333
46410
45801
46596
46188
46131
46075
45443
44529
45568
46855
45745
46835
46037
45905
45879
46191
46934
44848
45196
45285
44481
45093
44958
45529
45188
46782
45140
46363
46311
45061
45715
45089
45975
44838
45235
45029
44378
44774
44853
44695
46923
46596
45776
45729
46147
46276
45099
46149
46534
45278
45874
46426
47554
45716
45087
45269
46120
46023
47458
44773
45133
45386
44770
45573
46359
45525
46083
46623
46807
46321
45934
46505
45552
46043
46712
46135
46147
45322
47173
46793
46278
45878
45694
46641
46246
46037
45142
45852
44835
47541
46483
45925
45500
46814
45485
45034
45748
46723
46883
45776
48349
46687
45393
45937
46642
46110
46654
46798
46797
47616
46552
47294
47628
45835
46608
45987
46997
48086
46670
47797
45405
46289
46230
44569
46240
46984
45039
46174
46116
46526
44508
46594
45679
45889
45495
46669
46371
46290
45885
45612
44677
45897
46289
45750
45246
46369
46930
45236
45749
46251
45960
46119
46976
46765
46928
46852
47489
45004
46745
45781
45043
45614
47175
45765
45023
46140
