66389
63332
65308
64588
65153
66081
62132
62270
61713
61200
61269
60874
62555
62439
62004
61170
62601
61547
61452
61065
61728
61971
61523
62103
63368
62777
62942
63220
62179
62230
61562
62883
62037
61680
62476
61241
62677
62542
62289
61593
64229
61390
62254
62557
62046
61942
61800
62751
61263
61592
63036
62179
62354
62720
61355
60464
62027
62781
62483
61928
60793
61531
61203
62836
62669
61732
61340
61238
63123
61514
61230
61532
61991
62436
62405
62823
63021
61962
61230
60709
60916
61982
61271
61189
61720
60761
62097
62348
61948
61229
62131
60589
63073
62208
61899
60906
61665
62161
61706
61572
62298
63643
61824
61014
61592
61756
61630
62530
61252
61992
62565
62676
61849
62445
61714
62736
61427
64023
62875
62401
61112
62789
62032
62684
63056
62596
62685
62397
61066
61787
62751
61812
61273
62280
62239
61118
61380
61297
61302
62728
63735
62538
62250
62588
62029
62743
62186
61825
61821
60606
62199
60786
60951
61661
61052
61115
61010
60952
62815
60029
61428
59857
60228
61246
61822
61024
60617
62210
63409
62649
62249
62372
61085
61593
61792
61932
62552
61822
61421
62311
61135
61086
62479
61075
61746
61218
62942
61724
61034
62123
60816
62272
61852
62613
62472
62934
62360
61724
61528
62279
63564
62610
63332
62458
62399
61746
61658
61877
62315
62652
61996
61345
61355
61554
61473
62215
60960
61162
61067
62127
62717
60925
61139
61061
61981
61757
62227
61614
62334
62287
61849
61565
62463
61982
61165
63043
62111
60986
62149
61464
61721
61356
60738
61778
61837
61924
61365
60853
60666
61928
