51719
45264
44703
43393
43690
48732
45761
44906
43046
42548
42321
42068
44425
44107
42035
43727
42649
42602
41003
41453
42363
42970
42584
44604
45186
44707
44030
43991
43604
45211
43254
43254
43000
43642
43374
44441
45233
42995
44195
42504
42692
43376
42949
42814
44886
42522
43046
42251
43700
42563
43780
43430
43437
44048
43065
43179
41757
43480
41972
44485
41812
43056
42580
44509
42691
42986
41994
42002
42040
41810
42180
42131
42924
42630
44663
44499
42780
42810
42232
43193
42905
45428
43629
42180
42898
43252
43167
44838
43131
42234
42545
42530
42419
43587
42468
42375
43877
41787
42677
43786
42530
44378
42795
42181
44189
42237
42826
42265
44011
42854
43881
43300
43012
44606
42948
43035
42232
41627
42623
41561
42556
42522
42559
43455
43779
44558
44914
42572
43149
44395
44924
43027
43276
43710
43105
44493
42908
45456
42440
42558
43885
43759
44383
43328
42578
44179
43696
42809
44390
44558
47500
46225
43983
43836
43220
43788
43619
42732
44675
45275
43023
44181
44300
42213
43308
43772
43519
43375
43804
43633
43240
43949
42690
43440
42830
43251
44084
44785
41884
43387
42113
42182
43889
42367
42322
43978
43740
44464
43379
43260
42374
43573
41927
44415
44951
42893
42561
42681
43496
41981
45246
43611
47714
44025
43579
43438
43099
41691
44252
42765
41893
45011
42409
42506
41962
42925
43312
41886
43177
41622
42604
44041
43894
45508
43379
44663
44085
44162
43743
43848
44457
44292
42778
43536
43798
44608
43452
44552
43752
44326
43561
43990
43897
44880
43194
43652
41908
44223
45370
43159
