30648
26945
25088
26600
27431
28002
27397
28285
27990
27280
29866
27615
27536
28436
27978
27214
26384
28133
38955
31623
26783
27558
28694
26130
26733
26443
27077
25872
27843
27516
25289
26000
28798
27371
25745
25750
27518
27831
28037
27123
28334
27017
27163
26210
26979
27551
26113
27311
27644
27231
26259
28017
26997
28223
26111
26133
26887
26412
27921
26070
26560
26295
28922
26315
27440
26030
26796
27195
26688
26722
28562
27968
27866
27446
25868
25468
29481
27967
26717
26206
27395
26410
26095
26996
27543
26153
27025
25631
25650
25372
26286
27615
26776
28332
25006
26777
27086
25294
26289
25004
27391
27170
26878
27532
27154
28509
25280
25610
25505
26527
26000
25965
27806
26841
25617
28397
25653
26571
26816
27094
27128
25772
27691
26190
28253
26474
27458
26539
27307
25967
26207
26294
26543
27169
26881
25883
26305
25518
27121
27946
25821
27417
26099
26798
25833
26279
27142
27223
25772
25967
26351
26598
26577
28908
26155
26517
27210
26116
26091
27671
26104
27033
26252
26467
26158
25719
27453
25988
28145
26584
28374
27971
27605
26821
25810
26682
26014
26839
27158
26924
25692
28154
27312
28393
26273
25896
27102
25789
26552
27532
28372
27736
26993
27559
26881
27754
26471
27620
26281
26963
27039
27376
28651
26672
25503
25429
28544
25451
26568
27835
26278
25866
26799
26099
26390
26390
29618
26680
26311
25862
27157
29470
26853
26642
27522
27563
27128
25899
25622
26905
26971
25701
26224
25805
25663
25889
26777
27137
26911
26278
27225
28395
26843
26031
26842
26310
26389
26473
26097
25607
