48538
44590
45161
43774
43795
45745
46232
45380
45308
45573
46640
46116
43939
44690
44397
44728
44772
45896
44823
45376
44575
45134
44704
46029
45706
44423
44732
45260
45202
45111
44668
45008
44520
45425
44816
46017
44830
45151
44161
45031
44775
44566
43617
44280
44873
45763
45975
44933
43908
44509
45357
47337
44472
44959
43867
44528
43789
44039
44140
45015
44119
44292
44216
45353
44283
43760
44613
44509
44011
45256
44000
43857
43480
43619
44973
45328
44478
45504
44682
44094
44081
44919
46291
44792
45640
46196
44948
45209
44401
44869
45869
44264
44569
45647
44976
45794
46433
45409
46004
45198
45810
45057
45410
46180
45173
46689
45151
46031
45199
45247
44995
46367
46390
45327
44688
45059
45857
46259
45902
44826
45225
45121
45343
46213
45584
46179
45897
45827
46511
46117
45485
45788
44831
44525
44678
46604
47377
46701
46557
45685
46038
46600
45564
46361
45328
44650
46645
45268
45865
45913
46272
47116
45518
44557
44773
44747
46095
45155
44580
46157
45466
44668
45428
45494
46045
44851
46063
45663
45714
45319
44582
45335
46390
46006
46294
45481
46456
45301
45530
45505
45349
45592
44896
47789
46237
45845
46085
47041
45588
45149
45315
45974
45285
44448
44373
44360
44539
46834
44909
45995
45148
47016
46205
45807
47088
45070
46020
46637
45552
44985
45069
46151
46753
46029
45798
45059
45477
45662
46493
45872
44879
44880
45338
46721
45758
45481
45258
44639
45514
45403
44882
45354
45638
44939
49679
45043
46565
45723
45147
44616
45263
45338
45555
45989
45992
46852
46381
45691
46427
46162
