62602
56184
56144
55313
54720
57756
56672
56022
54533
55346
54630
55196
54072
54814
55705
54288
55417
55187
58761
56165
56369
54891
56243
55239
54675
54412
54524
56248
54808
56087
54993
55530
58605
56307
56714
55788
55164
57871
56775
56939
56022
57012
56644
53964
56260
57004
56521
54708
56727
55514
56599
59987
56118
54838
55873
56774
56692
55995
56848
55615
55414
55272
55202
56000
57274
55730
55633
56298
56911
55810
57164
56163
55701
54914
57935
55523
53892
54492
55600
55892
56483
55033
55619
55919
56028
56121
55592
54257
55955
56988
64910
54229
54989
54532
54471
55217
55108
55142
54391
55293
56167
54820
56910
54791
57895
54506
55734
55802
57057
55652
55350
56286
55737
55759
54697
58016
57426
55551
56125
56208
55752
55904
54848
55346
54857
55304
55579
56033
56097
55419
54314
58397
56233
57928
58083
56780
55545
57856
56370
54991
56002
56268
66168
57066
55966
54562
55577
56591
56065
54499
57332
55603
58494
55543
55170
56765
54987
56856
56556
56360
54635
57002
55908
56286
56422
57858
54712
57707
56058
56520
56312
56763
55779
57049
55883
55723
55241
54975
56247
56657
55997
55426
55309
55752
55106
55827
55665
55425
55548
54699
54966
55908
57882
54460
55444
55653
54995
56971
55316
55423
55190
55294
55138
55160
56204
56348
56230
57295
55390
55849
55176
56690
54394
56659
56261
55189
55187
55941
55302
55996
56366
54873
54843
56249
56087
56637
56049
56778
55954
57309
57409
56081
56435
55867
56912
55443
57738
56333
55853
55679
56264
55479
56502
55948
56509
55161
56282
56388
57528
55833
