33135
28766
26939
26762
26280
26300
26647
25998
30061
26448
26681
26287
26576
37618
30512
25988
25794
24189
26413
25472
24764
24548
24034
25551
25199
25330
24499
24739
24418
24460
24169
24769
24931
25940
24848
25233
25892
25560
27022
25563
26216
26572
25813
26460
28269
25998
25709
25845
26793
26620
26043
25041
25758
25044
26131
25817
26396
25027
26684
25725
25255
26111
26372
25476
26311
26232
27426
26807
27516
26223
27472
25655
26856
26453
27114
26075
26331
25959
25083
26699
26621
26492
26192
25711
26003
26075
25220
26192
25851
25827
26095
26951
26483
29326
26978
26097
25592
26745
25823
26858
27141
26336
25954
25600
25470
24405
24751
24766
24833
25166
24592
24619
25394
26320
24943
25292
24637
24615
25864
25683
27789
27871
27922
27210
27053
24388
25343
25669
24867
26049
24603
24489
25618
26888
25023
25365
25267
24914
24960
24869
25480
24822
25425
25264
25055
24940
24966
25166
24798
26589
27155
26455
25289
28098
26586
24779
25045
25196
25951
24702
24763
24733
24604
24918
24908
25714
25898
24887
25777
26063
25660
25176
26430
27349
24416
25910
26677
25953
26153
24596
26311
25752
26608
25082
25240
25696
24389
24894
27836
25397
25879
26487
26263
26752
26003
25097
25451
26483
24474
25293
24855
26981
25163
26929
26432
25112
26638
26171
24714
25948
25512
26400
26564
26322
24407
25275
26003
25279
25243
26173
25019
27410
25369
26133
24536
24559
25716
24689
24741
24775
25105
25360
25414
24886
25966
24624
24820
24313
26119
26668
27042
26547
27470
27076
26693
24951
26864
25805
24839
25830
