58632
48619
46082
44253
44055
44502
44703
45611
43769
44232
46969
45294
45717
45557
45204
45258
45945
43879
44488
46968
45170
43798
44439
44916
44302
46602
45764
46025
44109
45096
45713
44697
46501
45556
44803
44692
45583
44451
44116
44028
45277
45281
44031
45824
45324
44971
45651
45140
45741
45996
45974
47212
45003
44474
47045
45891
46623
46537
45616
45403
45867
46002
46328
46590
45003
45445
46985
46617
46237
46516
45783
46740
45903
45555
46950
46264
45583
45614
46161
46989
51708
46789
46815
44936
45481
46182
45689
46132
45844
45856
46259
45355
46047
45491
45870
46704
45805
45122
46177
46483
46436
47217
46540
46147
45129
45845
46301
45209
46765
45004
45114
45910
45155
45344
45120
45769
47394
45958
45784
45778
45457
45178
44864
45916
46774
46758
45427
45621
46725
44956
45097
44794
46267
45573
46597
45950
44925
46119
45774
45093
45762
45018
45586
45148
45145
46406
46492
45535
46360
45794
47026
46602
45619
46173
45887
44685
44945
45577
46453
45152
45271
45871
46297
45737
45160
47195
45583
47938
46077
47351
45234
45437
46674
46900
47215
46386
45666
46354
46158
46377
46054
45471
45035
46301
46647
46222
45095
45244
45422
46610
45540
44572
45516
45624
45552
45800
47943
46653
45330
44961
46980
46597
45085
45448
44622
45149
46393
45077
46191
44985
44821
46705
46095
47054
46287
45813
46274
45921
45060
45515
44790
45427
44762
45654
45552
45761
44617
46013
45860
45045
47162
46366
45601
44877
45965
47109
46693
46277
46812
45451
46195
46812
46432
46634
45773
44539
45530
46135
45228
45833
