60252
57438
56450
56787
57134
57535
57115
60324
58030
58511
61304
58627
58398
57132
57042
56781
57709
57596
57941
58355
58296
57769
58400
59273
58589
58474
58935
58849
59501
59516
59382
59075
58066
57984
59100
57552
59828
59385
58727
57530
57171
59126
58956
58746
59691
58552
58770
58898
58223
58452
59500
59015
58623
57045
58192
58092
58000
57851
59126
59059
59177
59137
58671
58222
57798
57313
57411
57869
57859
60319
57522
58192
57624
57332
57182
60053
57554
58009
58465
57250
57299
56893
58401
58460
58150
57861
57525
58684
57956
57161
56872
58569
59565
56890
58708
59904
58708
58690
57180
58828
59185
58523
58307
59437
60058
60266
59572
57950
60318
58581
59702
59336
58897
58057
57584
58175
58637
60683
58585
58544
56729
57662
59019
58696
57643
59465
59395
58623
62007
60308
58617
59189
59604
58972
58161
58816
58563
59692
60796
57766
57092
57781
57037
57245
60462
60289
58876
58683
57119
57896
59199
59426
58048
59150
58446
58399
58297
57783
58570
59423
59065
59587
58593
57043
58963
57702
58576
59309
58841
57266
58057
58323
58315
58369
57429
58368
57773
58865
58663
57824
58220
59327
58773
57285
57772
58359
58175
57883
60283
58331
58532
58698
58810
58286
59606
59642
59112
57883
58784
60504
59549
57584
58650
58375
59371
57449
58430
59024
57485
59455
57862
58959
58424
58935
58716
59119
57594
57716
58544
57708
58300
58570
58882
58347
58296
57275
58291
59908
58649
59024
57679
58518
58867
57853
58519
58515
58053
58328
57574
57235
57890
58500
58057
58490
57934
57908
57987
58095
57839
70419
