31549
28020
27614
26835
26697
27688
26509
26626
30582
28519
26319
31663
31853
26303
25087
24681
24168
25242
24964
24550
24647
24597
24367
24386
24953
25472
25462
25388
25375
24483
24341
24704
25120
24131
25876
24132
24617
27256
26111
25834
24876
25787
26246
25975
25411
25533
25291
26371
26375
24563
26289
26241
25812
25471
25245
26202
24735
25077
25222
26501
25331
25198
24821
25610
25361
24821
25120
25466
25105
24485
24675
26053
24817
25654
26228
24947
25346
25065
25707
25024
25403
25378
24376
24937
25349
24441
24388
24960
24736
25901
24699
25983
27007
26079
25232
25239
25243
24822
25756
24922
26711
27270
25216
26127
26865
26451
26541
25727
25201
25236
24548
25542
26165
25909
25212
28105
26184
26351
24676
24627
26079
25592
26783
24899
24771
25936
26046
26200
24990
24440
24736
24634
25363
24874
25896
25346
25446
24940
25656
24969
25559
26365
27012
25772
24703
25813
26455
26709
25679
25625
27101
25558
25534
26479
25301
26880
26399
26680
25226
26068
26038
25085
26818
26166
25884
25942
26087
25620
26069
25790
26215
26112
25663
26680
25840
26153
27334
25883
25832
25979
26274
27440
26363
25197
25517
25453
26948
26473
26411
24846
25003
25315
27862
25524
27046
26590
27316
26607
26064
25559
26471
27498
26354
25647
25314
25540
25352
26258
25380
26171
24584
25769
26129
24344
24469
24626
27982
26232
26459
25460
24874
25234
25341
25886
24736
25023
25133
25484
25302
25769
25837
25343
25942
26719
25171
24500
26152
24732
25551
26782
25645
25550
25094
24852
25022
25859
25721
25178
26365
24655
