60432
56515
57377
58364
55914
56498
57492
57687
61675
57239
67372
67992
56580
57511
57021
56223
57085
56943
57361
56873
55343
56782
57847
55309
55866
57466
56582
57272
56895
57993
56682
57431
56770
57454
55709
55400
56260
56711
57171
56014
56852
54984
55335
56453
55837
57095
56301
56201
57011
56690
55260
57533
57188
56705
55769
57782
55988
54880
59241
56699
55429
56326
56022
56884
57046
54780
56808
55619
58613
56508
55822
55840
56275
55619
56367
57954
55393
54736
58823
56847
57788
58503
56550
55938
55955
56998
56409
56311
57092
56267
57575
55640
56168
56510
56964
55813
57616
56588
57028
57719
56771
56576
56416
54644
54424
56264
57455
56514
58266
56759
57370
56205
56963
57079
56974
57235
55965
55571
56867
57769
56156
58087
57091
55900
55440
55609
54728
55598
56535
57417
57661
56978
55370
56221
57873
56723
57855
57572
55664
56568
56769
56038
57217
56696
56540
55376
57096
57152
55763
56079
56606
58141
57798
56221
56289
55107
55340
54768
56317
56394
54830
58570
56142
55396
55892
55688
56896
56175
55941
57255
56394
56844
56102
56452
56490
55511
56681
55811
56712
56860
56423
56917
56027
57957
55621
56131
56181
56914
55923
55714
56147
55896
55715
55879
56738
56024
57649
55703
58505
55813
58719
56468
56754
56623
56608
57579
57379
57099
59166
56371
56299
56743
55243
55331
57333
56979
54613
56227
55239
56146
58262
56111
57052
57273
56582
56895
57451
56635
57580
57152
55938
56053
55670
56593
56296
55349
56150
57114
56835
58270
56766
55536
55931
55884
56963
56194
56735
56628
57526
55860
