46476
40988
40857
42797
42772
41562
40824
41102
40591
43645
43784
43457
44224
44789
45352
44084
41353
40476
39905
40000
40925
41182
41277
41080
41635
41361
42050
42384
41573
41600
40713
40192
41251
40742
40778
40702
41532
41197
40995
42262
41833
41350
40687
41009
42539
40404
41386
40417
40633
40562
41912
41320
40866
41394
39790
40029
41371
40948
42075
41434
41264
41150
41506
41933
43470
41515
40436
41696
43743
40807
42030
41656
40883
40431
40468
41595
42930
42691
40898
40871
40982
41281
41510
42347
40429
42173
43581
42409
42061
41857
41410
41666
42514
41375
41963
42850
42071
41009
41813
42229
41363
42456
42698
42106
40932
41206
42309
42057
42209
42435
40506
40993
42722
42958
42686
42495
42373
42167
41134
41385
42208
42341
41227
40614
40999
41465
42418
41205
41325
40807
41350
41565
40753
42221
43470
40309
40885
40617
42454
42647
43103
42873
41842
41894
42106
43099
42361
42112
41097
42085
42041
41438
41996
44045
42401
42060
41529
43914
42656
42013
41534
41243
42352
43235
43558
41398
40969
41146
42232
41325
42286
41672
40901
40736
40770
42770
42697
42747
41627
42623
41595
41441
42290
41035
42019
41399
41787
43327
41653
40630
41467
41940
41045
40525
40809
40692
40709
40546
41110
42601
44143
41609
43585
41767
43533
42121
40992
41433
41537
41069
40679
40586
41806
41787
41109
40945
42300
43160
40815
41672
41567
40802
41525
42946
41664
41225
42040
41411
40613
42674
41974
41118
41594
40724
41602
40908
40704
41288
41623
41450
40639
41746
41786
41212
41111
41185
42075
41865
41999
41569
