143892
137505
138602
138811
139754
137643
138986
137905
138505
139312
140037
138765
138146
137941
138787
136986
137016
138268
137797
138172
137360
137964
138787
137369
137433
137033
137586
138148
137643
139133
137368
137724
137062
138114
137723
138699
136452
137104
136672
137736
138357
137968
137664
139234
139564
138450
137897
137674
138585
137866
138146
137520
137682
138571
137151
139502
138879
138924
138553
138244
137178
138413
137110
138390
138753
137361
137577
137873
138257
138437
138433
139132
138672
140173
137941
137972
137840
138286
139303
139117
139141
137691
138715
139079
138899
137487
138810
138865
138174
136714
138101
139474
139313
137593
138478
138813
138107
137280
138542
137854
139242
138778
137715
137627
137281
139494
139827
138263
138124
138218
138126
138634
138230
138929
138212
137762
137616
139268
137755
137645
138158
139266
138947
140116
137406
139050
137979
138731
138205
143343
137407
138688
137333
137342
137402
137527
137704
137037
138844
137672
139018
137298
137441
139293
138945
137871
137712
138343
139524
137913
138706
137340
138913
138490
138919
139045
139840
138479
137656
138260
138138
138406
139185
138020
136718
138621
137657
137827
138395
139338
138586
139772
137219
137991
137750
138867
137849
138412
139527
138745
137139
137748
137470
137844
137006
138507
138913
137059
137329
137451
138497
137530
138581
136845
138369
138323
136887
136879
138905
138288
139905
138271
137585
139162
138855
137163
137572
137649
136372
139093
138912
138467
137939
137976
137416
137132
138887
139514
138490
137371
138448
139247
139170
137647
137643
138569
139123
137379
139773
138667
138595
137588
139016
137862
138406
137067
137792
137824
137112
137428
140356
138366
140081
137746
139721
137059
137766
136468
137422
137213
