51374
47176
44668
44836
45077
46342
48558
45445
49118
48994
47720
46337
45190
44420
43712
46156
44886
45255
44226
44633
43923
44729
44599
45386
44522
45139
46110
45110
45207
45355
44785
44918
45121
44250
45545
45774
44430
43957
44903
44742
45132
46360
44015
46001
45042
46142
44356
44682
46146
43992
46347
46889
44524
44489
44402
44372
44161
43889
44040
44740
43946
44405
44559
43743
44492
43710
45443
43229
45012
44854
44705
44585
44608
43740
44643
43938
43875
43334
43590
43467
44236
43413
43370
43182
43178
44737
44657
43843
43790
43992
44524
45238
43346
44910
45365
44153
44868
45034
44658
45251
46231
45336
45746
44209
44743
44456
44388
44550
45131
45589
45252
46741
45309
45733
45733
46134
45530
43919
45025
45181
45326
46046
46107
45127
46779
45647
45251
45028
44730
44852
46204
45110
47569
44440
44128
45516
45661
46944
46053
44747
44864
44774
44330
44799
45157
44326
45321
46432
45658
45855
44760
44581
45162
43994
46221
44188
45438
45622
44722
45464
44188
44304
45412
45945
44527
44361
44832
43920
44213
44495
44285
45861
44482
45655
45834
45162
44381
44098
45720
43882
45032
44756
45085
44290
44273
46053
44583
46314
45570
44578
44467
45841
44888
44702
44362
46392
44561
45987
45945
44287
46604
45036
44219
45143
45951
44663
45952
45471
43985
45851
43915
44639
44731
44748
45498
44090
45474
44833
45063
45786
45614
44815
44419
44146
45312
45015
45428
46076
44506
45900
45279
44784
44592
46046
44595
45371
46191
44764
44845
46329
45446
46176
45024
46539
45717
45891
46452
45860
46628
45935
