46190
43008
43011
42826
42553
42925
42720
43603
42038
41195
40457
40051
43425
41823
41780
40422
42471
41512
41983
42546
43582
43671
43120
45203
43066
42664
43872
42715
42491
43384
42222
43123
42909
43051
41632
41477
41708
40360
41850
40807
42345
40285
39916
40533
40209
42703
42053
40887
40405
41431
40949
41270
40586
39729
39793
40297
41087
40178
40046
41146
40446
40090
40948
41285
40240
40676
39898
40629
40827
41675
43086
41390
41200
41176
40942
40855
41849
40916
40490
41071
42359
40545
40810
41203
42483
41174
42365
41443
42562
41444
41321
40651
41001
41079
42311
41910
40930
41687
40790
42838
43303
43306
41509
42060
41701
43312
41517
42452
42294
42112
42207
43776
41628
41796
41544
41075
41979
41474
42135
41551
41523
43302
42870
41561
42983
41692
42741
40564
41594
40761
41684
42179
42172
40843
41943
40788
42697
41233
42395
41459
42252
40543
42575
41974
40804
42854
41584
41885
43325
42837
42858
43145
42443
40670
41409
42537
41852
41732
40742
42171
44372
41629
42091
41224
41892
42579
41431
42149
42456
42079
42119
42368
41677
42969
41704
43189
41005
40651
41033
42845
41057
41354
41141
42920
41921
42614
43023
42425
42648
41046
41411
42364
41920
41201
41034
40940
41846
41934
41908
41249
42654
43075
41960
40919
40945
41796
41915
41611
42184
42419
43554
42355
41723
43572
41959
40514
42339
41146
41074
41806
42348
41418
42154
44084
42571
42264
43373
41450
42241
41163
41898
40741
41637
43081
41306
42861
41473
43355
42723
42399
42529
42140
41813
41645
41121
42668
41598
42283
41893
41335
