2295
1320
668
313
298
323
313
285
323
294
295
320
339
305
276
272
284
280
277
276
268
314
283
268
273
273
275
275
274
274
268
183
190
184
180
183
182
186
199
187
190
223
180
183
180
182
180
181
181
350
280
277
280
276
274
376
337
279
386
301
318
200
186
183
186
184
181
182
179
183
178
181
178
180
183
182
180
181
712
557
187
183
180
183
185
183
182
182
191
192
192
192
222
197
187
189
192
189
187
188
380
208
187
189
189
194
195
191
196
191
195
190
193
193
193
190
197
209
192
197
193
206
194
200
190
199
195
196
187
194
225
192
197
205
232
187
183
202
195
191
192
287
242
207
190
951
1680
269
191
208
193
188
185
188
183
187
185
184
184
185
246
203
195
195
198
227
195
225
190
190
188
187
183
188
185
185
183
189
187
184
185
181
183
196
193
188
184
185
191
192
187
186
180
194
192
188
206
187
187
191
1376
232
190
192
188
187
185
1036
2050
264
198
184
182
181
180
180
185
181
179
179
180
185
181
180
178
180
180
178
180
182
181
196
187
188
220
191
183
182
186
180
271
287
278
313
418
273
285
405
377
565
