2227
1291
656
298
299
299
335
350
299
297
300
298
295
293
294
285
283
296
296
292
290
288
352
304
427
381
359
359
359
360
368
357
356
322
364
360
345
324
333
339
1792
352
300
298
348
354
357
354
316
341
304
297
391
364
363
364
361
364
360
398
372
431
370
324
430
380
367
364
361
363
360
384
366
360
296
300
294
294
297
294
1055
1036
315
343
354
366
329
467
386
359
357
362
364
1361
416
324
360
362
359
334
360
339
356
356
346
462
394
342
426
399
366
363
364
361
361
2054
423
367
368
459
372
349
345
346
342
345
345
495
507
505
521
588
472
2004
431
337
324
300
299
296
295
351
352
318
347
317
300
1055
1058
450
457
428
361
416
343
318
418
374
414
364
363
360
363
295
312
293
283
284
281
293
385
363
361
362
362
362
484
388
381
364
354
299
297
445
364
389
360
322
976
342
298
283
296
296
294
285
296
295
295
376
363
362
359
361
338
298
282
295
298
293
414
457
477
492
500
667
554
345
437
377
367
363
364
296
296
295
318
543
380
367
367
298
1895
310
296
285
284
295
293
360
291
297
366
297
307
388
364
369
366
362
