3662
1960
1911
2602
2017
1561
1495
1494
1449
1580
1495
1470
1506
1537
2041
1485
1457
1445
1511
1634
1616
1503
1515
1646
1569
1524
1531
1476
1461
1631
1690
1466
1461
1496
1496
1558
1528
1644
1569
1540
1618
1532
1456
1523
1750
1650
1598
1675
1781
1504
1562
1509
1531
1558
1568
1556
1551
1469
1621
1662
1719
1565
1864
2310
2140
1521
1463
1590
1488
1474
1547
1545
1528
3308
1905
1594
1558
1622
1641
1562
1525
1813
2008
1531
1517
1550
1505
1474
1572
1455
1464
1539
1975
1563
1566
1606
1540
1523
1572
1462
1544
1512
1813
1491
1461
1667
1568
1518
1514
1559
1506
1580
1571
1515
1447
1458
1529
1519
1538
3470
1921
1515
1758
2391
1681
1463
1536
1541
1505
1538
2220
1831
1465
1472
1479
1504
1451
1892
1762
2738
1799
1542
1703
1542
1460
1531
1530
1578
1661
1568
1584
1563
1524
1547
1482
1480
1811
1831
1596
1735
1534
1528
1467
1447
1622
2012
1754
2694
2555
1829
1516
1481
1568
1468
1538
1564
1509
1510
1855
1859
1602
1559
1604
1646
1643
1563
1654
1677
1614
1558
1495
1623
1546
1511
1502
1496
1599
1482
1570
2015
1617
1691
1603
1674
1635
1624
1649
1993
1632
1675
1571
1566
1570
1848
1577
1979
1796
1602
1568
1572
2646
1617
1574
2040
1653
2432
6376
2024
1712
1603
1606
1554
2192
2066
1701
1677
1583
1602
1589
1562
1623
1818
1840
1595
1576
1600
1630
1653
1622
1555
