3162
1222
867
839
809
824
825
826
846
840
921
1004
829
845
835
808
856
909
907
922
870
924
1243
950
965
1011
925
906
885
895
874
902
922
956
1534
981
902
851
843
2543
910
883
828
789
806
893
861
850
912
880
871
938
889
846
846
807
1293
893
860
951
935
995
824
786
783
788
787
1023
995
871
809
808
781
828
778
904
801
814
907
915
955
989
895
2134
836
823
847
803
839
834
2363
946
896
868
884
935
950
903
905
905
880
890
877
893
860
909
1332
885
869
868
886
867
877
856
917
948
956
890
926
888
854
858
921
2342
888
876
902
885
909
874
910
906
900
925
902
917
865
888
1911
1218
941
926
923
942
1229
945
964
921
907
930
937
935
914
924
1084
961
910
914
969
948
951
936
946
949
940
1023
940
917
893
910
1113
956
937
946
951
4467
1332
954
948
3649
2053
1442
910
944
955
975
938
2857
972
975
955
944
910
1578
1215
956
1284
940
906
957
953
979
953
958
938
993
925
944
947
926
907
1249
1419
1120
983
1076
951
945
995
924
945
935
901
927
917
1163
941
954
922
924
934
970
955
978
927
924
927
964
913
928
1000
5404
1351
961
914
922
900
896
919
942
