8920
5956
5539
5802
5390
5498
5428
5482
5412
5357
5487
5371
5663
6048
6153
5516
5120
7052
7300
8461
6295
6960
7093
5389
5581
5498
5128
5539
5396
5362
5334
5584
5116
5094
5138
5182
5158
5105
5165
5401
5374
5165
5242
5188
5308
5243
5181
5367
5495
5157
5248
5348
5116
6296
5905
5483
5190
5544
5412
5342
5229
5219
5209
5199
5520
5142
5624
5438
5134
5123
5129
5221
5559
5362
5149
5276
5128
5210
5139
5105
5082
5868
5098
5153
5235
5251
5173
5341
5567
5125
5224
5746
5560
5131
5352
5412
5185
5181
5171
5280
5179
5609
5981
5421
5823
5143
5379
5565
5212
5203
5188
5141
5202
5136
5127
5107
5291
5217
5116
5190
5145
5148
5119
5313
5291
5183
5146
5170
5379
5208
5271
5325
5102
5158
5097
5219
5185
5349
5186
5183
5129
5117
5177
5215
5409
5161
5149
5198
5392
5185
5134
5112
6034
6092
5737
5202
5239
5320
5145
5431
5297
5272
5578
5148
5238
5196
5289
5125
5325
5166
5232
5235
5222
5225
5134
5153
5169
5183
5085
5188
5301
5173
5180
5482
5322
5149
5349
5241
5160
5386
5157
5878
5116
5142
5574
5310
5212
5197
5203
5242
5193
5208
5091
5117
5117
5892
5854
5494
5211
5242
5340
5150
5136
5241
5192
5134
5137
5243
5367
5185
5103
5159
5193
5119
5258
5161
5185
5224
5150
5143
5167
5262
5607
5351
5149
5111
5110
5239
5208
5122
5131
5141
5187
5163
5096
5515
5213
5225
5256
5146
