23382
21580
20671
20377
20642
21228
20288
19461
19216
20495
19271
20470
19830
21064
20368
20686
21050
20456
20902
20173
19973
20848
20179
20572
20534
20031
20577
20465
20033
20566
20213
22570
21924
22151
21565
21872
22084
20518
21779
20218
23896
26065
20824
20303
20173
19605
20502
20254
19778
21397
21774
21203
21698
19737
20377
20868
21053
21265
19898
19825
20146
20180
19731
19625
21534
21082
19946
20473
19846
20519
21084
20625
21445
20502
21091
22480
22452
20932
20612
22145
20564
20431
20493
20521
19794
20861
19491
20552
20657
19971
19523
19657
21477
19883
20724
20289
20279
20022
20891
20275
20150
19859
21332
20073
19644
21267
19449
19980
20319
20342
19341
19645
20594
20135
20186
19370
19685
20918
19400
19725
19348
19908
20962
20820
22407
20461
20749
20441
20749
20433
20526
20333
20473
20700
20011
21006
20516
19502
19521
20610
21276
19644
19664
21457
19955
20616
20566
20453
20032
21842
20702
22421
19711
19545
19761
19744
21324
19388
20072
22465
20738
21657
20298
21161
20713
22194
20672
20290
21576
20708
20561
20187
20243
20969
20326
21758
20479
19966
20019
20383
21048
20514
20455
21655
21286
20732
20724
20587
20252
20494
20964
21342
20380
20230
20144
20761
19521
19915
19469
21391
20971
21513
21209
20762
21150
20742
20400
20825
20652
20595
20794
19974
19800
21126
19977
20358
19678
19961
20923
20699
19878
20595
19920
20329
20627
21322
20726
20828
19469
19294
19557
20727
19224
19945
20072
20043
21492
21010
21082
20128
20473
20606
20257
20022
20648
20403
19927
21354
21913
21350
