6114
3188
2911
2774
2817
2833
2825
3014
3018
2795
2739
3252
3130
2807
3185
4067
3053
2847
2762
2768
2857
2815
2796
2812
3196
2850
2867
2869
2799
2831
2983
2837
2768
2836
3081
2811
2810
2789
2851
2798
2825
2805
2766
2747
2824
2811
2821
2933
2815
2838
2957
2801
2836
2762
2868
2866
2842
2744
2733
3589
3733
3173
2810
2990
2828
2972
3182
2875
2803
2761
2833
3087
2771
2834
2844
2738
2876
2851
2815
2853
2864
2874
2824
2783
2847
2807
2815
2839
2880
2742
2943
2866
2868
2839
2861
3043
3069
2955
3024
3065
3049
3021
3118
4379
3266
3152
2923
3201
2960
3011
3020
3016
2990
3019
3040
2981
3312
4078
3043
3979
2924
2946
2960
2977
3611
3752
4817
3003
3069
3043
2980
3014
2987
3029
3004
3009
2992
2979
2961
3078
3087
3134
2997
3009
2825
2792
2908
2762
2793
2899
2784
2751
2745
2908
2943
3082
7051
3293
5459
4812
3325
3903
2969
3257
3183
2867
2925
5274
4754
3393
3178
2784
2747
3053
3204
2842
2741
2825
2803
2977
2770
2853
2778
2733
2748
3188
2785
2837
3308
2908
2849
2813
2801
2822
2801
2751
2818
3167
3065
2875
2800
2855
2931
2768
2869
2800
2823
2832
2896
2848
2756
2749
2767
2914
2779
2759
3282
3411
3607
3158
2887
2763
2766
3078
3094
2802
2793
2832
2904
3164
2796
2744
2765
2847
2948
2745
2773
2807
2798
2954
2879
2851
2813
2808
2818
2820
2818
2803
2912
2775
