2131
1521
669
352
356
262
1018
430
844
306
253
296
250
245
244
246
241
247
242
242
243
244
240
230
230
273
256
232
230
230
308
322
317
320
314
312
319
315
313
349
318
317
314
316
317
310
316
317
316
315
330
318
315
312
313
314
347
242
245
247
241
238
240
261
242
246
241
242
246
244
379
255
239
238
242
242
246
248
233
246
1258
439
462
415
339
328
335
315
327
313
313
444
253
324
400
318
243
234
230
228
237
229
228
228
231
252
241
244
372
325
243
246
231
227
236
225
245
237
251
251
377
323
317
318
252
231
229
233
943
1659
232
232
229
208
229
774
383
321
316
320
314
314
336
247
268
243
240
309
477
471
429
415
1848
346
343
311
319
310
314
312
311
313
314
310
374
1371
244
231
229
233
233
231
234
272
231
227
227
232
233
228
252
233
229
227
227
280
323
312
312
315
311
315
316
311
311
313
312
319
314
427
364
366
340
254
231
228
294
261
216
236
784
745
413
301
241
970
244
231
236
411
241
232
237
239
234
229
228
226
227
230
230
227
226
227
234
227
226
226
227
227
240
207
229
227
226
227
228
236
208
232
