2835
996
507
490
568
628
1271
549
533
537
534
534
533
510
474
594
539
533
533
529
695
743
571
566
489
483
498
517
524
516
506
477
1295
1296
556
629
551
492
494
480
513
487
476
472
467
469
472
477
510
533
544
534
534
538
540
538
531
509
537
640
575
520
1948
474
475
469
471
470
539
544
585
532
536
530
536
475
474
481
469
523
482
479
484
475
469
468
468
481
1215
601
543
498
471
516
624
538
517
517
511
513
523
523
1232
592
659
656
562
545
559
602
517
509
811
2221
524
485
562
555
519
544
716
536
513
513
474
610
743
787
799
2446
571
541
479
482
1056
1157
477
475
474
475
474
470
472
574
629
609
551
538
471
491
502
478
535
541
472
475
468
470
466
469
482
504
717
1185
704
836
627
562
872
514
510
481
480
469
476
475
470
471
577
758
566
537
529
553
529
531
541
545
529
541
2183
561
506
507
507
514
526
505
526
516
528
654
529
529
503
526
519
552
543
510
501
502
505
512
508
521
500
586
1010
1207
536
507
504
497
506
755
529
529
547
1478
573
537
593
504
505
507
505
506
499
551
521
509
500
497
1090
1638
558
602
531
507
