45587
41609
41897
40558
40451
41487
42168
43313
42501
41553
40228
53093
42040
39945
39313
38838
39566
39108
39163
41280
42150
39062
38610
41770
41676
40404
40609
38532
39504
40744
39209
38860
39916
40424
39593
38890
39361
40240
39784
42097
39080
39527
39430
40734
38871
42876
40181
41638
40823
40594
41664
42334
41733
40525
40609
40541
43472
41497
40785
41395
43511
43330
40767
42850
42557
41063
41302
42027
45063
41738
42343
41437
41670
45691
43114
43179
42446
43001
41092
40722
41454
39934
40021
39578
41407
40730
40171
39489
41885
42193
43125
40303
40201
40709
39522
42611
39809
40444
40111
41495
41197
42350
41496
40169
40819
41228
39844
41244
40024
40549
40082
41083
40569
42630
41197
39989
42510
41107
41321
41393
40048
40958
43298
40168
40778
41597
40103
40826
40927
41054
39131
40349
42117
39732
40697
42673
43891
41969
42762
41596
41579
39248
39759
40524
40486
39418
40667
40982
40095
41796
44243
43056
41477
41711
40695
40955
39645
40156
40347
41229
39826
39623
40856
41513
42409
42513
40652
40727
40391
39832
41427
42531
41240
41108
41070
40199
45522
43032
43562
42219
42889
43064
43176
42436
42028
40390
41490
42856
42922
42933
41166
43081
40519
43238
42580
41702
43020
41601
41496
41594
43898
42574
41709
41202
40354
41492
42155
41467
39526
41551
41568
40923
42729
42356
41518
40871
40426
40930
41610
39717
40033
40593
40593
39838
42285
43144
40064
42779
40255
39925
39891
41551
40063
39373
42925
41833
40422
41502
41073
42054
42227
42109
41738
41308
41765
41686
41850
43419
40508
41393
