327716
328305
312711
313752
313569
315369
316410
309610
316070
312189
320013
323731
323608
325162
320822
320940
308671
307745
319324
323446
317294
326018
317318
322454
321530
322298
320038
327633
329636
328158
314347
322632
315767
323958
326454
313291
314764
320649
323731
318135
319180
320914
321121
325850
334683
325105
321283
337049
329070
313562
324625
323645
320003
318018
324394
319721
321992
324085
326125
329906
324184
322457
315979
330400
331137
322109
325570
319085
318455
323252
319246
328197
320241
323508
325474
330517
319978
322348
322022
315992
321847
322849
337017
320784
323964
315306
325259
324714
319184
325858
344081
325878
317189
317535
332397
324413
320396
328341
321304
324529
326193
321992
319808
316894
324257
329615
327722
320417
319056
321930
317216
325154
332621
308519
325190
324700
319992
320206
322433
331129
321930
322497
324224
322423
324171
323675
330875
320696
323745
323931
326111
323839
328962
329168
321174
325750
327867
327793
330391
320859
324179
320065
320649
324086
319713
320186
324435
316352
327413
324742
322551
328502
327731
324339
324489
329553
322742
316200
323813
325762
324239
321849
319916
323544
322596
317731
328280
324731
328193
325045
319222
319980
322981
319174
328740
316542
316120
314721
326780
322550
316630
325162
333122
327371
321557
325099
328006
319649
326359
326278
322828
315196
324999
323220
323789
325441
322613
324743
326360
326700
325749
324205
324045
326375
315539
321997
328413
324106
321464
318038
323970
321663
319779
330988
331437
321491
323902
317794
319939
329079
320874
315315
319979
326363
318122
326939
327010
323829
330119
332428
326827
315714
329912
345148
326323
316302
326588
319974
322868
320523
322125
325863
318252
320799
328194
330246
324828
321705
324600
318419
