95883
87597
80736
81678
78831
79876
77958
78734
81100
80700
79344
80496
79898
80140
82771
79170
79829
79058
79783
83266
79902
78582
81608
82877
82519
81738
86471
81123
82097
80959
81781
82336
82428
82284
83098
81264
81509
81397
79397
83402
79941
80630
84147
80047
80818
81844
84453
81030
80404
83331
81861
79470
83122
81456
84747
80569
83527
79945
84082
81144
81321
82780
82318
82113
81970
82183
82833
79397
81099
84297
82029
82732
87230
81806
82199
85071
83015
81903
85353
83389
82011
82911
81245
80706
85455
82163
81137
84777
81123
81350
83851
83525
81891
80757
83511
83388
80176
80913
81786
81184
81611
79760
80823
85548
82409
81995
82598
82068
82804
81600
81833
80326
83387
81907
79887
80997
81676
84961
79932
82361
79527
80003
79640
78885
79910
79957
83600
81174
81308
84984
81436
82316
85437
83523
85191
82285
81060
81385
82180
82705
81832
81297
82896
81840
82461
81873
81024
81495
83494
83316
82369
79723
82229
83053
80933
83410
88596
80931
78229
81993
84224
79234
82624
81784
82860
80167
80923
79102
83850
82458
84875
79997
79214
79963
82093
81699
80912
84027
84417
82920
82729
80109
82194
79409
80155
84259
81153
84312
82967
82844
83680
80850
82526
83408
83503
81430
81628
84165
84312
82225
87048
81700
82430
82179
79883
78674
79287
81910
81548
83832
79386
82272
83198
83137
82321
84180
81048
81122
81285
82433
80499
81495
78952
83168
84382
81098
83694
81320
82239
81077
84174
82731
82188
84227
82771
81638
82434
83126
82830
82763
81877
78189
80977
83003
79679
80334
80989
80404
80172
78960
