162859
155253
155673
155091
154373
155865
158162
156570
157608
156686
156842
159679
154968
159875
154464
158940
162149
162428
157834
156853
166947
164062
163625
166761
167032
162345
163748
158667
166721
163630
163764
159036
158867
160121
168569
162192
167029
165997
156998
158178
161694
162542
159652
158383
159671
159335
161645
161551
161891
171922
165182
166544
169620
167773
166416
165956
161704
164799
164500
166257
161321
161735
159128
167268
159349
165869
162095
170899
159665
157244
160524
161334
162413
161803
157631
161846
163657
164797
166280
167016
160315
165761
163637
168061
167056
168078
165280
161941
160650
163535
167346
162457
161103
159485
161906
162133
165312
158350
161302
164406
162866
167292
164225
162256
158494
159143
164973
163628
166192
164262
163706
159853
167628
167001
165376
166835
166315
164283
159158
165786
159462
164267
164128
162154
162518
164070
164721
163608
161549
164315
160415
170641
165863
166228
167867
161192
163987
160921
162361
164989
162978
160769
166100
167213
168429
165551
166999
168537
163567
162022
168284
165707
159834
162743
163688
163811
168487
162873
161513
162290
161349
157171
162779
167737
161537
161103
157314
161749
159560
161671
162030
160691
158547
168131
165791
165890
168746
164149
162866
163243
162932
163905
164209
161813
158669
166037
160666
164238
165541
163466
157083
158618
158556
167934
167135
159197
161484
161752
158954
172098
163976
161378
160555
165944
164077
165116
168567
169229
164042
180079
175203
165017
166523
160214
165018
162513
165381
166488
161990
168474
161404
160093
167696
159934
158270
162356
158514
160059
161684
165319
163410
162739
162709
162923
166973
167782
166284
169503
167309
163695
163857
160548
166887
165909
161216
162571
161627
165724
169407
163579
