2102
1247
558
183
168
165
165
163
162
163
164
163
161
164
165
163
162
163
168
161
162
161
162
162
163
163
163
163
165
162
161
159
163
161
172
164
162
161
162
163
163
161
161
163
161
163
163
161
163
161
172
171
174
167
168
241
242
230
229
259
247
230
233
230
229
227
271
288
241
173
175
167
165
163
160
167
169
171
173
168
162
253
231
230
234
233
228
227
227
232
228
227
241
169
166
164
163
160
165
170
174
167
169
167
170
170
167
171
183
170
174
171
171
175
171
170
179
176
252
198
190
175
171
172
171
1538
299
170
164
160
162
163
161
161
162
163
162
160
162
161
164
161
167
165
160
174
164
161
162
162
162
226
236
228
226
224
226
224
226
229
230
225
225
226
226
225
225
225
210
164
162
161
161
163
166
169
167
165
165
177
240
237
261
163
164
161
164
161
162
168
169
168
167
164
163
163
162
162
163
161
165
939
1131
180
167
162
163
165
164
162
163
161
162
261
232
229
260
168
163
163
163
163
273
247
259
266
266
1396
410
187
166
163
163
168
161
163
163
161
162
226
164
163
162
162
172
163
162
163
161
224
