3515
1334
718
369
236
305
271
301
232
236
270
271
1400
420
328
345
261
231
224
221
225
227
227
226
244
229
223
222
225
224
225
226
224
229
229
225
225
390
2216
199
163
161
160
160
156
301
255
227
228
226
228
228
222
254
230
224
224
223
227
222
225
157
168
161
159
156
161
163
160
155
158
156
159
157
155
155
156
158
158
156
155
155
157
155
157
155
157
155
157
158
155
155
155
155
381
246
183
170
254
229
273
227
225
225
240
327
649
230
226
226
226
161
163
159
155
156
160
161
177
170
160
159
838
222
189
287
185
199
259
226
178
320
230
1298
215
172
174
171
169
169
167
166
182
165
165
167
166
160
163
164
164
164
163
160
163
161
164
167
161
165
167
166
288
175
162
158
208
165
160
160
161
162
160
1725
237
167
160
159
161
193
157
161
155
156
164
184
162
161
160
160
159
156
160
161
157
155
161
154
158
157
163
161
182
162
160
161
165
166
161
160
159
160
158
160
159
160
158
160
163
164
164
161
615
360
379
181
159
161
158
164
167
198
163
165
163
162
160
160
163
160
159
161
161
161
165
160
158
160
167
161
