13391
11916
11035
10191
10225
10342
10150
10300
10293
10308
9950
9757
9885
10217
9821
10662
10639
10090
10475
10107
9965
9874
10168
10352
10450
10225
10227
10642
11315
10188
10218
10895
10274
10697
10776
10343
10855
11123
10583
10328
10957
10455
10826
10373
10398
10479
10892
11938
11178
10350
10108
11065
10679
10530
11296
10349
11166
11113
10458
10440
10490
10221
10603
10608
10170
10942
10077
10095
10257
10567
10348
10742
10922
10672
11246
10765
10791
10899
13533
10822
10765
10644
10631
10794
10713
10954
10693
10737
15617
10748
11192
10983
10528
10526
10195
12733
15493
14387
10681
9994
11386
10602
10829
10949
10092
10057
10558
9957
10740
10052
10293
10798
10306
10277
10753
9795
10031
10219
9971
9888
9948
10281
10281
10033
10102
10485
10037
10199
10750
10605
10206
9997
10368
10188
10373
10374
10980
9895
10315
9806
10462
10384
10669
10121
11131
10173
9994
10658
10558
10527
12297
12337
12758
15709
13212
11563
11669
10624
10477
11792
11591
11099
11016
11812
10890
11018
11330
10509
11087
11553
10354
10521
10023
10271
10063
10148
10058
10072
10313
10666
9870
9969
9886
10017
9952
9959
10455
9955
10402
9821
9983
10516
10563
10272
10583
10195
10119
10428
11287
10643
10645
10099
10734
10685
10569
10490
10594
10463
10433
10440
10457
10138
10210
10299
9958
10427
10521
9889
9881
10844
10439
10065
10103
10281
10392
10606
10211
10364
9844
10127
10664
10003
9772
9886
10413
10405
9927
9957
10219
9959
10101
10735
9917
11076
10475
10263
10408
10201
9930
9923
