1962
1116
518
147
146
143
146
145
142
140
141
145
148
144
143
145
140
254
360
163
154
153
149
143
141
145
141
146
141
145
141
145
141
145
141
143
145
141
141
1136
216
176
180
182
175
178
178
177
178
180
181
178
179
188
178
178
179
180
182
178
178
178
174
189
190
196
182
200
180
184
264
193
176
173
173
181
182
181
178
178
263
278
271
287
273
266
276
219
190
182
179
180
179
178
177
187
180
173
178
179
179
182
180
181
305
187
176
173
173
252
184
181
180
183
178
181
183
185
189
200
189
186
202
187
190
184
199
189
184
182
184
1180
230
192
190
183
182
189
185
213
185
183
198
178
181
178
180
175
182
298
227
188
179
258
182
179
178
181
178
177
180
180
188
216
184
179
177
306
223
194
182
182
177
177
175
177
175
192
177
176
176
176
182
175
175
176
175
177
175
177
175
176
193
179
176
176
176
173
177
177
177
177
197
185
177
972
1458
327
272
266
263
264
263
266
263
288
261
264
263
347
268
263
267
263
293
193
188
180
185
178
177
185
186
183
186
184
183
178
183
181
183
178
182
182
202
186
182
183
200
201
