2319
1445
650
334
332
312
332
317
333
322
318
312
313
304
311
328
318
310
333
356
329
322
320
351
333
312
369
315
332
323
335
317
314
305
346
338
317
354
323
323
328
322
344
326
314
312
308
308
315
309
313
342
311
310
334
313
331
313
327
312
328
310
340
321
313
340
314
307
315
310
337
310
326
446
398
327
312
313
329
335
382
339
325
322
325
317
327
331
403
327
316
351
322
339
313
328
343
335
317
328
327
345
365
322
347
312
312
309
313
310
308
304
308
311
307
317
869
340
319
327
320
327
344
337
318
315
311
303
307
331
320
439
4932
657
327
310
339
311
313
428
337
330
360
304
336
302
1016
1432
334
302
316
346
330
1096
325
321
364
331
308
304
303
300
303
297
301
339
308
301
313
303
301
316
307
299
315
301
301
302
301
303
309
699
315
303
303
300
309
919
949
336
345
2550
355
309
307
304
311
308
302
330
310
300
308
298
302
333
301
305
364
317
306
300
300
300
342
300
310
317
303
300
310
303
306
582
313
302
1195
479
363
315
308
333
307
299
307
305
302
307
306
310
573
323
308
302
301
307
312
320
321
303
