154391
144956
143112
146016
148022
145952
143024
145937
145426
145571
144149
145719
146193
144429
144416
145124
143327
142207
145205
146742
143644
144565
146921
145303
145603
146275
145105
142166
144263
144084
143602
144241
144000
142546
144133
146270
142952
142675
145866
144500
145731
145769
143434
143962
147006
145429
146042
144258
145980
146738
145482
145081
131747
145412
143774
145416
146580
147539
148567
146003
145861
151082
144164
145637
145892
145346
145365
145155
143496
145875
142402
145275
140482
144217
143808
144928
144392
145615
150544
148386
148658
145839
159694
150805
148352
145841
147560
145735
143974
146603
144715
146009
143494
146585
145081
146688
162693
143919
147222
142487
146516
145883
143299
145365
146118
147113
142359
145236
146167
142189
150573
149086
147382
159109
143441
147547
144768
146665
161186
147253
151136
149362
150290
149436
147648
149829
148152
160127
147913
149555
152640
146775
147527
146964
148598
147697
149538
136863
147432
146493
148557
147994
145062
150831
145478
145110
143034
147188
143939
149773
143213
143231
142279
144656
141357
141494
146245
142682
145441
143578
145542
144036
144797
145865
145326
142574
141055
144580
145742
144301
144298
145463
148942
147291
148934
143987
145384
147069
145102
146355
144004
139094
145676
144553
145403
144977
143230
144802
147121
149635
156625
146974
142941
145450
145366
146285
147672
141887
146644
146423
141227
145225
144453
144312
144551
144705
141692
141644
144384
144139
145988
146024
144991
145964
145282
143860
146409
144838
146045
148270
144198
144353
145583
142121
146389
145005
145066
146097
149184
145045
146327
143049
143474
146229
144263
143256
144984
143680
144151
146814
146668
145579
143636
144688
144326
142701
145964
144474
144510
145137
